Sample in Buffer,Sample in Window,TRIGGER,adc1_data_a_d0[11:0],adc1_data_b_d0[11:0]
0,0,0,2046,289
1,1,0,2046,1001
2,2,0,2047,1954
3,3,0,2047,2927
4,4,0,2047,3692
5,5,0,2047,4074
6,6,0,2047,3981
7,7,0,2046,3435
8,8,0,2046,2565
9,9,0,2047,1572
10,10,0,2047,687
11,11,0,2046,117
12,12,0,2046,0
13,13,0,2046,347
14,14,0,2047,1095
15,15,0,2047,2061
16,16,0,2047,3022
17,17,0,2047,3754
18,18,0,2047,4087
19,19,0,2046,3943
20,20,0,2047,3355
21,21,0,2046,2461
22,22,0,2047,1468
23,23,0,2047,608
24,24,0,2046,81
25,25,0,2046,10
26,26,0,2047,411
27,27,0,2046,1190
28,28,0,2046,2168
29,29,0,2046,3115
30,30,0,2047,3811
31,31,0,2046,4094
32,32,0,2046,3899
33,33,0,2046,3271
34,34,0,2046,2355
35,35,0,2046,1365
36,36,0,2046,533
37,37,0,2046,50
38,38,0,2046,31
39,39,0,2046,479
40,40,0,2046,1290
41,41,0,2046,2275
42,42,0,2046,3205
43,43,0,2046,3864
44,44,0,2046,4095
45,45,0,2046,3852
46,46,0,2046,3183
47,47,0,2046,2249
48,48,0,2046,1266
49,49,0,2046,462
50,50,0,2046,25
51,51,0,2046,57
52,52,0,2046,551
53,53,0,2046,1390
54,54,0,2046,2380
55,55,0,2046,3291
56,56,0,2046,3910
57,57,0,2046,4094
58,58,0,2046,3798
59,59,0,2046,3093
60,60,0,2046,2141
61,61,0,2046,1168
62,62,0,2046,396
63,63,0,2046,5
64,64,0,2046,89
65,65,0,2047,626
66,66,0,2047,1492
67,67,0,2047,2486
68,68,0,2046,3375
69,69,0,2047,3952
70,70,0,2046,4084
71,71,0,2046,3740
72,72,0,2046,2999
73,73,0,2046,2035
74,74,0,2046,1072
75,75,0,2046,333
76,76,0,2047,0
77,77,0,2047,126
78,78,0,2047,707
79,79,0,2047,1597
80,80,0,2047,2589
81,81,0,2046,3454
82,82,0,2046,3989
83,83,0,2046,4069
84,84,0,2047,3677
85,85,0,2047,2903
86,86,0,2046,1928
87,87,0,2046,979
88,88,0,2046,275
89,89,0,2046,0
90,90,0,2047,169
91,91,0,2045,789
92,92,0,2046,1701
93,93,0,2046,2692
94,94,0,2046,3530
95,95,0,2046,4021
96,96,0,2047,4050
97,97,0,2047,3610
98,98,0,2046,2806
99,99,0,2046,1822
100,100,0,2047,888
101,101,0,2046,223
102,102,0,2046,0
103,103,0,2047,216
104,104,0,2047,876
105,105,0,2046,1807
106,106,0,2047,2792
107,107,0,2047,3601
108,108,0,2046,4046
109,109,0,2047,4024
110,110,0,2046,3539
111,111,0,2046,2705
112,112,0,2046,1716
113,113,0,2047,801
114,114,0,2046,175
115,115,0,2047,0
116,116,0,2046,268
117,117,0,2047,966
118,118,0,2047,1914
119,119,0,2047,2891
120,120,0,2047,3669
121,121,0,2047,4068
122,122,0,2046,3994
123,123,0,2046,3464
124,124,0,2046,2603
125,125,0,2046,1610
126,126,0,2047,717
127,127,0,2046,132
128,128,0,2046,0
129,129,0,2046,325
130,130,0,2047,1059
131,131,0,2046,2022
132,132,0,2046,2987
133,133,0,2047,3732
134,134,0,2047,4083
135,135,0,2046,3958
136,136,0,2046,3385
137,137,0,2047,2499
138,138,0,2047,1507
139,139,0,2046,636
140,140,0,2047,93
141,141,0,2046,3
142,142,0,2046,386
143,143,0,2046,1155
144,144,0,2046,2129
145,145,0,2046,3081
146,146,0,2047,3791
147,147,0,2046,4092
148,148,0,2046,3915
149,149,0,2047,3303
150,150,0,2046,2394
151,151,0,2046,1404
152,152,0,2046,560
153,153,0,2047,61
154,154,0,2046,22
155,155,0,2047,453
156,156,0,2046,1253
157,157,0,2046,2235
158,158,0,2047,3171
159,159,0,2046,3844
160,160,0,2047,4095
161,161,0,2047,3869
162,162,0,2046,3217
163,163,0,2046,2289
164,164,0,2046,1302
165,165,0,2046,488
166,166,0,2046,34
167,167,0,2046,47
168,168,0,2046,524
169,169,0,2047,1353
170,170,0,2046,2341
171,171,0,2047,3259
172,172,0,2046,3893
173,173,0,2047,4095
174,174,0,2047,3818
175,175,0,2046,3127
176,176,0,2046,2182
177,177,0,2047,1204
178,178,0,2046,419
179,179,0,2046,12
180,180,0,2046,77
181,181,0,2046,598
182,182,0,2046,1454
183,183,0,2047,2447
184,184,0,2047,3344
185,185,0,2046,3938
186,186,0,2047,4088
187,187,0,2046,3762
188,188,0,2046,3035
189,189,0,2046,2075
190,190,0,2047,1107
191,191,0,2047,355
192,192,0,2047,0
193,193,0,2047,112
194,194,0,2047,676
195,195,0,2046,1557
196,196,0,2047,2550
197,197,0,2047,3426
198,198,0,2047,3976
199,199,0,2046,4076
200,200,0,2046,3702
201,201,0,2046,2940
202,202,0,2047,1968
203,203,0,2046,1013
204,204,0,2046,296
205,205,0,2046,0
206,206,0,2046,153
207,207,0,2046,759
208,208,0,2046,1662
209,209,0,2046,2654
210,210,0,2046,3502
211,211,0,2046,4010
212,212,0,2046,4058
213,213,0,2046,3636
214,214,0,2046,2842
215,215,0,2046,1861
216,216,0,2046,921
217,217,0,2047,242
218,218,0,2046,0
219,219,0,2046,198
220,220,0,2046,842
221,221,0,2046,1768
222,222,0,2047,2755
223,223,0,2046,3576
224,224,0,2046,4038
225,225,0,2046,4034
226,226,0,2046,3567
227,227,0,2046,2742
228,228,0,2046,1754
229,229,0,2046,833
230,230,0,2047,191
231,231,0,2046,0
232,232,0,2047,248
233,233,0,2047,933
234,234,0,2046,1875
235,235,0,2046,2855
236,236,0,2046,3644
237,237,0,2046,4060
238,238,0,2047,4006
239,239,0,2046,3493
240,240,0,2046,2641
241,241,0,2046,1649
242,242,0,2047,748
243,243,0,2046,146
244,244,0,2045,0
245,245,0,2046,304
246,246,0,2046,1024
247,247,0,2046,1982
248,248,0,2046,2952
249,249,0,2046,3710
250,250,0,2046,4078
251,251,0,2046,3971
252,252,0,2046,3415
253,253,0,2046,2537
254,254,0,2046,1545
255,255,0,2046,666
256,256,0,2047,107
257,257,0,2046,0
258,258,0,2046,364
259,259,0,2047,1119
260,260,0,2047,2088
261,261,0,2047,3047
262,262,0,2046,3769
263,263,0,2046,4090
264,264,0,2047,3932
265,265,0,2047,3333
266,266,0,2046,2433
267,267,0,2046,1441
268,268,0,2047,589
269,269,0,2047,72
270,270,0,2047,15
271,271,0,2047,428
272,272,0,2047,1216
273,273,0,2046,2195
274,274,0,2047,3139
275,275,0,2047,3825
276,276,0,2047,4095
277,277,0,2046,3887
278,278,0,2046,3249
279,279,0,2046,2328
280,280,0,2047,1340
281,281,0,2046,515
282,282,0,2046,43
283,283,0,2047,37
284,284,0,2047,497
285,285,0,2047,1315
286,286,0,2046,2302
287,287,0,2047,3228
288,288,0,2047,3877
289,289,0,2045,4095
290,290,0,2046,3838
291,291,0,2046,3161
292,292,0,2047,2221
293,293,0,2046,1240
294,294,0,2046,444
295,295,0,2046,19
296,296,0,2046,65
297,297,0,2047,570
298,298,0,2046,1416
299,299,0,2047,2408
300,300,0,2046,3314
301,301,0,2046,3922
302,302,0,2046,4092
303,303,0,2047,3784
304,304,0,2046,3069
305,305,0,2046,2114
306,306,0,2046,1143
307,307,0,2046,379
308,308,0,2047,2
309,309,0,2046,98
310,310,0,2046,647
311,311,0,2046,1520
312,312,0,2047,2513
313,313,0,2046,3396
314,314,0,2046,3961
315,315,0,2047,4081
316,316,0,2047,3724
317,317,0,2046,2975
318,318,0,2046,2007
319,319,0,2046,1047
320,320,0,2047,317
321,321,0,2046,0
322,322,0,2046,136
323,323,0,2047,727
324,324,0,2046,1624
325,325,0,2046,2615
326,326,0,2046,3474
327,327,0,2046,3997
328,328,0,2047,4065
329,329,0,2046,3661
330,330,0,2047,2878
331,331,0,2047,1901
332,332,0,2047,954
333,333,0,2046,261
334,334,0,2047,0
335,335,0,2046,181
336,336,0,2046,812
337,337,0,2047,1730
338,338,0,2047,2718
339,339,0,2046,3549
340,340,0,2047,4028
341,341,0,2047,4044
342,342,0,2047,3592
343,343,0,2047,2779
344,344,0,2046,1794
345,345,0,2047,865
346,346,0,2047,209
347,347,0,2046,0
348,348,0,2046,228
349,349,0,2046,899
350,350,0,2047,1836
351,351,0,2046,2818
352,352,0,2046,3620
353,353,0,2046,4053
354,354,0,2047,4018
355,355,0,2046,3520
356,356,0,2047,2679
357,357,0,2046,1688
358,358,0,2047,779
359,359,0,2047,163
360,360,0,2046,0
361,361,0,2046,283
362,362,0,2046,990
363,363,0,2047,1943
364,364,0,2046,2916
365,365,0,2046,3685
366,366,0,2046,4072
367,367,0,2047,3985
368,368,0,2046,3444
369,369,0,2047,2576
370,370,0,2047,1583
371,371,0,2046,696
372,372,0,2047,122
373,373,0,2047,0
374,374,0,2046,341
375,375,0,2047,1083
376,376,0,2047,2048
377,377,0,2046,3012
378,378,0,2047,3748
379,379,0,2047,4087
380,380,0,2047,3947
381,381,0,2047,3364
382,382,0,2046,2472
383,383,0,2046,1480
384,384,0,2047,617
385,385,0,2046,85
386,386,0,2046,8
387,387,0,2047,404
388,388,0,2047,1180
389,389,0,2047,2156
390,390,0,2046,3105
391,391,0,2047,3806
392,392,0,2046,4094
393,393,0,2047,3905
394,394,0,2046,3280
395,395,0,2047,2367
396,396,0,2046,1377
397,397,0,2046,540
398,398,0,2047,54
399,399,0,2046,28
400,400,0,2046,471
401,401,0,2046,1278
402,402,0,2047,2263
403,403,0,2046,3195
404,404,0,2046,3858
405,405,0,2047,4095
406,406,0,2046,3857
407,407,0,2046,3194
408,408,0,2046,2261
409,409,0,2046,1277
410,410,0,2047,470
411,411,0,2047,29
412,412,0,2046,54
413,413,0,2046,543
414,414,0,2046,1379
415,415,0,2047,2369
416,416,0,2046,3282
417,417,0,2046,3906
418,418,0,2047,4095
419,419,0,2046,3804
420,420,0,2046,3104
421,421,0,2046,2154
422,422,0,2046,1179
423,423,0,2046,402
424,424,0,2046,8
425,425,0,2046,86
426,426,0,2047,617
427,427,0,2046,1481
428,428,0,2046,2474
429,429,0,2046,3365
430,430,0,2046,3948
431,431,0,2046,4085
432,432,0,2046,3747
433,433,0,2047,3011
434,434,0,2046,2047
435,435,0,2047,1083
436,436,0,2047,340
437,437,0,2047,0
438,438,0,2046,121
439,439,0,2047,697
440,440,0,2046,1585
441,441,0,2047,2578
442,442,0,2046,3445
443,443,0,2047,3985
444,444,0,2047,4073
445,445,0,2045,3686
446,446,0,2047,2914
447,447,0,2046,1941
448,448,0,2047,989
449,449,0,2046,282
450,450,0,2046,0
451,451,0,2046,164
452,452,0,2047,780
453,453,0,2047,1690
454,454,0,2046,2680
455,455,0,2047,3521
456,456,0,2047,4018
457,457,0,2046,4052
458,458,0,2047,3619
459,459,0,2046,2817
460,460,0,2046,1834
461,461,0,2046,898
462,462,0,2046,228
463,463,0,2047,0
464,464,0,2046,210
465,465,0,2046,867
466,466,0,2046,1795
467,467,0,2046,2782
468,468,0,2046,3594
469,469,0,2046,4044
470,470,0,2047,4028
471,471,0,2047,3548
472,472,0,2047,2716
473,473,0,2046,1728
474,474,0,2047,811
475,475,0,2047,179
476,476,0,2046,0
477,477,0,2046,262
478,478,0,2046,957
479,479,0,2046,1903
480,480,0,2046,2880
481,481,0,2047,3662
482,482,0,2047,4066
483,483,0,2047,3998
484,484,0,2047,3473
485,485,0,2046,2614
486,486,0,2046,1622
487,487,0,2046,726
488,488,0,2046,136
489,489,0,2046,0
490,490,0,2046,318
491,491,0,2047,1048
492,492,0,2046,2009
493,493,0,2046,2976
494,494,0,2046,3725
495,495,0,2047,4082
496,496,0,2046,3962
497,497,0,2046,3395
498,498,0,2046,2511
499,499,0,2046,1518
500,500,0,2047,646
501,501,0,2046,98
502,502,0,2047,2
503,503,0,2047,379
504,504,0,2047,1144
505,505,0,2047,2117
506,506,0,2047,3070
507,507,0,2046,3785
508,508,0,2046,4091
509,509,0,2046,3921
510,510,0,2046,3312
511,511,0,2046,2406
512,512,0,2047,1415
513,513,0,2047,568
514,514,0,2046,65
515,515,0,2046,20
516,516,0,2046,446
517,517,0,2047,1242
518,518,0,2047,2224
519,519,0,2047,3161
520,520,0,2046,3838
521,521,0,2046,4095
522,522,0,2046,3875
523,523,0,2046,3226
524,524,0,2047,2301
525,525,0,2047,1314
526,526,0,2046,496
527,527,0,2046,37
528,528,0,2046,44
529,529,0,2046,515
530,530,0,2046,1341
531,531,0,2046,2329
532,532,0,2046,3249
533,533,0,2047,3889
534,534,0,2046,4095
535,535,0,2046,3824
536,536,0,2046,3137
537,537,0,2046,2194
538,538,0,2046,1214
539,539,0,2046,427
540,540,0,2047,14
541,541,0,2046,73
542,542,0,2046,589
543,543,0,2047,1443
544,544,0,2046,2434
545,545,0,2047,3335
546,546,0,2047,3933
547,547,0,2046,4090
548,548,0,2047,3769
549,549,0,2046,3045
550,550,0,2046,2087
551,551,0,2046,1118
552,552,0,2046,363
553,553,0,2046,0
554,554,0,2047,108
555,555,0,2046,668
556,556,0,2046,1546
557,557,0,2047,2540
558,558,0,2046,3415
559,559,0,2046,3972
560,560,0,2046,4078
561,561,0,2046,3708
562,562,0,2046,2950
563,563,0,2046,1980
564,564,0,2046,1023
565,565,0,2046,303
566,566,0,2046,0
567,567,0,2047,147
568,568,0,2046,749
569,569,0,2046,1651
570,570,0,2046,2642
571,571,0,2047,3494
572,572,0,2047,4006
573,573,0,2047,4060
574,574,0,2047,3644
575,575,0,2046,2853
576,576,0,2047,1873
577,577,0,2047,931
578,578,0,2046,247
579,579,0,2047,0
580,580,0,2047,192
581,581,0,2047,833
582,582,0,2046,1756
583,583,0,2047,2744
584,584,0,2046,3568
585,585,0,2046,4035
586,586,0,2047,4037
587,587,0,2046,3574
588,588,0,2046,2754
589,589,0,2046,1767
590,590,0,2046,843
591,591,0,2046,196
592,592,0,2046,0
593,593,0,2046,242
594,594,0,2046,922
595,595,0,2047,1863
596,596,0,2047,2844
597,597,0,2046,3637
598,598,0,2047,4058
599,599,0,2047,4009
600,600,0,2046,3501
601,601,0,2046,2652
602,602,0,2047,1661
603,603,0,2047,757
604,604,0,2047,151
605,605,0,2047,0
606,606,0,2047,297
607,607,0,2046,1014
608,608,0,2046,1969
609,609,0,2047,2941
610,610,0,2047,3702
611,611,0,2046,4076
612,612,0,2047,3977
613,613,0,2047,3424
614,614,0,2046,2549
615,615,0,2046,1556
616,616,0,2047,675
617,617,0,2047,112
618,618,0,2046,0
619,619,0,2047,357
620,620,0,2046,1108
621,621,0,2047,2077
622,622,0,2046,3036
623,623,0,2046,3763
624,624,0,2046,4089
625,625,0,2047,3937
626,626,0,2046,3344
627,627,0,2046,2445
628,628,0,2046,1453
629,629,0,2047,597
630,630,0,2046,76
631,631,0,2047,12
632,632,0,2046,421
633,633,0,2046,1204
634,634,0,2047,2184
635,635,0,2046,3128
636,636,0,2047,3819
637,637,0,2046,4095
638,638,0,2046,3894
639,639,0,2046,3259
640,640,0,2047,2340
641,641,0,2046,1351
642,642,0,2046,523
643,643,0,2046,47
644,644,0,2046,34
645,645,0,2046,489
646,646,0,2047,1304
647,647,0,2047,2291
648,648,0,2046,3218
649,649,0,2047,3871
650,650,0,2046,4095
651,651,0,2046,3843
652,652,0,2047,3171
653,653,0,2046,2233
654,654,0,2046,1251
655,655,0,2047,452
656,656,0,2047,22
657,657,0,2046,62
658,658,0,2046,562
659,659,0,2047,1404
660,660,0,2046,2395
661,661,0,2047,3303
662,662,0,2047,3917
663,663,0,2047,4093
664,664,0,2047,3790
665,665,0,2046,3079
666,666,0,2046,2127
667,667,0,2047,1153
668,668,0,2046,387
669,669,0,2046,3
670,670,0,2046,94
671,671,0,2047,638
672,672,0,2047,1508
673,673,0,2046,2501
674,674,0,2046,3386
675,675,0,2047,3958
676,676,0,2046,4083
677,677,0,2046,3731
678,678,0,2046,2985
679,679,0,2046,2020
680,680,0,2046,1058
681,681,0,2046,324
682,682,0,2046,0
683,683,0,2046,132
684,684,0,2046,718
685,685,0,2047,1611
686,686,0,2046,2605
687,687,0,2047,3465
688,688,0,2046,3994
689,689,0,2047,4067
690,690,0,2046,3669
691,691,0,2046,2889
692,692,0,2046,1912
693,693,0,2047,966
694,694,0,2046,267
695,695,0,2047,0
696,696,0,2046,175
697,697,0,2046,802
698,698,0,2046,1717
699,699,0,2046,2707
700,700,0,2046,3540
701,701,0,2047,4024
702,702,0,2046,4047
703,703,0,2047,3601
704,704,0,2046,2791
705,705,0,2046,1807
706,706,0,2047,876
707,707,0,2046,215
708,708,0,2047,0
709,709,0,2047,223
710,710,0,2046,889
711,711,0,2046,1824
712,712,0,2047,2806
713,713,0,2047,3612
714,714,0,2046,4051
715,715,0,2046,4020
716,716,0,2047,3530
717,717,0,2046,2691
718,718,0,2046,1700
719,719,0,2046,789
720,720,0,2046,168
721,721,0,2047,0
722,722,0,2046,276
723,723,0,2046,980
724,724,0,2047,1930
725,725,0,2047,2905
726,726,0,2047,3678
727,727,0,2047,4070
728,728,0,2046,3988
729,729,0,2046,3453
730,730,0,2047,2588
731,731,0,2046,1595
732,732,0,2046,706
733,733,0,2046,126
734,734,0,2046,0
735,735,0,2046,334
736,736,0,2047,1073
737,737,0,2046,2036
738,738,0,2046,3001
739,739,0,2046,3742
740,740,0,2047,4084
741,741,0,2046,3952
742,742,0,2046,3374
743,743,0,2047,2484
744,744,0,2046,1491
745,745,0,2046,626
746,746,0,2047,88
747,747,0,2047,5
748,748,0,2046,396
749,749,0,2046,1168
750,750,0,2047,2143
751,751,0,2046,3093
752,752,0,2046,3800
753,753,0,2047,4093
754,754,0,2047,3910
755,755,0,2046,3290
756,756,0,2046,2380
757,757,0,2046,1389
758,758,0,2046,550
759,759,0,2047,57
760,760,0,2046,26
761,761,0,2047,463
762,762,0,2047,1267
763,763,0,2047,2251
764,764,0,2046,3185
765,765,0,2046,3851
766,766,0,2046,4095
767,767,0,2046,3862
768,768,0,2047,3203
769,769,0,2046,2273
770,770,0,2046,1288
771,771,0,2046,478
772,772,0,2046,30
773,773,0,2046,51
774,774,0,2046,534
775,775,0,2047,1367
776,776,0,2046,2357
777,777,0,2046,3272
778,778,0,2047,3900
779,779,0,2046,4095
780,780,0,2046,3811
781,781,0,2046,3114
782,782,0,2047,2167
783,783,0,2046,1189
784,784,0,2046,410
785,785,0,2046,10
786,786,0,2046,81
787,787,0,2046,609
788,788,0,2046,1469
789,789,0,2047,2461
790,790,0,2046,3356
791,791,0,2046,3943
792,792,0,2047,4087
793,793,0,2047,3753
794,794,0,2046,3022
795,795,0,2047,2059
796,796,0,2047,1093
797,797,0,2046,347
798,798,0,2047,0
799,799,0,2046,117
800,800,0,2046,687
801,801,0,2047,1573
802,802,0,2046,2566
803,803,0,2047,3436
804,804,0,2046,3981
805,805,0,2047,4074
806,806,0,2047,3692
807,807,0,2047,2925
808,808,0,2046,1952
809,809,0,2046,1000
810,810,0,2046,289
811,811,0,2046,0
812,812,0,2047,159
813,813,0,2046,771
814,814,0,2046,1678
815,815,0,2046,2669
816,816,0,2046,3512
817,817,0,2046,4014
818,818,0,2046,4055
819,819,0,2046,3626
820,820,0,2046,2828
821,821,0,2047,1846
822,822,0,2047,908
823,823,0,2047,234
824,824,0,2046,0
825,825,0,2046,205
826,826,0,2046,856
827,827,0,2046,1783
828,828,0,2046,2770
829,829,0,2046,3585
830,830,0,2047,4041
831,831,0,2047,4031
832,832,0,2047,3556
833,833,0,2046,2727
834,834,0,2047,1740
835,835,0,2047,820
836,836,0,2046,185
837,837,0,2046,0
838,838,0,2046,256
839,839,0,2047,946
840,840,0,2046,1890
841,841,0,2046,2869
842,842,0,2046,3654
843,843,0,2047,4063
844,844,0,2046,4001
845,845,0,2047,3481
846,846,0,2046,2626
847,847,0,2046,1633
848,848,0,2046,735
849,849,0,2045,141
850,850,0,2046,0
851,851,0,2047,311
852,852,0,2046,1037
853,853,0,2046,1997
854,854,0,2046,2966
855,855,0,2046,3718
856,856,0,2047,4080
857,857,0,2046,3967
858,858,0,2046,3404
859,859,0,2046,2523
860,860,0,2046,1530
861,861,0,2047,655
862,862,0,2046,102
863,863,0,2046,0
864,864,0,2047,372
865,865,0,2046,1133
866,866,0,2047,2104
867,867,0,2046,3060
868,868,0,2046,3778
869,869,0,2046,4091
870,870,0,2047,3926
871,871,0,2046,3322
872,872,0,2046,2418
873,873,0,2046,1427
874,874,0,2046,577
875,875,0,2046,68
876,876,0,2046,17
877,877,0,2046,437
878,878,0,2047,1230
879,879,0,2047,2211
880,880,0,2047,3151
881,881,0,2046,3833
882,882,0,2047,4095
883,883,0,2047,3881
884,884,0,2046,3236
885,885,0,2046,2313
886,886,0,2047,1325
887,887,0,2046,504
888,888,0,2047,40
889,889,0,2046,41
890,890,0,2046,507
891,891,0,2046,1330
892,892,0,2046,2317
893,893,0,2046,3240
894,894,0,2047,3883
895,895,0,2047,4095
896,896,0,2046,3831
897,897,0,2046,3148
898,898,0,2046,2206
899,899,0,2047,1226
900,900,0,2047,434
901,901,0,2047,17
902,902,0,2046,69
903,903,0,2047,581
904,904,0,2046,1431
905,905,0,2046,2423
906,906,0,2046,3325
907,907,0,2047,3928
908,908,0,2046,4091
909,909,0,2047,3776
910,910,0,2046,3055
911,911,0,2046,2099
912,912,0,2046,1128
913,913,0,2046,370
914,914,0,2047,0
915,915,0,2046,103
916,916,0,2046,658
917,917,0,2046,1535
918,918,0,2047,2528
919,919,0,2047,3406
920,920,0,2047,3967
921,921,0,2046,4079
922,922,0,2047,3716
923,923,0,2047,2961
924,924,0,2047,1992
925,925,0,2047,1034
926,926,0,2046,309
927,927,0,2046,0
928,928,0,2046,143
929,929,0,2047,740
930,930,0,2047,1638
931,931,0,2046,2631
932,932,0,2046,3485
933,933,0,2046,4003
934,934,0,2047,4063
935,935,0,2046,3651
936,936,0,2046,2865
937,937,0,2046,1885
938,938,0,2046,942
939,939,0,2046,253
940,940,0,2046,0
941,941,0,2046,187
942,942,0,2046,824
943,943,0,2046,1744
944,944,0,2046,2732
945,945,0,2047,3559
946,946,0,2046,4032
947,947,0,2047,4040
948,948,0,2046,3583
949,949,0,2047,2765
950,950,0,2046,1779
951,951,0,2047,853
952,952,0,2047,203
953,953,0,2046,0
954,954,0,2046,236
955,955,0,2046,912
956,956,0,2046,1851
957,957,0,2047,2832
958,958,0,2046,3629
959,959,0,2046,4056
960,960,0,2046,4013
961,961,0,2046,3510
962,962,0,2046,2664
963,963,0,2046,1673
964,964,0,2046,767
965,965,0,2046,157
966,966,0,2046,0
967,967,0,2047,290
968,968,0,2046,1003
969,969,0,2047,1957
970,970,0,2047,2930
971,971,0,2047,3695
972,972,0,2046,4075
973,973,0,2046,3980
974,974,0,2046,3433
975,975,0,2046,2561
976,976,0,2046,1569
977,977,0,2046,684
978,978,0,2047,116
979,979,0,2047,0
980,980,0,2046,350
981,981,0,2046,1097
982,982,0,2046,2064
983,983,0,2046,3025
984,984,0,2046,3756
985,985,0,2046,4087
986,986,0,2047,3942
987,987,0,2046,3353
988,988,0,2045,2457
989,989,0,2046,1465
990,990,0,2046,606
991,991,0,2046,80
992,992,0,2046,10
993,993,0,2046,413
994,994,0,2046,1194
995,995,0,2047,2171
996,996,0,2046,3118
997,997,0,2046,3814
998,998,0,2047,4094
999,999,0,2046,3898
1000,1000,0,2046,3268
1001,1001,0,2046,2352
1002,1002,0,2046,1362
1003,1003,0,2046,530
1004,1004,0,2047,49
1005,1005,0,2046,32
1006,1006,0,2046,481
1007,1007,0,2046,1293
1008,1008,0,2047,2278
1009,1009,0,2046,3207
1010,1010,0,2047,3865
1011,1011,0,2046,4095
1012,1012,0,2046,3849
1013,1013,0,2046,3180
1014,1014,0,2046,2246
1015,1015,0,2046,1262
1016,1016,0,2046,460
1017,1017,0,2047,24
1018,1018,0,2046,58
1019,1019,0,2046,553
1020,1020,0,2046,1394
1021,1021,0,2047,2384
1022,1022,0,2046,3294
1023,1023,0,2046,3912
1024,1024,0,2046,4093
1025,1025,0,2046,3796
1026,1026,0,2047,3090
1027,1027,0,2046,2139
1028,1028,0,2046,1164
1029,1029,0,2047,394
1030,1030,0,2046,6
1031,1031,0,2046,90
1032,1032,0,2046,629
1033,1033,0,2046,1497
1034,1034,0,2047,2489
1035,1035,0,2046,3378
1036,1036,0,2046,3954
1037,1037,0,2046,4084
1038,1038,0,2046,3739
1039,1039,0,2046,2996
1040,1040,0,2047,2032
1041,1041,0,2047,1069
1042,1042,0,2046,331
1043,1043,0,2046,0
1044,1044,0,2046,127
1045,1045,0,2046,709
1046,1046,0,2047,1600
1047,1047,0,2046,2592
1048,1048,0,2046,3456
1049,1049,0,2046,3989
1050,1050,0,2046,4070
1051,1051,0,2047,3676
1052,1052,0,2046,2901
1053,1053,0,2046,1925
1054,1054,0,2046,975
1055,1055,0,2047,274
1056,1056,0,2046,0
1057,1057,0,2046,170
1058,1058,0,2046,793
1059,1059,0,2046,1705
1060,1060,0,2046,2695
1061,1061,0,2047,3531
1062,1062,0,2047,4022
1063,1063,0,2045,4049
1064,1064,0,2046,3609
1065,1065,0,2047,2803
1066,1066,0,2046,1818
1067,1067,0,2047,886
1068,1068,0,2046,221
1069,1069,0,2046,0
1070,1070,0,2046,218
1071,1071,0,2046,879
1072,1072,0,2046,1811
1073,1073,0,2046,2796
1074,1074,0,2046,3604
1075,1075,0,2046,4048
1076,1076,0,2047,4024
1077,1077,0,2046,3538
1078,1078,0,2045,2702
1079,1079,0,2046,1712
1080,1080,0,2046,798
1081,1081,0,2046,173
1082,1082,0,2046,0
1083,1083,0,2046,270
1084,1084,0,2047,969
1085,1085,0,2046,1918
1086,1086,0,2046,2894
1087,1087,0,2046,3671
1088,1088,0,2046,4068
1089,1089,0,2046,3993
1090,1090,0,2047,3462
1091,1091,0,2046,2599
1092,1092,0,2047,1607
1093,1093,0,2046,715
1094,1094,0,2046,129
1095,1095,0,2047,0
1096,1096,0,2046,327
1097,1097,0,2047,1062
1098,1098,0,2046,2025
1099,1099,0,2046,2990
1100,1100,0,2046,3733
1101,1101,0,2046,4083
1102,1102,0,2047,3957
1103,1103,0,2047,3383
1104,1104,0,2046,2497
1105,1105,0,2046,1503
1106,1106,0,2047,634
1107,1107,0,2046,92
1108,1108,0,2047,4
1109,1109,0,2047,388
1110,1110,0,2046,1158
1111,1111,0,2046,2132
1112,1112,0,2046,3084
1113,1113,0,2046,3792
1114,1114,0,2046,4093
1115,1115,0,2047,3915
1116,1116,0,2046,3300
1117,1117,0,2046,2391
1118,1118,0,2046,1400
1119,1119,0,2046,558
1120,1120,0,2047,60
1121,1121,0,2046,23
1122,1122,0,2047,455
1123,1123,0,2047,1256
1124,1124,0,2046,2238
1125,1125,0,2047,3175
1126,1126,0,2047,3846
1127,1127,0,2046,4095
1128,1128,0,2046,3869
1129,1129,0,2046,3214
1130,1130,0,2046,2285
1131,1131,0,2047,1300
1132,1132,0,2046,485
1133,1133,0,2046,33
1134,1134,0,2046,48
1135,1135,0,2047,525
1136,1136,0,2046,1356
1137,1137,0,2045,2344
1138,1138,0,2046,3261
1139,1139,0,2046,3894
1140,1140,0,2046,4095
1141,1141,0,2046,3817
1142,1142,0,2046,3124
1143,1143,0,2046,2179
1144,1144,0,2046,1201
1145,1145,0,2046,418
1146,1146,0,2046,12
1147,1147,0,2046,77
1148,1148,0,2047,599
1149,1149,0,2046,1457
1150,1150,0,2046,2450
1151,1151,0,2047,3347
1152,1152,0,2046,3939
1153,1153,0,2047,4088
1154,1154,0,2046,3761
1155,1155,0,2047,3031
1156,1156,0,2046,2072
1157,1157,0,2046,1105
1158,1158,0,2047,354
1159,1159,0,2046,0
1160,1160,0,2047,113
1161,1161,0,2046,678
1162,1162,0,2046,1561
1163,1163,0,2046,2554
1164,1164,0,2046,3427
1165,1165,0,2047,3977
1166,1166,0,2046,4076
1167,1167,0,2047,3700
1168,1168,0,2047,2937
1169,1169,0,2046,1965
1170,1170,0,2047,1011
1171,1171,0,2046,295
1172,1172,0,2046,0
1173,1173,0,2046,154
1174,1174,0,2046,761
1175,1175,0,2047,1665
1176,1176,0,2047,2657
1177,1177,0,2046,3504
1178,1178,0,2046,4011
1179,1179,0,2047,4057
1180,1180,0,2046,3635
1181,1181,0,2047,2839
1182,1182,0,2046,1858
1183,1183,0,2046,919
1184,1184,0,2046,240
1185,1185,0,2046,0
1186,1186,0,2046,199
1187,1187,0,2046,846
1188,1188,0,2046,1771
1189,1189,0,2046,2758
1190,1190,0,2046,3578
1191,1191,0,2046,4038
1192,1192,0,2047,4034
1193,1193,0,2046,3565
1194,1194,0,2046,2739
1195,1195,0,2047,1751
1196,1196,0,2047,830
1197,1197,0,2047,190
1198,1198,0,2047,0
1199,1199,0,2047,250
1200,1200,0,2046,935
1201,1201,0,2046,1878
1202,1202,0,2047,2858
1203,1203,0,2047,3646
1204,1204,0,2046,4061
1205,1205,0,2046,4006
1206,1206,0,2047,3490
1207,1207,0,2046,2639
1208,1208,0,2046,1646
1209,1209,0,2047,745
1210,1210,0,2046,146
1211,1211,0,2047,0
1212,1212,0,2046,305
1213,1213,0,2047,1028
1214,1214,0,2047,1985
1215,1215,0,2046,2955
1216,1216,0,2046,3712
1217,1217,0,2047,4079
1218,1218,0,2046,3970
1219,1219,0,2046,3412
1220,1220,0,2047,2535
1221,1221,0,2047,1542
1222,1222,0,2046,664
1223,1223,0,2045,106
1224,1224,0,2047,0
1225,1225,0,2047,365
1226,1226,0,2047,1122
1227,1227,0,2047,2092
1228,1228,0,2046,3049
1229,1229,0,2046,3771
1230,1230,0,2046,4090
1231,1231,0,2047,3932
1232,1232,0,2046,3331
1233,1233,0,2046,2430
1234,1234,0,2047,1439
1235,1235,0,2046,586
1236,1236,0,2046,72
1237,1237,0,2046,15
1238,1238,0,2047,430
1239,1239,0,2047,1219
1240,1240,0,2046,2199
1241,1241,0,2046,3141
1242,1242,0,2047,3827
1243,1243,0,2046,4095
1244,1244,0,2046,3886
1245,1245,0,2046,3246
1246,1246,0,2046,2324
1247,1247,0,2046,1337
1248,1248,0,2046,513
1249,1249,0,2046,43
1250,1250,0,2047,38
1251,1251,0,2046,499
1252,1252,0,2046,1318
1253,1253,0,2047,2305
1254,1254,0,2047,3230
1255,1255,0,2047,3878
1256,1256,0,2046,4095
1257,1257,0,2046,3837
1258,1258,0,2047,3158
1259,1259,0,2046,2218
1260,1260,0,2046,1237
1261,1261,0,2046,443
1262,1262,0,2046,19
1263,1263,0,2046,66
1264,1264,0,2047,572
1265,1265,0,2047,1420
1266,1266,0,2046,2411
1267,1267,0,2047,3315
1268,1268,0,2046,3923
1269,1269,0,2046,4092
1270,1270,0,2046,3782
1271,1271,0,2047,3066
1272,1272,0,2046,2111
1273,1273,0,2046,1140
1274,1274,0,2047,377
1275,1275,0,2047,1
1276,1276,0,2047,99
1277,1277,0,2047,649
1278,1278,0,2047,1523
1279,1279,0,2046,2516
1280,1280,0,2047,3397
1281,1281,0,2046,3963
1282,1282,0,2047,4081
1283,1283,0,2046,3722
1284,1284,0,2047,2972
1285,1285,0,2047,2004
1286,1286,0,2047,1045
1287,1287,0,2047,316
1288,1288,0,2047,0
1289,1289,0,2046,138
1290,1290,0,2046,730
1291,1291,0,2046,1627
1292,1292,0,2047,2619
1293,1293,0,2047,3476
1294,1294,0,2046,3999
1295,1295,0,2047,4065
1296,1296,0,2047,3659
1297,1297,0,2046,2876
1298,1298,0,2046,1897
1299,1299,0,2046,952
1300,1300,0,2047,260
1301,1301,0,2046,0
1302,1302,0,2046,182
1303,1303,0,2046,815
1304,1304,0,2046,1732
1305,1305,0,2046,2721
1306,1306,0,2047,3551
1307,1307,0,2047,4029
1308,1308,0,2046,4043
1309,1309,0,2046,3590
1310,1310,0,2047,2777
1311,1311,0,2046,1792
1312,1312,0,2046,863
1313,1313,0,2046,208
1314,1314,0,2046,0
1315,1315,0,2046,230
1316,1316,0,2046,901
1317,1317,0,2047,1839
1318,1318,0,2046,2821
1319,1319,0,2047,3622
1320,1320,0,2047,4053
1321,1321,0,2046,4017
1322,1322,0,2046,3519
1323,1323,0,2046,2676
1324,1324,0,2046,1685
1325,1325,0,2046,777
1326,1326,0,2046,161
1327,1327,0,2046,0
1328,1328,0,2046,284
1329,1329,0,2046,993
1330,1330,0,2047,1945
1331,1331,0,2046,2919
1332,1332,0,2046,3687
1333,1333,0,2047,4073
1334,1334,0,2046,3984
1335,1335,0,2046,3441
1336,1336,0,2046,2573
1337,1337,0,2046,1580
1338,1338,0,2046,693
1339,1339,0,2046,120
1340,1340,0,2046,0
1341,1341,0,2046,342
1342,1342,0,2046,1086
1343,1343,0,2046,2052
1344,1344,0,2047,3014
1345,1345,0,2046,3749
1346,1346,0,2046,4086
1347,1347,0,2046,3946
1348,1348,0,2046,3362
1349,1349,0,2047,2469
1350,1350,0,2046,1477
1351,1351,0,2046,615
1352,1352,0,2046,85
1353,1353,0,2047,8
1354,1354,0,2047,405
1355,1355,0,2047,1183
1356,1356,0,2046,2159
1357,1357,0,2047,3107
1358,1358,0,2046,3807
1359,1359,0,2046,4094
1360,1360,0,2046,3903
1361,1361,0,2046,3278
1362,1362,0,2046,2363
1363,1363,0,2046,1374
1364,1364,0,2046,539
1365,1365,0,2046,52
1366,1366,0,2046,29
1367,1367,0,2046,473
1368,1368,0,2047,1281
1369,1369,0,2046,2267
1370,1370,0,2047,3197
1371,1371,0,2046,3859
1372,1372,0,2047,4095
1373,1373,0,2046,3855
1374,1374,0,2046,3190
1375,1375,0,2047,2258
1376,1376,0,2046,1274
1377,1377,0,2046,468
1378,1378,0,2046,28
1379,1379,0,2047,55
1380,1380,0,2046,545
1381,1381,0,2047,1382
1382,1382,0,2046,2372
1383,1383,0,2046,3284
1384,1384,0,2046,3906
1385,1385,0,2046,4094
1386,1386,0,2047,3803
1387,1387,0,2046,3100
1388,1388,0,2046,2151
1389,1389,0,2046,1176
1390,1390,0,2046,401
1391,1391,0,2046,8
1392,1392,0,2046,86
1393,1393,0,2046,620
1394,1394,0,2047,1484
1395,1395,0,2046,2477
1396,1396,0,2046,3368
1397,1397,0,2046,3949
1398,1398,0,2046,4086
1399,1399,0,2047,3745
1400,1400,0,2046,3007
1401,1401,0,2046,2044
1402,1402,0,2047,1080
1403,1403,0,2046,337
1404,1404,0,2047,0
1405,1405,0,2046,123
1406,1406,0,2046,700
1407,1407,0,2046,1588
1408,1408,0,2046,2581
1409,1409,0,2046,3448
1410,1410,0,2047,3987
1411,1411,0,2046,4072
1412,1412,0,2047,3683
1413,1413,0,2046,2911
1414,1414,0,2046,1937
1415,1415,0,2046,986
1416,1416,0,2047,280
1417,1417,0,2046,0
1418,1418,0,2046,165
1419,1419,0,2046,782
1420,1420,0,2046,1693
1421,1421,0,2047,2683
1422,1422,0,2046,3524
1423,1423,0,2046,4018
1424,1424,0,2046,4052
1425,1425,0,2046,3617
1426,1426,0,2046,2813
1427,1427,0,2046,1830
1428,1428,0,2047,896
1429,1429,0,2046,227
1430,1430,0,2046,0
1431,1431,0,2046,211
1432,1432,0,2046,869
1433,1433,0,2047,1799
1434,1434,0,2046,2784
1435,1435,0,2046,3596
1436,1436,0,2046,4044
1437,1437,0,2046,4027
1438,1438,0,2046,3546
1439,1439,0,2046,2713
1440,1440,0,2047,1724
1441,1441,0,2046,808
1442,1442,0,2046,179
1443,1443,0,2046,0
1444,1444,0,2047,263
1445,1445,0,2046,959
1446,1446,0,2046,1906
1447,1447,0,2046,2883
1448,1448,0,2046,3663
1449,1449,0,2047,4066
1450,1450,0,2046,3997
1451,1451,0,2046,3471
1452,1452,0,2046,2612
1453,1453,0,2047,1618
1454,1454,0,2047,724
1455,1455,0,2046,135
1456,1456,0,2046,0
1457,1457,0,2046,320
1458,1458,0,2046,1051
1459,1459,0,2046,2012
1460,1460,0,2046,2979
1461,1461,0,2046,3727
1462,1462,0,2046,4082
1463,1463,0,2046,3961
1464,1464,0,2046,3391
1465,1465,0,2047,2508
1466,1466,0,2046,1514
1467,1467,0,2046,643
1468,1468,0,2047,97
1469,1469,0,2046,2
1470,1470,0,2046,381
1471,1471,0,2046,1147
1472,1472,0,2046,2120
1473,1473,0,2046,3074
1474,1474,0,2046,3787
1475,1475,0,2046,4092
1476,1476,0,2047,3920
1477,1477,0,2046,3310
1478,1478,0,2046,2403
1479,1479,0,2046,1411
1480,1480,0,2046,567
1481,1481,0,2046,63
1482,1482,0,2047,21
1483,1483,0,2046,447
1484,1484,0,2047,1245
1485,1485,0,2046,2227
1486,1486,0,2047,3164
1487,1487,0,2046,3840
1488,1488,0,2046,4095
1489,1489,0,2047,3873
1490,1490,0,2046,3224
1491,1491,0,2046,2298
1492,1492,0,2046,1310
1493,1493,0,2046,494
1494,1494,0,2046,36
1495,1495,0,2046,45
1496,1496,0,2047,518
1497,1497,0,2047,1344
1498,1498,0,2047,2333
1499,1499,0,2046,3252
1500,1500,0,2047,3890
1501,1501,0,2046,4095
1502,1502,0,2047,3824
1503,1503,0,2047,3134
1504,1504,0,2046,2190
1505,1505,0,2046,1211
1506,1506,0,2046,425
1507,1507,0,2046,14
1508,1508,0,2046,74
1509,1509,0,2046,591
1510,1510,0,2046,1446
1511,1511,0,2047,2438
1512,1512,0,2047,3337
1513,1513,0,2046,3934
1514,1514,0,2046,4090
1515,1515,0,2047,3767
1516,1516,0,2046,3043
1517,1517,0,2046,2084
1518,1518,0,2046,1114
1519,1519,0,2047,360
1520,1520,0,2046,0
1521,1521,0,2047,109
1522,1522,0,2047,669
1523,1523,0,2046,1550
1524,1524,0,2047,2543
1525,1525,0,2046,3419
1526,1526,0,2046,3973
1527,1527,0,2047,4077
1528,1528,0,2046,3706
1529,1529,0,2046,2948
1530,1530,0,2046,1977
1531,1531,0,2046,1020
1532,1532,0,2047,301
1533,1533,0,2046,0
1534,1534,0,2046,149
1535,1535,0,2046,751
1536,1536,0,2046,1654
1537,1537,0,2046,2646
1538,1538,0,2046,3496
1539,1539,0,2046,4007
1540,1540,0,2047,4060
1541,1541,0,2046,3642
1542,1542,0,2046,2850
1543,1543,0,2046,1870
1544,1544,0,2046,928
1545,1545,0,2047,246
1546,1546,0,2046,0
1547,1547,0,2046,193
1548,1548,0,2046,837
1549,1549,0,2047,1759
1550,1550,0,2046,2747
1551,1551,0,2046,3570
1552,1552,0,2046,4036
1553,1553,0,2046,4037
1554,1554,0,2046,3573
1555,1555,0,2047,2751
1556,1556,0,2046,1763
1557,1557,0,2046,840
1558,1558,0,2046,195
1559,1559,0,2046,0
1560,1560,0,2047,244
1561,1561,0,2046,926
1562,1562,0,2047,1866
1563,1563,0,2047,2847
1564,1564,0,2047,3639
1565,1565,0,2047,4059
1566,1566,0,2047,4009
1567,1567,0,2046,3498
1568,1568,0,2047,2650
1569,1569,0,2047,1658
1570,1570,0,2046,755
1571,1571,0,2047,151
1572,1572,0,2047,0
1573,1573,0,2046,299
1574,1574,0,2046,1017
1575,1575,0,2047,1973
1576,1576,0,2046,2944
1577,1577,0,2047,3704
1578,1578,0,2046,4077
1579,1579,0,2046,3974
1580,1580,0,2046,3421
1581,1581,0,2047,2546
1582,1582,0,2047,1553
1583,1583,0,2046,673
1584,1584,0,2046,111
1585,1585,0,2047,0
1586,1586,0,2047,358
1587,1587,0,2047,1112
1588,1588,0,2046,2080
1589,1589,0,2046,3039
1590,1590,0,2046,3764
1591,1591,0,2046,4089
1592,1592,0,2046,3936
1593,1593,0,2047,3340
1594,1594,0,2046,2443
1595,1595,0,2047,1450
1596,1596,0,2046,595
1597,1597,0,2046,76
1598,1598,0,2046,14
1599,1599,0,2046,423
1600,1600,0,2046,1208
1601,1601,0,2047,2187
1602,1602,0,2047,3131
1603,1603,0,2046,3820
1604,1604,0,2047,4095
1605,1605,0,2046,3890
1606,1606,0,2047,3256
1607,1607,0,2047,2337
1608,1608,0,2047,1348
1609,1609,0,2046,520
1610,1610,0,2046,46
1611,1611,0,2046,35
1612,1612,0,2046,491
1613,1613,0,2046,1307
1614,1614,0,2046,2294
1615,1615,0,2047,3220
1616,1616,0,2046,3872
1617,1617,0,2046,4095
1618,1618,0,2046,3842
1619,1619,0,2046,3168
1620,1620,0,2046,2230
1621,1621,0,2047,1248
1622,1622,0,2046,450
1623,1623,0,2046,21
1624,1624,0,2047,62
1625,1625,0,2047,564
1626,1626,0,2047,1408
1627,1627,0,2047,2400
1628,1628,0,2046,3306
1629,1629,0,2047,3919
1630,1630,0,2046,4093
1631,1631,0,2046,3788
1632,1632,0,2046,3076
1633,1633,0,2046,2123
1634,1634,0,2046,1151
1635,1635,0,2047,385
1636,1636,0,2046,3
1637,1637,0,2046,95
1638,1638,0,2046,640
1639,1639,0,2047,1511
1640,1640,0,2046,2504
1641,1641,0,2046,3390
1642,1642,0,2046,3959
1643,1643,0,2047,4082
1644,1644,0,2047,3730
1645,1645,0,2046,2982
1646,1646,0,2046,2017
1647,1647,0,2046,1055
1648,1648,0,2047,323
1649,1649,0,2046,0
1650,1650,0,2047,133
1651,1651,0,2046,721
1652,1652,0,2047,1615
1653,1653,0,2046,2608
1654,1654,0,2047,3467
1655,1655,0,2046,3995
1656,1656,0,2047,4067
1657,1657,0,2046,3666
1658,1658,0,2046,2886
1659,1659,0,2046,1909
1660,1660,0,2046,963
1661,1661,0,2046,266
1662,1662,0,2046,0
1663,1663,0,2046,175
1664,1664,0,2046,806
1665,1665,0,2046,1720
1666,1666,0,2046,2710
1667,1667,0,2046,3543
1668,1668,0,2047,4026
1669,1669,0,2046,4046
1670,1670,0,2047,3599
1671,1671,0,2046,2788
1672,1672,0,2046,1803
1673,1673,0,2046,873
1674,1674,0,2046,214
1675,1675,0,2046,0
1676,1676,0,2047,225
1677,1677,0,2046,892
1678,1678,0,2046,1827
1679,1679,0,2046,2810
1680,1680,0,2046,3614
1681,1681,0,2046,4051
1682,1682,0,2047,4020
1683,1683,0,2046,3526
1684,1684,0,2046,2688
1685,1685,0,2046,1697
1686,1686,0,2047,786
1687,1687,0,2046,167
1688,1688,0,2045,0
1689,1689,0,2046,278
1690,1690,0,2046,982
1691,1691,0,2047,1933
1692,1692,0,2046,2908
1693,1693,0,2046,3681
1694,1694,0,2046,4070
1695,1695,0,2047,3987
1696,1696,0,2047,3450
1697,1697,0,2047,2584
1698,1698,0,2046,1591
1699,1699,0,2046,703
1700,1700,0,2047,124
1701,1701,0,2046,0
1702,1702,0,2046,335
1703,1703,0,2046,1076
1704,1704,0,2047,2040
1705,1705,0,2047,3004
1706,1706,0,2047,3742
1707,1707,0,2047,4085
1708,1708,0,2047,3951
1709,1709,0,2047,3371
1710,1710,0,2046,2481
1711,1711,0,2046,1488
1712,1712,0,2047,623
1713,1713,0,2046,87
1714,1714,0,2046,6
1715,1715,0,2046,398
1716,1716,0,2047,1172
1717,1717,0,2046,2147
1718,1718,0,2046,3097
1719,1719,0,2047,3801
1720,1720,0,2047,4093
1721,1721,0,2046,3908
1722,1722,0,2047,3287
1723,1723,0,2046,2376
1724,1724,0,2046,1386
1725,1725,0,2046,547
1726,1726,0,2046,56
1727,1727,0,2046,26
1728,1728,0,2046,465
1729,1729,0,2047,1270
1730,1730,0,2046,2254
1731,1731,0,2046,3187
1732,1732,0,2046,3854
1733,1733,0,2046,4095
1734,1734,0,2046,3861
1735,1735,0,2046,3201
1736,1736,0,2047,2269
1737,1737,0,2047,1285
1738,1738,0,2046,476
1739,1739,0,2046,30
1740,1740,0,2046,52
1741,1741,0,2046,537
1742,1742,0,2046,1371
1743,1743,0,2046,2360
1744,1744,0,2047,3275
1745,1745,0,2047,3902
1746,1746,0,2046,4094
1747,1747,0,2047,3809
1748,1748,0,2046,3111
1749,1749,0,2046,2163
1750,1750,0,2046,1187
1751,1751,0,2046,408
1752,1752,0,2047,9
1753,1753,0,2046,82
1754,1754,0,2046,612
1755,1755,0,2046,1472
1756,1756,0,2047,2465
1757,1757,0,2046,3359
1758,1758,0,2047,3945
1759,1759,0,2046,4087
1760,1760,0,2046,3752
1761,1761,0,2046,3017
1762,1762,0,2046,2057
1763,1763,0,2046,1090
1764,1764,0,2046,345
1765,1765,0,2046,0
1766,1766,0,2047,119
1767,1767,0,2047,690
1768,1768,0,2046,1576
1769,1769,0,2046,2569
1770,1770,0,2046,3438
1771,1771,0,2046,3983
1772,1772,0,2047,4073
1773,1773,0,2047,3690
1774,1774,0,2046,2922
1775,1775,0,2046,1949
1776,1776,0,2046,997
1777,1777,0,2046,286
1778,1778,0,2046,0
1779,1779,0,2047,160
1780,1780,0,2046,773
1781,1781,0,2047,1681
1782,1782,0,2046,2672
1783,1783,0,2047,3515
1784,1784,0,2046,4015
1785,1785,0,2046,4055
1786,1786,0,2047,3624
1787,1787,0,2046,2825
1788,1788,0,2046,1842
1789,1789,0,2046,905
1790,1790,0,2046,233
1791,1791,0,2046,0
1792,1792,0,2046,206
1793,1793,0,2046,859
1794,1794,0,2046,1787
1795,1795,0,2046,2773
1796,1796,0,2046,3588
1797,1797,0,2047,4042
1798,1798,0,2046,4030
1799,1799,0,2046,3554
1800,1800,0,2047,2725
1801,1801,0,2046,1736
1802,1802,0,2046,818
1803,1803,0,2046,184
1804,1804,0,2046,0
1805,1805,0,2046,258
1806,1806,0,2046,948
1807,1807,0,2047,1893
1808,1808,0,2046,2872
1809,1809,0,2046,3655
1810,1810,0,2047,4065
1811,1811,0,2047,4000
1812,1812,0,2047,3480
1813,1813,0,2047,2623
1814,1814,0,2046,1631
1815,1815,0,2046,733
1816,1816,0,2047,140
1817,1817,0,2046,0
1818,1818,0,2047,313
1819,1819,0,2046,1042
1820,1820,0,2046,2000
1821,1821,0,2046,2969
1822,1822,0,2046,3720
1823,1823,0,2046,4080
1824,1824,0,2047,3965
1825,1825,0,2046,3401
1826,1826,0,2047,2520
1827,1827,0,2046,1526
1828,1828,0,2047,652
1829,1829,0,2046,101
1830,1830,0,2046,0
1831,1831,0,2046,374
1832,1832,0,2046,1135
1833,1833,0,2046,2108
1834,1834,0,2046,3063
1835,1835,0,2046,3780
1836,1836,0,2046,4091
1837,1837,0,2047,3925
1838,1838,0,2046,3319
1839,1839,0,2046,2415
1840,1840,0,2047,1424
1841,1841,0,2046,575
1842,1842,0,2046,67
1843,1843,0,2047,18
1844,1844,0,2047,440
1845,1845,0,2046,1233
1846,1846,0,2046,2214
1847,1847,0,2046,3154
1848,1848,0,2046,3834
1849,1849,0,2047,4095
1850,1850,0,2047,3879
1851,1851,0,2046,3234
1852,1852,0,2046,2309
1853,1853,0,2047,1322
1854,1854,0,2046,501
1855,1855,0,2046,39
1856,1856,0,2047,42
1857,1857,0,2047,509
1858,1858,0,2047,1332
1859,1859,0,2047,2321
1860,1860,0,2046,3243
1861,1861,0,2047,3884
1862,1862,0,2046,4095
1863,1863,0,2046,3829
1864,1864,0,2047,3144
1865,1865,0,2047,2203
1866,1866,0,2047,1223
1867,1867,0,2046,433
1868,1868,0,2046,16
1869,1869,0,2047,70
1870,1870,0,2046,582
1871,1871,0,2046,1434
1872,1872,0,2046,2426
1873,1873,0,2047,3328
1874,1874,0,2047,3930
1875,1875,0,2047,4090
1876,1876,0,2047,3773
1877,1877,0,2047,3053
1878,1878,0,2047,2096
1879,1879,0,2046,1126
1880,1880,0,2046,368
1881,1881,0,2046,0
1882,1882,0,2047,105
1883,1883,0,2046,660
1884,1884,0,2047,1537
1885,1885,0,2046,2531
1886,1886,0,2046,3409
1887,1887,0,2047,3969
1888,1888,0,2047,4079
1889,1889,0,2046,3715
1890,1890,0,2046,2959
1891,1891,0,2046,1989
1892,1892,0,2047,1031
1893,1893,0,2046,307
1894,1894,0,2046,0
1895,1895,0,2046,144
1896,1896,0,2047,741
1897,1897,0,2046,1643
1898,1898,0,2047,2634
1899,1899,0,2046,3487
1900,1900,0,2046,4004
1901,1901,0,2046,4062
1902,1902,0,2046,3650
1903,1903,0,2046,2862
1904,1904,0,2046,1882
1905,1905,0,2046,939
1906,1906,0,2046,252
1907,1907,0,2046,0
1908,1908,0,2046,189
1909,1909,0,2047,827
1910,1910,0,2046,1747
1911,1911,0,2046,2736
1912,1912,0,2047,3561
1913,1913,0,2047,4033
1914,1914,0,2046,4040
1915,1915,0,2047,3580
1916,1916,0,2047,2762
1917,1917,0,2046,1776
1918,1918,0,2045,851
1919,1919,0,2046,201
1920,1920,0,2046,0
1921,1921,0,2046,238
1922,1922,0,2047,915
1923,1923,0,2046,1854
1924,1924,0,2047,2836
1925,1925,0,2046,3631
1926,1926,0,2047,4056
1927,1927,0,2047,4012
1928,1928,0,2046,3507
1929,1929,0,2046,2661
1930,1930,0,2046,1670
1931,1931,0,2046,764
1932,1932,0,2046,155
1933,1933,0,2046,0
1934,1934,0,2046,292
1935,1935,0,2046,1007
1936,1936,0,2047,1961
1937,1937,0,2047,2934
1938,1938,0,2046,3697
1939,1939,0,2046,4075
1940,1940,0,2047,3979
1941,1941,0,2046,3431
1942,1942,0,2046,2558
1943,1943,0,2046,1565
1944,1944,0,2046,682
1945,1945,0,2046,114
1946,1946,0,2046,0
1947,1947,0,2047,351
1948,1948,0,2046,1101
1949,1949,0,2047,2068
1950,1950,0,2047,3028
1951,1951,0,2047,3758
1952,1952,0,2046,4088
1953,1953,0,2047,3941
1954,1954,0,2046,3350
1955,1955,0,2046,2453
1956,1956,0,2046,1462
1957,1957,0,2046,604
1958,1958,0,2046,79
1959,1959,0,2046,11
1960,1960,0,2047,415
1961,1961,0,2047,1197
1962,1962,0,2047,2174
1963,1963,0,2046,3120
1964,1964,0,2046,3815
1965,1965,0,2046,4095
1966,1966,0,2046,3897
1967,1967,0,2046,3266
1968,1968,0,2046,2348
1969,1969,0,2047,1359
1970,1970,0,2046,528
1971,1971,0,2046,49
1972,1972,0,2046,32
1973,1973,0,2046,483
1974,1974,0,2046,1296
1975,1975,0,2046,2282
1976,1976,0,2046,3210
1977,1977,0,2047,3867
1978,1978,0,2047,4095
1979,1979,0,2046,3848
1980,1980,0,2046,3178
1981,1981,0,2047,2243
1982,1982,0,2046,1260
1983,1983,0,2047,459
1984,1984,0,2047,23
1985,1985,0,2047,59
1986,1986,0,2047,555
1987,1987,0,2047,1396
1988,1988,0,2046,2388
1989,1989,0,2046,3296
1990,1990,0,2047,3913
1991,1991,0,2046,4093
1992,1992,0,2046,3795
1993,1993,0,2047,3087
1994,1994,0,2047,2136
1995,1995,0,2047,1162
1996,1996,0,2046,392
1997,1997,0,2047,6
1998,1998,0,2046,91
1999,1999,0,2047,631
2000,2000,0,2046,1499
2001,2001,0,2046,2492
2002,2002,0,2046,3380
2003,2003,0,2047,3955
2004,2004,0,2046,4084
2005,2005,0,2046,3737
2006,2006,0,2046,2993
2007,2007,0,2047,2029
2008,2008,0,2046,1066
2009,2009,0,2046,330
2010,2010,0,2047,0
2011,2011,0,2046,129
2012,2012,0,2047,712
2013,2013,0,2046,1603
2014,2014,0,2046,2596
2015,2015,0,2047,3459
2016,2016,0,2046,3991
2017,2017,0,2046,4069
2018,2018,0,2046,3674
2019,2019,0,2047,2898
2020,2020,0,2046,1922
2021,2021,0,2046,973
2022,2022,0,2047,273
2023,2023,0,2046,0
2024,2024,0,2046,171
2025,2025,0,2047,794
2026,2026,0,2046,1708
2027,2027,0,2046,2698
2028,2028,0,2047,3534
2029,2029,0,2047,4023
2030,2030,0,2047,4049
2031,2031,0,2046,3607
2032,2032,0,2046,2799
2033,2033,0,2047,1815
2034,2034,0,2047,883
2035,2035,0,2046,219
2036,2036,0,2047,0
2037,2037,0,2046,219
2038,2038,0,2046,882
2039,2039,0,2046,1814
2040,2040,0,2046,2798
2041,2041,0,2047,3606
2042,2042,0,2046,4048
2043,2043,0,2047,4023
2044,2044,0,2046,3535
2045,2045,0,2047,2700
2046,2046,0,2047,1710
2047,2047,0,2046,795
2048,2048,0,2046,172
2049,2049,0,2046,0
2050,2050,0,2046,271
2051,2051,0,2046,972
2052,2052,0,2047,1921
2053,2053,0,2046,2897
2054,2054,0,2046,3673
2055,2055,0,2046,4068
2056,2056,0,2047,3992
2057,2057,0,2046,3460
2058,2058,0,2046,2596
2059,2059,0,2046,1605
2060,2060,0,2046,712
2061,2061,0,2046,130
2062,2062,0,2047,0
2063,2063,0,2047,328
2064,2064,0,2047,1065
2065,2065,0,2046,2028
2066,2066,0,2047,2993
2067,2067,0,2045,3736
2068,2068,0,2047,4084
2069,2069,0,2046,3956
2070,2070,0,2046,3380
2071,2071,0,2046,2493
2072,2072,0,2047,1500
2073,2073,0,2046,632
2074,2074,0,2046,91
2075,2075,0,2046,5
2076,2076,0,2046,391
2077,2077,0,2046,1161
2078,2078,0,2047,2135
2079,2079,0,2047,3086
2080,2080,0,2046,3794
2081,2081,0,2046,4094
2082,2082,0,2046,3914
2083,2083,0,2046,3297
2084,2084,0,2047,2388
2085,2085,0,2047,1397
2086,2086,0,2047,556
2087,2087,0,2046,60
2088,2088,0,2047,23
2089,2089,0,2046,457
2090,2090,0,2047,1258
2091,2091,0,2047,2242
2092,2092,0,2046,3177
2093,2093,0,2046,3848
2094,2094,0,2046,4095
2095,2095,0,2046,3867
2096,2096,0,2047,3211
2097,2097,0,2046,2281
2098,2098,0,2047,1296
2099,2099,0,2047,483
2100,2100,0,2046,32
2101,2101,0,2046,49
2102,2102,0,2046,527
2103,2103,0,2046,1359
2104,2104,0,2046,2348
2105,2105,0,2046,3265
2106,2106,0,2046,3897
2107,2107,0,2046,4095
2108,2108,0,2046,3815
2109,2109,0,2046,3121
2110,2110,0,2046,2175
2111,2111,0,2046,1198
2112,2112,0,2046,416
2113,2113,0,2047,12
2114,2114,0,2046,79
2115,2115,0,2047,602
2116,2116,0,2046,1461
2117,2117,0,2046,2453
2118,2118,0,2046,3349
2119,2119,0,2047,3939
2120,2120,0,2046,4087
2121,2121,0,2046,3759
2122,2122,0,2046,3029
2123,2123,0,2046,2069
2124,2124,0,2046,1101
2125,2125,0,2046,352
2126,2126,0,2047,0
2127,2127,0,2046,114
2128,2128,0,2046,681
2129,2129,0,2046,1565
2130,2130,0,2046,2558
2131,2131,0,2046,3429
2132,2132,0,2047,3978
2133,2133,0,2046,4075
2134,2134,0,2046,3697
2135,2135,0,2046,2933
2136,2136,0,2047,1961
2137,2137,0,2047,1007
2138,2138,0,2047,293
2139,2139,0,2046,0
2140,2140,0,2047,155
2141,2141,0,2047,764
2142,2142,0,2046,1669
2143,2143,0,2047,2660
2144,2144,0,2046,3507
2145,2145,0,2047,4012
2146,2146,0,2047,4057
2147,2147,0,2046,3632
2148,2148,0,2046,2837
2149,2149,0,2046,1855
2150,2150,0,2047,916
2151,2151,0,2046,239
2152,2152,0,2046,0
2153,2153,0,2046,200
2154,2154,0,2046,849
2155,2155,0,2046,1774
2156,2156,0,2046,2761
2157,2157,0,2046,3580
2158,2158,0,2046,4039
2159,2159,0,2046,4033
2160,2160,0,2046,3563
2161,2161,0,2046,2737
2162,2162,0,2047,1748
2163,2163,0,2047,828
2164,2164,0,2046,189
2165,2165,0,2046,0
2166,2166,0,2046,252
2167,2167,0,2046,938
2168,2168,0,2046,1882
2169,2169,0,2047,2860
2170,2170,0,2047,3649
2171,2171,0,2047,4062
2172,2172,0,2047,4004
2173,2173,0,2047,3488
2174,2174,0,2046,2635
2175,2175,0,2046,1642
2176,2176,0,2047,743
2177,2177,0,2047,144
2178,2178,0,2047,0
2179,2179,0,2047,307
2180,2180,0,2047,1030
2181,2181,0,2047,1988
2182,2182,0,2047,2958
2183,2183,0,2046,3713
2184,2184,0,2047,4079
2185,2185,0,2047,3969
2186,2186,0,2046,3409
2187,2187,0,2046,2532
2188,2188,0,2046,1538
2189,2189,0,2047,661
2190,2190,0,2046,106
2191,2191,0,2047,0
2192,2192,0,2047,367
2193,2193,0,2046,1124
2194,2194,0,2047,2096
2195,2195,0,2046,3053
2196,2196,0,2047,3773
2197,2197,0,2046,4091
2198,2198,0,2046,3930
2199,2199,0,2046,3329
2200,2200,0,2046,2427
2201,2201,0,2047,1436
2202,2202,0,2046,584
2203,2203,0,2046,71
2204,2204,0,2047,16
2205,2205,0,2046,432
2206,2206,0,2046,1222
2207,2207,0,2046,2202
2208,2208,0,2046,3144
2209,2209,0,2047,3828
2210,2210,0,2047,4095
2211,2211,0,2046,3885
2212,2212,0,2047,3243
2213,2213,0,2047,2321
2214,2214,0,2046,1334
2215,2215,0,2047,510
2216,2216,0,2047,42
2217,2217,0,2046,39
2218,2218,0,2046,501
2219,2219,0,2047,1322
2220,2220,0,2046,2309
2221,2221,0,2046,3232
2222,2222,0,2047,3879
2223,2223,0,2047,4095
2224,2224,0,2047,3835
2225,2225,0,2046,3155
2226,2226,0,2047,2215
2227,2227,0,2046,1234
2228,2228,0,2046,440
2229,2229,0,2046,18
2230,2230,0,2046,67
2231,2231,0,2046,574
2232,2232,0,2046,1423
2233,2233,0,2046,2415
2234,2234,0,2046,3318
2235,2235,0,2046,3924
2236,2236,0,2047,4092
2237,2237,0,2046,3781
2238,2238,0,2046,3064
2239,2239,0,2047,2109
2240,2240,0,2047,1136
2241,2241,0,2046,375
2242,2242,0,2046,0
2243,2243,0,2046,100
2244,2244,0,2046,652
2245,2245,0,2047,1526
2246,2246,0,2046,2519
2247,2247,0,2047,3400
2248,2248,0,2047,3964
2249,2249,0,2046,4080
2250,2250,0,2047,3721
2251,2251,0,2047,2970
2252,2252,0,2046,2002
2253,2253,0,2046,1041
2254,2254,0,2046,314
2255,2255,0,2046,0
2256,2256,0,2047,140
2257,2257,0,2046,733
2258,2258,0,2046,1630
2259,2259,0,2046,2623
2260,2260,0,2046,3479
2261,2261,0,2046,4000
2262,2262,0,2047,4064
2263,2263,0,2047,3657
2264,2264,0,2046,2872
2265,2265,0,2047,1894
2266,2266,0,2047,949
2267,2267,0,2046,258
2268,2268,0,2047,0
2269,2269,0,2047,183
2270,2270,0,2046,817
2271,2271,0,2046,1735
2272,2272,0,2046,2724
2273,2273,0,2047,3553
2274,2274,0,2046,4030
2275,2275,0,2047,4043
2276,2276,0,2047,3588
2277,2277,0,2047,2774
2278,2278,0,2047,1788
2279,2279,0,2047,860
2280,2280,0,2047,207
2281,2281,0,2046,0
2282,2282,0,2046,232
2283,2283,0,2046,905
2284,2284,0,2046,1842
2285,2285,0,2047,2824
2286,2286,0,2046,3624
2287,2287,0,2046,4054
2288,2288,0,2046,4016
2289,2289,0,2046,3516
2290,2290,0,2047,2673
2291,2291,0,2046,1682
2292,2292,0,2047,774
2293,2293,0,2046,160
2294,2294,0,2046,0
2295,2295,0,2047,286
2296,2296,0,2047,996
2297,2297,0,2046,1948
2298,2298,0,2046,2922
2299,2299,0,2046,3689
2300,2300,0,2046,4073
2301,2301,0,2046,3983
2302,2302,0,2046,3439
2303,2303,0,2046,2570
2304,2304,0,2046,1576
2305,2305,0,2047,691
2306,2306,0,2046,119
2307,2307,0,2046,0
2308,2308,0,2046,344
2309,2309,0,2047,1090
2310,2310,0,2046,2055
2311,2311,0,2047,3018
2312,2312,0,2046,3751
2313,2313,0,2046,4087
2314,2314,0,2046,3944
2315,2315,0,2046,3359
2316,2316,0,2046,2466
2317,2317,0,2046,1473
2318,2318,0,2046,612
2319,2319,0,2046,82
2320,2320,0,2046,9
2321,2321,0,2046,408
2322,2322,0,2047,1186
2323,2323,0,2047,2162
2324,2324,0,2046,3110
2325,2325,0,2046,3809
2326,2326,0,2046,4094
2327,2327,0,2046,3902
2328,2328,0,2046,3275
2329,2329,0,2046,2361
2330,2330,0,2046,1371
2331,2331,0,2046,537
2332,2332,0,2046,52
2333,2333,0,2046,30
2334,2334,0,2047,476
2335,2335,0,2046,1284
2336,2336,0,2046,2269
2337,2337,0,2047,3200
2338,2338,0,2046,3861
2339,2339,0,2046,4095
2340,2340,0,2046,3854
2341,2341,0,2046,3188
2342,2342,0,2046,2254
2343,2343,0,2046,1271
2344,2344,0,2047,466
2345,2345,0,2046,26
2346,2346,0,2046,56
2347,2347,0,2046,548
2348,2348,0,2047,1385
2349,2349,0,2046,2375
2350,2350,0,2046,3287
2351,2351,0,2047,3908
2352,2352,0,2046,4093
2353,2353,0,2046,3801
2354,2354,0,2047,3098
2355,2355,0,2047,2148
2356,2356,0,2047,1173
2357,2357,0,2046,399
2358,2358,0,2046,7
2359,2359,0,2046,87
2360,2360,0,2047,622
2361,2361,0,2047,1488
2362,2362,0,2047,2480
2363,2363,0,2046,3370
2364,2364,0,2047,3950
2365,2365,0,2046,4085
2366,2366,0,2047,3743
2367,2367,0,2046,3004
2368,2368,0,2046,2041
2369,2369,0,2046,1077
2370,2370,0,2046,336
2371,2371,0,2046,0
2372,2372,0,2046,124
2373,2373,0,2047,702
2374,2374,0,2046,1591
2375,2375,0,2046,2584
2376,2376,0,2047,3450
2377,2377,0,2045,3987
2378,2378,0,2047,4071
2379,2379,0,2047,3681
2380,2380,0,2046,2908
2381,2381,0,2046,1934
2382,2382,0,2046,983
2383,2383,0,2046,278
2384,2384,0,2047,0
2385,2385,0,2046,166
2386,2386,0,2046,785
2387,2387,0,2046,1696
2388,2388,0,2047,2687
2389,2389,0,2047,3526
2390,2390,0,2046,4019
2391,2391,0,2047,4051
2392,2392,0,2047,3614
2393,2393,0,2046,2810
2394,2394,0,2047,1827
2395,2395,0,2047,893
2396,2396,0,2046,226
2397,2397,0,2047,0
2398,2398,0,2046,213
2399,2399,0,2046,872
2400,2400,0,2047,1802
2401,2401,0,2046,2787
2402,2402,0,2046,3599
2403,2403,0,2046,4045
2404,2404,0,2046,4027
2405,2405,0,2047,3543
2406,2406,0,2047,2711
2407,2407,0,2046,1721
2408,2408,0,2046,806
2409,2409,0,2046,177
2410,2410,0,2047,0
2411,2411,0,2047,265
2412,2412,0,2046,962
2413,2413,0,2046,1909
2414,2414,0,2047,2886
2415,2415,0,2046,3666
2416,2416,0,2046,4066
2417,2417,0,2046,3996
2418,2418,0,2047,3468
2419,2419,0,2047,2608
2420,2420,0,2047,1616
2421,2421,0,2046,721
2422,2422,0,2046,133
2423,2423,0,2047,0
2424,2424,0,2046,322
2425,2425,0,2046,1055
2426,2426,0,2046,2016
2427,2427,0,2047,2982
2428,2428,0,2046,3729
2429,2429,0,2047,4082
2430,2430,0,2046,3959
2431,2431,0,2046,3389
2432,2432,0,2046,2504
2433,2433,0,2046,1512
2434,2434,0,2047,641
2435,2435,0,2046,96
2436,2436,0,2047,3
2437,2437,0,2046,383
2438,2438,0,2046,1150
2439,2439,0,2046,2123
2440,2440,0,2046,3076
2441,2441,0,2047,3787
2442,2442,0,2046,4093
2443,2443,0,2046,3918
2444,2444,0,2047,3307
2445,2445,0,2047,2400
2446,2446,0,2047,1409
2447,2447,0,2046,564
2448,2448,0,2047,63
2449,2449,0,2046,21
2450,2450,0,2046,450
2451,2451,0,2048,1248
2452,2452,0,2046,2230
2453,2453,0,2047,3167
2454,2454,0,2046,3842
2455,2455,0,2047,4095
2456,2456,0,2047,3872
2457,2457,0,2047,3221
2458,2458,0,2047,2294
2459,2459,0,2047,1307
2460,2460,0,2046,491
2461,2461,0,2046,35
2462,2462,0,2046,46
2463,2463,0,2046,520
2464,2464,0,2046,1348
2465,2465,0,2046,2336
2466,2466,0,2046,3255
2467,2467,0,2046,3891
2468,2468,0,2047,4095
2469,2469,0,2046,3821
2470,2470,0,2046,3131
2471,2471,0,2046,2188
2472,2472,0,2046,1208
2473,2473,0,2046,423
2474,2474,0,2046,14
2475,2475,0,2046,75
2476,2476,0,2046,594
2477,2477,0,2047,1450
2478,2478,0,2047,2442
2479,2479,0,2046,3340
2480,2480,0,2046,3935
2481,2481,0,2046,4089
2482,2482,0,2047,3765
2483,2483,0,2046,3039
2484,2484,0,2047,2081
2485,2485,0,2046,1112
2486,2486,0,2046,360
2487,2487,0,2046,0
2488,2488,0,2046,110
2489,2489,0,2047,672
2490,2490,0,2046,1552
2491,2491,0,2046,2546
2492,2492,0,2046,3421
2493,2493,0,2046,3973
2494,2494,0,2046,4077
2495,2495,0,2046,3705
2496,2496,0,2047,2944
2497,2497,0,2046,1974
2498,2498,0,2047,1018
2499,2499,0,2046,299
2500,2500,0,2046,0
2501,2501,0,2047,150
2502,2502,0,2046,754
2503,2503,0,2046,1657
2504,2504,0,2047,2649
2505,2505,0,2046,3498
2506,2506,0,2047,4008
2507,2507,0,2046,4058
2508,2508,0,2046,3639
2509,2509,0,2047,2847
2510,2510,0,2046,1866
2511,2511,0,2046,926
2512,2512,0,2046,244
2513,2513,0,2046,0
2514,2514,0,2046,196
2515,2515,0,2047,840
2516,2516,0,2047,1762
2517,2517,0,2047,2751
2518,2518,0,2046,3572
2519,2519,0,2047,4037
2520,2520,0,2046,4036
2521,2521,0,2046,3571
2522,2522,0,2046,2747
2523,2523,0,2046,1760
2524,2524,0,2046,838
2525,2525,0,2046,194
2526,2526,0,2046,0
2527,2527,0,2047,246
2528,2528,0,2046,928
2529,2529,0,2046,1869
2530,2530,0,2046,2850
2531,2531,0,2047,3641
2532,2532,0,2046,4059
2533,2533,0,2046,4007
2534,2534,0,2046,3497
2535,2535,0,2046,2646
2536,2536,0,2047,1654
2537,2537,0,2047,752
2538,2538,0,2047,149
2539,2539,0,2046,0
2540,2540,0,2046,300
2541,2541,0,2047,1019
2542,2542,0,2047,1976
2543,2543,0,2047,2947
2544,2544,0,2046,3706
2545,2545,0,2046,4076
2546,2546,0,2046,3974
2547,2547,0,2046,3418
2548,2548,0,2046,2544
2549,2549,0,2047,1550
2550,2550,0,2047,670
2551,2551,0,2046,109
2552,2552,0,2047,0
2553,2553,0,2046,360
2554,2554,0,2046,1114
2555,2555,0,2047,2084
2556,2556,0,2047,3041
2557,2557,0,2046,3766
2558,2558,0,2047,4089
2559,2559,0,2046,3934
2560,2560,0,2047,3338
2561,2561,0,2047,2439
2562,2562,0,2047,1447
2563,2563,0,2046,593
2564,2564,0,2046,74
2565,2565,0,2047,14
2566,2566,0,2047,425
2567,2567,0,2046,1211
2568,2568,0,2046,2190
2569,2569,0,2047,3134
2570,2570,0,2046,3822
2571,2571,0,2046,4095
2572,2572,0,2046,3889
2573,2573,0,2046,3253
2574,2574,0,2047,2333
2575,2575,0,2046,1345
2576,2576,0,2046,518
2577,2577,0,2047,45
2578,2578,0,2047,36
2579,2579,0,2046,493
2580,2580,0,2047,1311
2581,2581,0,2046,2297
2582,2582,0,2046,3222
2583,2583,0,2047,3874
2584,2584,0,2046,4095
2585,2585,0,2047,3840
2586,2586,0,2046,3165
2587,2587,0,2046,2227
2588,2588,0,2047,1245
2589,2589,0,2046,448
2590,2590,0,2047,21
2591,2591,0,2046,64
2592,2592,0,2046,567
2593,2593,0,2046,1411
2594,2594,0,2047,2402
2595,2595,0,2046,3309
2596,2596,0,2047,3919
2597,2597,0,2046,4093
2598,2598,0,2046,3787
2599,2599,0,2046,3073
2600,2600,0,2046,2120
2601,2601,0,2046,1148
2602,2602,0,2046,382
2603,2603,0,2046,3
2604,2604,0,2046,97
2605,2605,0,2047,643
2606,2606,0,2046,1514
2607,2607,0,2047,2507
2608,2608,0,2046,3391
2609,2609,0,2046,3960
2610,2610,0,2046,4081
2611,2611,0,2047,3727
2612,2612,0,2046,2979
2613,2613,0,2046,2013
2614,2614,0,2047,1052
2615,2615,0,2046,320
2616,2616,0,2046,0
2617,2617,0,2046,135
2618,2618,0,2046,723
2619,2619,0,2046,1618
2620,2620,0,2046,2610
2621,2621,0,2047,3470
2622,2622,0,2047,3996
2623,2623,0,2046,4066
2624,2624,0,2046,3664
2625,2625,0,2046,2884
2626,2626,0,2047,1906
2627,2627,0,2047,960
2628,2628,0,2047,264
2629,2629,0,2046,0
2630,2630,0,2047,178
2631,2631,0,2046,807
2632,2632,0,2046,1724
2633,2633,0,2047,2712
2634,2634,0,2046,3546
2635,2635,0,2046,4026
2636,2636,0,2046,4046
2637,2637,0,2047,3596
2638,2638,0,2046,2785
2639,2639,0,2046,1800
2640,2640,0,2046,870
2641,2641,0,2046,212
2642,2642,0,2046,0
2643,2643,0,2047,226
2644,2644,0,2047,895
2645,2645,0,2047,1830
2646,2646,0,2047,2812
2647,2647,0,2046,3616
2648,2648,0,2046,4051
2649,2649,0,2046,4018
2650,2650,0,2047,3525
2651,2651,0,2046,2684
2652,2652,0,2046,1693
2653,2653,0,2046,783
2654,2654,0,2046,166
2655,2655,0,2046,0
2656,2656,0,2047,280
2657,2657,0,2046,985
2658,2658,0,2046,1936
2659,2659,0,2046,2911
2660,2660,0,2046,3682
2661,2661,0,2047,4071
2662,2662,0,2046,3987
2663,2663,0,2046,3449
2664,2664,0,2047,2582
2665,2665,0,2047,1588
2666,2666,0,2046,700
2667,2667,0,2046,123
2668,2668,0,2046,0
2669,2669,0,2046,338
2670,2670,0,2046,1078
2671,2671,0,2046,2044
2672,2672,0,2046,3007
2673,2673,0,2046,3745
2674,2674,0,2046,4085
2675,2675,0,2046,3949
2676,2676,0,2047,3368
2677,2677,0,2046,2478
2678,2678,0,2047,1485
2679,2679,0,2046,621
2680,2680,0,2046,87
2681,2681,0,2046,7
2682,2682,0,2047,400
2683,2683,0,2046,1175
2684,2684,0,2046,2150
2685,2685,0,2047,3100
2686,2686,0,2047,3802
2687,2687,0,2046,4094
2688,2688,0,2046,3907
2689,2689,0,2046,3285
2690,2690,0,2046,2373
2691,2691,0,2046,1382
2692,2692,0,2047,546
2693,2693,0,2046,55
2694,2694,0,2046,27
2695,2695,0,2046,467
2696,2696,0,2046,1273
2697,2697,0,2047,2257
2698,2698,0,2047,3190
2699,2699,0,2047,3855
2700,2700,0,2046,4095
2701,2701,0,2046,3860
2702,2702,0,2046,3198
2703,2703,0,2046,2267
2704,2704,0,2046,1282
2705,2705,0,2046,474
2706,2706,0,2046,29
2707,2707,0,2047,53
2708,2708,0,2047,539
2709,2709,0,2046,1373
2710,2710,0,2047,2363
2711,2711,0,2046,3277
2712,2712,0,2047,3903
2713,2713,0,2046,4095
2714,2714,0,2046,3807
2715,2715,0,2046,3108
2716,2716,0,2046,2160
2717,2717,0,2046,1184
2718,2718,0,2046,407
2719,2719,0,2046,9
2720,2720,0,2046,83
2721,2721,0,2046,614
2722,2722,0,2047,1475
2723,2723,0,2046,2469
2724,2724,0,2046,3362
2725,2725,0,2046,3945
2726,2726,0,2046,4087
2727,2727,0,2046,3750
2728,2728,0,2046,3015
2729,2729,0,2046,2053
2730,2730,0,2047,1088
2731,2731,0,2046,343
2732,2732,0,2047,0
2733,2733,0,2047,120
2734,2734,0,2047,693
2735,2735,0,2046,1579
2736,2736,0,2046,2572
2737,2737,0,2046,3441
2738,2738,0,2047,3983
2739,2739,0,2047,4073
2740,2740,0,2046,3688
2741,2741,0,2047,2920
2742,2742,0,2046,1946
2743,2743,0,2047,994
2744,2744,0,2046,285
2745,2745,0,2047,0
2746,2746,0,2046,162
2747,2747,0,2046,776
2748,2748,0,2047,1684
2749,2749,0,2047,2675
2750,2750,0,2046,3517
2751,2751,0,2047,4016
2752,2752,0,2046,4054
2753,2753,0,2046,3622
2754,2754,0,2046,2822
2755,2755,0,2047,1839
2756,2756,0,2046,903
2757,2757,0,2047,231
2758,2758,0,2046,0
2759,2759,0,2046,208
2760,2760,0,2046,862
2761,2761,0,2046,1790
2762,2762,0,2046,2775
2763,2763,0,2047,3590
2764,2764,0,2046,4043
2765,2765,0,2047,4029
2766,2766,0,2047,3552
2767,2767,0,2047,2722
2768,2768,0,2046,1733
2769,2769,0,2047,815
2770,2770,0,2046,182
2771,2771,0,2047,0
2772,2772,0,2046,258
2773,2773,0,2046,951
2774,2774,0,2046,1897
2775,2775,0,2046,2874
2776,2776,0,2047,3658
2777,2777,0,2046,4064
2778,2778,0,2046,3999
2779,2779,0,2046,3477
2780,2780,0,2047,2621
2781,2781,0,2046,1628
2782,2782,0,2046,730
2783,2783,0,2046,138
2784,2784,0,2046,0
2785,2785,0,2046,316
2786,2786,0,2047,1043
2787,2787,0,2047,2003
2788,2788,0,2046,2971
2789,2789,0,2047,3722
2790,2790,0,2046,4080
2791,2791,0,2046,3964
2792,2792,0,2047,3399
2793,2793,0,2047,2517
2794,2794,0,2046,1524
2795,2795,0,2046,650
2796,2796,0,2046,100
2797,2797,0,2046,1
2798,2798,0,2047,376
2799,2799,0,2046,1139
2800,2800,0,2046,2111
2801,2801,0,2046,3065
2802,2802,0,2047,3782
2803,2803,0,2047,4092
2804,2804,0,2046,3923
2805,2805,0,2046,3316
2806,2806,0,2047,2411
2807,2807,0,2046,1420
2808,2808,0,2046,573
2809,2809,0,2046,66
2810,2810,0,2046,19
2811,2811,0,2046,442
2812,2812,0,2046,1236
2813,2813,0,2046,2218
2814,2814,0,2046,3157
2815,2815,0,2046,3836
2816,2816,0,2047,4095
2817,2817,0,2047,3877
2818,2818,0,2046,3230
2819,2819,0,2046,2306
2820,2820,0,2046,1319
2821,2821,0,2046,500
2822,2822,0,2046,38
2823,2823,0,2047,43
2824,2824,0,2047,512
2825,2825,0,2046,1336
2826,2826,0,2046,2324
2827,2827,0,2046,3245
2828,2828,0,2046,3885
2829,2829,0,2047,4095
2830,2830,0,2047,3827
2831,2831,0,2047,3142
2832,2832,0,2047,2199
2833,2833,0,2047,1221
2834,2834,0,2047,431
2835,2835,0,2046,15
2836,2836,0,2046,71
2837,2837,0,2047,585
2838,2838,0,2046,1437
2839,2839,0,2047,2430
2840,2840,0,2047,3330
2841,2841,0,2046,3931
2842,2842,0,2046,4091
2843,2843,0,2047,3772
2844,2844,0,2047,3050
2845,2845,0,2046,2092
2846,2846,0,2047,1123
2847,2847,0,2047,366
2848,2848,0,2047,0
2849,2849,0,2046,105
2850,2850,0,2047,663
2851,2851,0,2046,1541
2852,2852,0,2046,2534
2853,2853,0,2046,3411
2854,2854,0,2046,3969
2855,2855,0,2046,4078
2856,2856,0,2047,3712
2857,2857,0,2046,2955
2858,2858,0,2046,1986
2859,2859,0,2046,1029
2860,2860,0,2046,306
2861,2861,0,2047,0
2862,2862,0,2046,146
2863,2863,0,2047,744
2864,2864,0,2047,1644
2865,2865,0,2047,2637
2866,2866,0,2046,3490
2867,2867,0,2047,4004
2868,2868,0,2047,4061
2869,2869,0,2047,3648
2870,2870,0,2047,2859
2871,2871,0,2046,1879
2872,2872,0,2046,936
2873,2873,0,2047,251
2874,2874,0,2046,0
2875,2875,0,2046,190
2876,2876,0,2046,830
2877,2877,0,2046,1751
2878,2878,0,2046,2739
2879,2879,0,2046,3564
2880,2880,0,2047,4033
2881,2881,0,2047,4039
2882,2882,0,2047,3578
2883,2883,0,2046,2760
2884,2884,0,2046,1773
2885,2885,0,2046,847
2886,2886,0,2047,199
2887,2887,0,2046,0
2888,2888,0,2046,241
2889,2889,0,2047,917
2890,2890,0,2046,1857
2891,2891,0,2046,2838
2892,2892,0,2046,3633
2893,2893,0,2047,4057
2894,2894,0,2047,4011
2895,2895,0,2047,3505
2896,2896,0,2046,2658
2897,2897,0,2046,1667
2898,2898,0,2046,762
2899,2899,0,2046,154
2900,2900,0,2046,0
2901,2901,0,2046,294
2902,2902,0,2047,1009
2903,2903,0,2046,1963
2904,2904,0,2046,2936
2905,2905,0,2046,3699
2906,2906,0,2046,4075
2907,2907,0,2047,3978
2908,2908,0,2046,3428
2909,2909,0,2047,2555
2910,2910,0,2047,1562
2911,2911,0,2047,679
2912,2912,0,2047,114
2913,2913,0,2046,0
2914,2914,0,2046,353
2915,2915,0,2046,1104
2916,2916,0,2046,2071
2917,2917,0,2046,3031
2918,2918,0,2046,3760
2919,2919,0,2046,4088
2920,2920,0,2046,3939
2921,2921,0,2047,3347
2922,2922,0,2046,2451
2923,2923,0,2046,1458
2924,2924,0,2046,601
2925,2925,0,2047,78
2926,2926,0,2046,11
2927,2927,0,2046,417
2928,2928,0,2046,1200
2929,2929,0,2046,2178
2930,2930,0,2046,3123
2931,2931,0,2046,3817
2932,2932,0,2046,4095
2933,2933,0,2046,3896
2934,2934,0,2046,3263
2935,2935,0,2046,2345
2936,2936,0,2047,1357
2937,2937,0,2046,527
2938,2938,0,2046,48
2939,2939,0,2046,34
2940,2940,0,2046,486
2941,2941,0,2046,1299
2942,2942,0,2046,2285
2943,2943,0,2046,3213
2944,2944,0,2046,3869
2945,2945,0,2047,4095
2946,2946,0,2047,3846
2947,2947,0,2046,3175
2948,2948,0,2047,2239
2949,2949,0,2046,1257
2950,2950,0,2046,456
2951,2951,0,2046,23
2952,2952,0,2046,60
2953,2953,0,2046,557
2954,2954,0,2046,1400
2955,2955,0,2046,2390
2956,2956,0,2046,3300
2957,2957,0,2046,3915
2958,2958,0,2046,4093
2959,2959,0,2047,3793
2960,2960,0,2046,3085
2961,2961,0,2046,2132
2962,2962,0,2047,1158
2963,2963,0,2046,389
2964,2964,0,2046,4
2965,2965,0,2046,92
2966,2966,0,2046,634
2967,2967,0,2046,1502
2968,2968,0,2046,2495
2969,2969,0,2046,3382
2970,2970,0,2046,3956
2971,2971,0,2046,4084
2972,2972,0,2047,3735
2973,2973,0,2046,2991
2974,2974,0,2046,2025
2975,2975,0,2046,1063
2976,2976,0,2047,327
2977,2977,0,2047,0
2978,2978,0,2046,130
2979,2979,0,2046,713
2980,2980,0,2047,1605
2981,2981,0,2047,2598
2982,2982,0,2046,3461
2983,2983,0,2047,3992
2984,2984,0,2047,4068
2985,2985,0,2047,3672
2986,2986,0,2046,2895
2987,2987,0,2047,1918
2988,2988,0,2046,970
2989,2989,0,2047,270
2990,2990,0,2046,0
2991,2991,0,2047,173
2992,2992,0,2047,798
2993,2993,0,2046,1711
2994,2994,0,2045,2701
2995,2995,0,2046,3537
2996,2996,0,2046,4023
2997,2997,0,2046,4048
2998,2998,0,2047,3605
2999,2999,0,2046,2796
3000,3000,0,2046,1812
3001,3001,0,2046,880
3002,3002,0,2046,218
3003,3003,0,2046,0
3004,3004,0,2046,221
3005,3005,0,2046,885
3006,3006,0,2046,1818
3007,3007,0,2046,2802
3008,3008,0,2047,3608
3009,3009,0,2047,4049
3010,3010,0,2046,4023
3011,3011,0,2046,3532
3012,3012,0,2047,2696
3013,3013,0,2046,1706
3014,3014,0,2046,793
3015,3015,0,2046,170
3016,3016,0,2046,0
3017,3017,0,2047,274
3018,3018,0,2046,975
3019,3019,0,2047,1924
3020,3020,0,2046,2900
3021,3021,0,2046,3675
3022,3022,0,2046,4069
3023,3023,0,2046,3991
3024,3024,0,2046,3457
3025,3025,0,2046,2593
3026,3026,0,2046,1600
3027,3027,0,2046,710
3028,3028,0,2047,128
3029,3029,0,2046,0
3030,3030,0,2046,330
3031,3031,0,2047,1068
3032,3032,0,2046,2032
3033,3033,0,2046,2996
3034,3034,0,2046,3738
3035,3035,0,2046,4084
3036,3036,0,2047,3954
3037,3037,0,2046,3378
3038,3038,0,2046,2489
3039,3039,0,2046,1497
3040,3040,0,2046,630
3041,3041,0,2046,90
3042,3042,0,2047,5
3043,3043,0,2047,392
3044,3044,0,2047,1164
3045,3045,0,2046,2138
3046,3046,0,2046,3089
3047,3047,0,2047,3796
3048,3048,0,2046,4093
3049,3049,0,2046,3913
3050,3050,0,2046,3295
3051,3051,0,2046,2384
3052,3052,0,2046,1394
3053,3053,0,2046,553
3054,3054,0,2046,58
3055,3055,0,2046,25
3056,3056,0,2047,459
3057,3057,0,2046,1262
3058,3058,0,2047,2246
3059,3059,0,2047,3181
3060,3060,0,2046,3849
3061,3061,0,2046,4095
3062,3062,0,2045,3865
3063,3063,0,2046,3208
3064,3064,0,2047,2279
3065,3065,0,2046,1293
3066,3066,0,2046,482
3067,3067,0,2046,31
3068,3068,0,2047,49
3069,3069,0,2046,530
3070,3070,0,2046,1362
3071,3071,0,2046,2351
3072,3072,0,2046,3268
3073,3073,0,2046,3898
3074,3074,0,2046,4095
3075,3075,0,2046,3813
3076,3076,0,2046,3118
3077,3077,0,2046,2172
3078,3078,0,2047,1194
3079,3079,0,2046,413
3080,3080,0,2047,11
3081,3081,0,2046,79
3082,3082,0,2047,606
3083,3083,0,2046,1464
3084,3084,0,2046,2457
3085,3085,0,2046,3351
3086,3086,0,2046,3941
3087,3087,0,2046,4088
3088,3088,0,2046,3757
3089,3089,0,2046,3026
3090,3090,0,2046,2066
3091,3091,0,2046,1098
3092,3092,0,2047,350
3093,3093,0,2046,0
3094,3094,0,2046,115
3095,3095,0,2046,684
3096,3096,0,2047,1567
3097,3097,0,2047,2561
3098,3098,0,2046,3432
3099,3099,0,2046,3979
3100,3100,0,2046,4075
3101,3101,0,2047,3696
3102,3102,0,2046,2931
3103,3103,0,2046,1958
3104,3104,0,2046,1004
3105,3105,0,2047,291
3106,3106,0,2047,0
3107,3107,0,2046,157
3108,3108,0,2046,766
3109,3109,0,2047,1672
3110,3110,0,2046,2664
3111,3111,0,2047,3509
3112,3112,0,2047,4013
3113,3113,0,2047,4055
3114,3114,0,2047,3630
3115,3115,0,2047,2833
3116,3116,0,2047,1851
3117,3117,0,2046,913
3118,3118,0,2046,237
3119,3119,0,2047,0
3120,3120,0,2047,202
3121,3121,0,2046,852
3122,3122,0,2047,1778
3123,3123,0,2047,2765
3124,3124,0,2047,3582
3125,3125,0,2046,4040
3126,3126,0,2047,4032
3127,3127,0,2046,3560
3128,3128,0,2046,2733
3129,3129,0,2046,1745
3130,3130,0,2046,825
3131,3131,0,2046,188
3132,3132,0,2046,0
3133,3133,0,2046,254
3134,3134,0,2047,941
3135,3135,0,2046,1885
3136,3136,0,2046,2865
3137,3137,0,2047,3651
3138,3138,0,2047,4063
3139,3139,0,2046,4003
3140,3140,0,2046,3486
3141,3141,0,2046,2631
3142,3142,0,2046,1638
3143,3143,0,2046,740
3144,3144,0,2046,144
3145,3145,0,2046,0
3146,3146,0,2047,308
3147,3147,0,2047,1033
3148,3148,0,2046,1992
3149,3149,0,2047,2961
3150,3150,0,2046,3715
3151,3151,0,2046,4079
3152,3152,0,2047,3968
3153,3153,0,2047,3408
3154,3154,0,2046,2528
3155,3155,0,2046,1535
3156,3156,0,2046,659
3157,3157,0,2046,104
3158,3158,0,2047,0
3159,3159,0,2046,369
3160,3160,0,2046,1128
3161,3161,0,2046,2099
3162,3162,0,2046,3055
3163,3163,0,2046,3775
3164,3164,0,2047,4091
3165,3165,0,2046,3928
3166,3166,0,2046,3326
3167,3167,0,2046,2424
3168,3168,0,2046,1432
3169,3169,0,2046,581
3170,3170,0,2047,69
3171,3171,0,2046,17
3172,3172,0,2047,435
3173,3173,0,2047,1226
3174,3174,0,2046,2206
3175,3175,0,2046,3147
3176,3176,0,2046,3830
3177,3177,0,2046,4095
3178,3178,0,2047,3883
3179,3179,0,2047,3240
3180,3180,0,2046,2318
3181,3181,0,2046,1331
3182,3182,0,2046,507
3183,3183,0,2047,41
3184,3184,0,2046,39
3185,3185,0,2046,503
3186,3186,0,2047,1325
3187,3187,0,2046,2312
3188,3188,0,2046,3236
3189,3189,0,2046,3881
3190,3190,0,2047,4095
3191,3191,0,2047,3834
3192,3192,0,2046,3151
3193,3193,0,2047,2212
3194,3194,0,2047,1231
3195,3195,0,2046,438
3196,3196,0,2046,17
3197,3197,0,2046,68
3198,3198,0,2047,578
3199,3199,0,2046,1426
3200,3200,0,2046,2418
3201,3201,0,2047,3321
3202,3202,0,2047,3926
3203,3203,0,2046,4092
3204,3204,0,2046,3779
3205,3205,0,2046,3060
3206,3206,0,2047,2105
3207,3207,0,2046,1133
3208,3208,0,2047,373
3209,3209,0,2046,0
3210,3210,0,2047,101
3211,3211,0,2046,654
3212,3212,0,2046,1529
3213,3213,0,2046,2522
3214,3214,0,2047,3403
3215,3215,0,2046,3966
3216,3216,0,2046,4080
3217,3217,0,2047,3718
3218,3218,0,2046,2966
3219,3219,0,2047,1997
3220,3220,0,2046,1038
3221,3221,0,2047,312
3222,3222,0,2046,0
3223,3223,0,2046,140
3224,3224,0,2047,736
3225,3225,0,2046,1633
3226,3226,0,2047,2625
3227,3227,0,2047,3482
3228,3228,0,2046,4000
3229,3229,0,2047,4063
3230,3230,0,2046,3655
3231,3231,0,2047,2869
3232,3232,0,2046,1890
3233,3233,0,2047,947
3234,3234,0,2046,256
3235,3235,0,2046,0
3236,3236,0,2046,185
3237,3237,0,2046,820
3238,3238,0,2047,1739
3239,3239,0,2046,2727
3240,3240,0,2046,3555
3241,3241,0,2047,4030
3242,3242,0,2046,4041
3243,3243,0,2047,3586
3244,3244,0,2047,2770
3245,3245,0,2046,1784
3246,3246,0,2046,857
3247,3247,0,2046,205
3248,3248,0,2047,0
3249,3249,0,2047,234
3250,3250,0,2047,908
3251,3251,0,2046,1845
3252,3252,0,2047,2828
3253,3253,0,2047,3626
3254,3254,0,2047,4055
3255,3255,0,2046,4014
3256,3256,0,2047,3514
3257,3257,0,2046,2669
3258,3258,0,2046,1678
3259,3259,0,2046,771
3260,3260,0,2046,159
3261,3261,0,2046,0
3262,3262,0,2047,288
3263,3263,0,2046,998
3264,3264,0,2046,1952
3265,3265,0,2047,2926
3266,3266,0,2047,3691
3267,3267,0,2046,4073
3268,3268,0,2046,3982
3269,3269,0,2046,3438
3270,3270,0,2047,2567
3271,3271,0,2047,1574
3272,3272,0,2046,688
3273,3273,0,2046,118
3274,3274,0,2046,0
3275,3275,0,2046,346
3276,3276,0,2047,1093
3277,3277,0,2047,2059
3278,3278,0,2047,3021
3279,3279,0,2046,3753
3280,3280,0,2047,4087
3281,3281,0,2047,3944
3282,3282,0,2046,3356
3283,3283,0,2046,2462
3284,3284,0,2046,1470
3285,3285,0,2046,610
3286,3286,0,2046,82
3287,3287,0,2046,10
3288,3288,0,2046,410
3289,3289,0,2046,1190
3290,3290,0,2047,2165
3291,3291,0,2046,3113
3292,3292,0,2046,3811
3293,3293,0,2046,4094
3294,3294,0,2046,3901
3295,3295,0,2046,3272
3296,3296,0,2046,2357
3297,3297,0,2047,1367
3298,3298,0,2047,534
3299,3299,0,2047,51
3300,3300,0,2046,30
3301,3301,0,2046,478
3302,3302,0,2046,1288
3303,3303,0,2047,2272
3304,3304,0,2046,3203
3305,3305,0,2047,3862
3306,3306,0,2047,4095
3307,3307,0,2046,3852
3308,3308,0,2047,3185
3309,3309,0,2046,2251
3310,3310,0,2046,1267
3311,3311,0,2047,463
3312,3312,0,2046,25
3313,3313,0,2047,57
3314,3314,0,2046,549
3315,3315,0,2047,1388
3316,3316,0,2047,2379
3317,3317,0,2046,3289
3318,3318,0,2046,3909
3319,3319,0,2047,4094
3320,3320,0,2046,3799
3321,3321,0,2046,3094
3322,3322,0,2046,2145
3323,3323,0,2046,1169
3324,3324,0,2046,397
3325,3325,0,2046,6
3326,3326,0,2046,89
3327,3327,0,2047,625
3328,3328,0,2046,1491
3329,3329,0,2046,2484
3330,3330,0,2046,3373
3331,3331,0,2047,3951
3332,3332,0,2046,4085
3333,3333,0,2046,3742
3334,3334,0,2046,3002
3335,3335,0,2047,2037
3336,3336,0,2046,1074
3337,3337,0,2046,334
3338,3338,0,2046,0
3339,3339,0,2046,126
3340,3340,0,2047,705
3341,3341,0,2047,1595
3342,3342,0,2046,2587
3343,3343,0,2046,3453
3344,3344,0,2046,3988
3345,3345,0,2046,4070
3346,3346,0,2047,3679
3347,3347,0,2047,2906
3348,3348,0,2047,1930
3349,3349,0,2046,980
3350,3350,0,2046,276
3351,3351,0,2046,0
3352,3352,0,2046,168
3353,3353,0,2046,788
3354,3354,0,2046,1699
3355,3355,0,2046,2690
3356,3356,0,2047,3529
3357,3357,0,2046,4020
3358,3358,0,2046,4050
3359,3359,0,2046,3612
3360,3360,0,2046,2807
3361,3361,0,2047,1824
3362,3362,0,2047,890
3363,3363,0,2046,224
3364,3364,0,2046,0
3365,3365,0,2047,216
3366,3366,0,2047,875
3367,3367,0,2046,1806
3368,3368,0,2046,2790
3369,3369,0,2046,3600
3370,3370,0,2046,4047
3371,3371,0,2046,4025
3372,3372,0,2047,3541
3373,3373,0,2046,2707
3374,3374,0,2046,1719
3375,3375,0,2046,803
3376,3376,0,2047,175
3377,3377,0,2046,0
3378,3378,0,2047,268
3379,3379,0,2046,964
3380,3380,0,2047,1913
3381,3381,0,2046,2890
3382,3382,0,2046,3668
3383,3383,0,2046,4067
3384,3384,0,2046,3994
3385,3385,0,2047,3465
3386,3386,0,2047,2604
3387,3387,0,2046,1613
3388,3388,0,2046,719
3389,3389,0,2047,133
3390,3390,0,2047,0
3391,3391,0,2046,325
3392,3392,0,2046,1057
3393,3393,0,2046,2019
3394,3394,0,2047,2986
3395,3395,0,2046,3731
3396,3396,0,2047,4083
3397,3397,0,2047,3958
3398,3398,0,2046,3386
3399,3399,0,2047,2501
3400,3400,0,2046,1508
3401,3401,0,2046,639
3402,3402,0,2046,95
3403,3403,0,2046,3
3404,3404,0,2046,385
3405,3405,0,2046,1153
3406,3406,0,2046,2127
3407,3407,0,2047,3079
3408,3408,0,2047,3790
3409,3409,0,2046,4092
3410,3410,0,2046,3917
3411,3411,0,2046,3304
3412,3412,0,2047,2396
3413,3413,0,2046,1405
3414,3414,0,2046,562
3415,3415,0,2046,62
3416,3416,0,2047,22
3417,3417,0,2047,453
3418,3418,0,2046,1251
3419,3419,0,2047,2233
3420,3420,0,2046,3169
3421,3421,0,2046,3844
3422,3422,0,2046,4095
3423,3423,0,2047,3871
3424,3424,0,2046,3218
3425,3425,0,2046,2290
3426,3426,0,2046,1305
3427,3427,0,2047,490
3428,3428,0,2046,34
3429,3429,0,2046,47
3430,3430,0,2046,522
3431,3431,0,2046,1351
3432,3432,0,2046,2339
3433,3433,0,2046,3258
3434,3434,0,2047,3893
3435,3435,0,2046,4095
3436,3436,0,2047,3819
3437,3437,0,2047,3128
3438,3438,0,2046,2183
3439,3439,0,2047,1206
3440,3440,0,2047,421
3441,3441,0,2047,13
3442,3442,0,2046,77
3443,3443,0,2046,597
3444,3444,0,2046,1453
3445,3445,0,2046,2445
3446,3446,0,2047,3343
3447,3447,0,2046,3937
3448,3448,0,2047,4089
3449,3449,0,2046,3764
3450,3450,0,2046,3037
3451,3451,0,2047,2077
3452,3452,0,2046,1108
3453,3453,0,2046,357
3454,3454,0,2047,0
3455,3455,0,2046,111
3456,3456,0,2046,675
3457,3457,0,2046,1557
3458,3458,0,2046,2549
3459,3459,0,2046,3424
3460,3460,0,2047,3975
3461,3461,0,2047,4077
3462,3462,0,2046,3702
3463,3463,0,2046,2941
3464,3464,0,2047,1970
3465,3465,0,2047,1014
3466,3466,0,2046,298
3467,3467,0,2047,0
3468,3468,0,2047,151
3469,3469,0,2046,757
3470,3470,0,2046,1661
3471,3471,0,2047,2652
3472,3472,0,2047,3501
3473,3473,0,2046,4009
3474,3474,0,2046,4059
3475,3475,0,2046,3637
3476,3476,0,2047,2844
3477,3477,0,2047,1863
3478,3478,0,2046,923
3479,3479,0,2046,243
3480,3480,0,2046,0
3481,3481,0,2046,197
3482,3482,0,2046,843
3483,3483,0,2046,1767
3484,3484,0,2046,2753
3485,3485,0,2046,3574
3486,3486,0,2046,4038
3487,3487,0,2047,4035
3488,3488,0,2046,3568
3489,3489,0,2047,2744
3490,3490,0,2046,1757
3491,3491,0,2047,834
3492,3492,0,2046,193
3493,3493,0,2047,0
3494,3494,0,2046,248
3495,3495,0,2046,931
3496,3496,0,2047,1873
3497,3497,0,2046,2853
3498,3498,0,2046,3643
3499,3499,0,2046,4060
3500,3500,0,2046,4007
3501,3501,0,2046,3494
3502,3502,0,2046,2643
3503,3503,0,2046,1650
3504,3504,0,2046,750
3505,3505,0,2046,148
3506,3506,0,2046,0
3507,3507,0,2046,302
3508,3508,0,2046,1024
3509,3509,0,2046,1980
3510,3510,0,2046,2950
3511,3511,0,2046,3707
3512,3512,0,2047,4077
3513,3513,0,2046,3973
3514,3514,0,2047,3416
3515,3515,0,2047,2540
3516,3516,0,2046,1546
3517,3517,0,2046,667
3518,3518,0,2046,108
3519,3519,0,2046,0
3520,3520,0,2046,363
3521,3521,0,2046,1118
3522,3522,0,2046,2086
3523,3523,0,2046,3045
3524,3524,0,2046,3769
3525,3525,0,2046,4089
3526,3526,0,2046,3933
3527,3527,0,2046,3335
3528,3528,0,2047,2435
3529,3529,0,2046,1444
3530,3530,0,2046,590
3531,3531,0,2046,73
3532,3532,0,2046,15
3533,3533,0,2046,426
3534,3534,0,2047,1214
3535,3535,0,2046,2194
3536,3536,0,2047,3137
3537,3537,0,2046,3824
3538,3538,0,2046,4095
3539,3539,0,2047,3888
3540,3540,0,2047,3250
3541,3541,0,2046,2330
3542,3542,0,2046,1341
3543,3543,0,2046,515
3544,3544,0,2046,44
3545,3545,0,2046,37
3546,3546,0,2046,496
3547,3547,0,2046,1313
3548,3548,0,2047,2300
3549,3549,0,2047,3226
3550,3550,0,2046,3875
3551,3551,0,2046,4095
3552,3552,0,2046,3839
3553,3553,0,2047,3162
3554,3554,0,2046,2223
3555,3555,0,2047,1242
3556,3556,0,2046,446
3557,3557,0,2046,20
3558,3558,0,2046,64
3559,3559,0,2047,569
3560,3560,0,2047,1415
3561,3561,0,2046,2407
3562,3562,0,2046,3312
3563,3563,0,2047,3921
3564,3564,0,2047,4092
3565,3565,0,2047,3785
3566,3566,0,2046,3070
3567,3567,0,2046,2116
3568,3568,0,2046,1144
3569,3569,0,2046,380
3570,3570,0,2046,1
3571,3571,0,2047,98
3572,3572,0,2047,646
3573,3573,0,2046,1518
3574,3574,0,2047,2511
3575,3575,0,2046,3394
3576,3576,0,2046,3961
3577,3577,0,2046,4081
3578,3578,0,2046,3725
3579,3579,0,2046,2977
3580,3580,0,2046,2010
3581,3581,0,2046,1049
3582,3582,0,2046,319
3583,3583,0,2046,0
3584,3584,0,2047,136
3585,3585,0,2046,726
3586,3586,0,2046,1622
3587,3587,0,2047,2614
3588,3588,0,2047,3473
3589,3589,0,2047,3998
3590,3590,0,2046,4066
3591,3591,0,2046,3662
3592,3592,0,2047,2881
3593,3593,0,2046,1902
3594,3594,0,2046,957
3595,3595,0,2046,262
3596,3596,0,2046,0
3597,3597,0,2047,180
3598,3598,0,2046,810
3599,3599,0,2046,1728
3600,3600,0,2047,2716
3601,3601,0,2046,3548
3602,3602,0,2046,4027
3603,3603,0,2046,4044
3604,3604,0,2046,3594
3605,3605,0,2046,2781
3606,3606,0,2046,1797
3607,3607,0,2047,867
3608,3608,0,2046,211
3609,3609,0,2046,0
3610,3610,0,2046,228
3611,3611,0,2046,898
3612,3612,0,2047,1834
3613,3613,0,2046,2816
3614,3614,0,2046,3619
3615,3615,0,2046,4052
3616,3616,0,2046,4017
3617,3617,0,2046,3522
3618,3618,0,2046,2680
3619,3619,0,2047,1690
3620,3620,0,2047,781
3621,3621,0,2046,164
3622,3622,0,2046,0
3623,3623,0,2046,281
3624,3624,0,2047,989
3625,3625,0,2046,1941
3626,3626,0,2046,2915
3627,3627,0,2047,3685
3628,3628,0,2047,4072
3629,3629,0,2047,3986
3630,3630,0,2046,3445
3631,3631,0,2046,2578
3632,3632,0,2046,1585
3633,3633,0,2046,697
3634,3634,0,2047,122
3635,3635,0,2046,0
3636,3636,0,2047,340
3637,3637,0,2046,1081
3638,3638,0,2046,2048
3639,3639,0,2046,3010
3640,3640,0,2047,3748
3641,3641,0,2046,4086
3642,3642,0,2047,3948
3643,3643,0,2047,3365
3644,3644,0,2047,2474
3645,3645,0,2046,1481
3646,3646,0,2046,618
3647,3647,0,2046,86
3648,3648,0,2046,7
3649,3649,0,2046,402
3650,3650,0,2046,1179
3651,3651,0,2046,2154
3652,3652,0,2047,3103
3653,3653,0,2047,3804
3654,3654,0,2047,4094
3655,3655,0,2046,3906
3656,3656,0,2047,3281
3657,3657,0,2047,2369
3658,3658,0,2046,1379
3659,3659,0,2047,543
3660,3660,0,2047,54
3661,3661,0,2047,27
3662,3662,0,2047,469
3663,3663,0,2046,1277
3664,3664,0,2046,2261
3665,3665,0,2047,3194
3666,3666,0,2047,3857
3667,3667,0,2046,4095
3668,3668,0,2046,3857
3669,3669,0,2047,3195
3670,3670,0,2046,2262
3671,3671,0,2046,1279
3672,3672,0,2047,471
3673,3673,0,2046,28
3674,3674,0,2046,54
3675,3675,0,2046,541
3676,3676,0,2047,1377
3677,3677,0,2047,2367
3678,3678,0,2046,3280
3679,3679,0,2046,3905
3680,3680,0,2046,4094
3681,3681,0,2046,3806
3682,3682,0,2046,3105
3683,3683,0,2046,2155
3684,3684,0,2046,1180
3685,3685,0,2046,404
3686,3686,0,2046,8
3687,3687,0,2046,84
3688,3688,0,2046,617
3689,3689,0,2046,1479
3690,3690,0,2047,2472
3691,3691,0,2046,3364
3692,3692,0,2046,3947
3693,3693,0,2047,4086
3694,3694,0,2046,3748
3695,3695,0,2046,3012
3696,3696,0,2047,2050
3697,3697,0,2047,1085
3698,3698,0,2046,341
3699,3699,0,2047,0
3700,3700,0,2046,121
3701,3701,0,2046,696
3702,3702,0,2047,1583
3703,3703,0,2046,2576
3704,3704,0,2046,3444
3705,3705,0,2046,3984
3706,3706,0,2047,4072
3707,3707,0,2047,3686
3708,3708,0,2047,2916
3709,3709,0,2047,1942
3710,3710,0,2047,990
3711,3711,0,2046,282
3712,3712,0,2046,0
3713,3713,0,2047,163
3714,3714,0,2047,779
3715,3715,0,2046,1688
3716,3716,0,2046,2679
3717,3717,0,2046,3519
3718,3718,0,2047,4017
3719,3719,0,2046,4053
3720,3720,0,2046,3619
3721,3721,0,2046,2818
3722,3722,0,2046,1836
3723,3723,0,2047,900
3724,3724,0,2046,229
3725,3725,0,2046,0
3726,3726,0,2046,210
3727,3727,0,2047,865
3728,3728,0,2045,1793
3729,3729,0,2046,2780
3730,3730,0,2047,3593
3731,3731,0,2046,4043
3732,3732,0,2046,4028
3733,3733,0,2046,3549
3734,3734,0,2047,2718
3735,3735,0,2046,1730
3736,3736,0,2047,812
3737,3737,0,2047,180
3738,3738,0,2047,0
3739,3739,0,2047,261
3740,3740,0,2046,954
3741,3741,0,2046,1901
3742,3742,0,2046,2879
3743,3743,0,2047,3661
3744,3744,0,2047,4066
3745,3745,0,2047,3998
3746,3746,0,2046,3474
3747,3747,0,2047,2616
3748,3748,0,2046,1624
3749,3749,0,2046,728
3750,3750,0,2046,137
3751,3751,0,2046,0
3752,3752,0,2046,317
3753,3753,0,2046,1047
3754,3754,0,2046,2007
3755,3755,0,2047,2975
3756,3756,0,2046,3725
3757,3757,0,2046,4081
3758,3758,0,2046,3963
3759,3759,0,2047,3395
3760,3760,0,2046,2512
3761,3761,0,2046,1520
3762,3762,0,2047,647
3763,3763,0,2046,98
3764,3764,0,2047,2
3765,3765,0,2047,379
3766,3766,0,2047,1142
3767,3767,0,2047,2115
3768,3768,0,2046,3069
3769,3769,0,2046,3783
3770,3770,0,2046,4091
3771,3771,0,2046,3921
3772,3772,0,2046,3314
3773,3773,0,2046,2408
3774,3774,0,2046,1417
3775,3775,0,2046,570
3776,3776,0,2046,65
3777,3777,0,2046,20
3778,3778,0,2047,444
3779,3779,0,2047,1240
3780,3780,0,2047,2221
3781,3781,0,2046,3160
3782,3782,0,2046,3837
3783,3783,0,2047,4095
3784,3784,0,2046,3876
3785,3785,0,2047,3228
3786,3786,0,2047,2302
3787,3787,0,2046,1315
3788,3788,0,2047,497
3789,3789,0,2046,37
3790,3790,0,2046,44
3791,3791,0,2047,515
3792,3792,0,2046,1340
3793,3793,0,2046,2327
3794,3794,0,2046,3248
3795,3795,0,2046,3887
3796,3796,0,2046,4095
3797,3797,0,2047,3825
3798,3798,0,2047,3139
3799,3799,0,2047,2197
3800,3800,0,2046,1216
3801,3801,0,2046,429
3802,3802,0,2047,15
3803,3803,0,2047,72
3804,3804,0,2047,588
3805,3805,0,2047,1441
3806,3806,0,2046,2433
3807,3807,0,2046,3333
3808,3808,0,2046,3932
3809,3809,0,2046,4090
3810,3810,0,2047,3770
3811,3811,0,2046,3046
3812,3812,0,2046,2089
3813,3813,0,2046,1119
3814,3814,0,2047,364
3815,3815,0,2047,0
3816,3816,0,2047,107
3817,3817,0,2047,666
3818,3818,0,2046,1545
3819,3819,0,2047,2538
3820,3820,0,2046,3415
3821,3821,0,2046,3971
3822,3822,0,2046,4078
3823,3823,0,2046,3710
3824,3824,0,2046,2952
3825,3825,0,2046,1982
3826,3826,0,2046,1026
3827,3827,0,2046,304
3828,3828,0,2046,0
3829,3829,0,2046,146
3830,3830,0,2047,748
3831,3831,0,2046,1649
3832,3832,0,2046,2641
3833,3833,0,2046,3492
3834,3834,0,2047,4006
3835,3835,0,2046,4060
3836,3836,0,2046,3645
3837,3837,0,2047,2855
3838,3838,0,2046,1875
3839,3839,0,2046,933
3840,3840,0,2046,248
3841,3841,0,2046,0
3842,3842,0,2047,192
3843,3843,0,2047,833
3844,3844,0,2046,1754
3845,3845,0,2047,2742
3846,3846,0,2046,3566
3847,3847,0,2047,4034
3848,3848,0,2047,4038
3849,3849,0,2046,3576
3850,3850,0,2046,2755
3851,3851,0,2047,1769
3852,3852,0,2046,844
3853,3853,0,2046,197
3854,3854,0,2046,0
3855,3855,0,2047,241
3856,3856,0,2046,921
3857,3857,0,2046,1861
3858,3858,0,2047,2841
3859,3859,0,2047,3635
3860,3860,0,2046,4057
3861,3861,0,2046,4010
3862,3862,0,2046,3502
3863,3863,0,2046,2654
3864,3864,0,2046,1663
3865,3865,0,2046,759
3866,3866,0,2046,152
3867,3867,0,2046,0
3868,3868,0,2047,296
3869,3869,0,2046,1013
3870,3870,0,2046,1968
3871,3871,0,2046,2939
3872,3872,0,2047,3701
3873,3873,0,2047,4076
3874,3874,0,2047,3976
3875,3875,0,2047,3425
3876,3876,0,2046,2551
3877,3877,0,2046,1558
3878,3878,0,2046,677
3879,3879,0,2046,112
3880,3880,0,2047,0
3881,3881,0,2047,356
3882,3882,0,2046,1107
3883,3883,0,2046,2075
3884,3884,0,2046,3034
3885,3885,0,2046,3762
3886,3886,0,2046,4089
3887,3887,0,2046,3938
3888,3888,0,2047,3344
3889,3889,0,2047,2447
3890,3890,0,2046,1455
3891,3891,0,2046,599
3892,3892,0,2046,76
3893,3893,0,2047,13
3894,3894,0,2047,419
3895,3895,0,2047,1203
3896,3896,0,2047,2181
3897,3897,0,2047,3126
3898,3898,0,2046,3819
3899,3899,0,2046,4095
3900,3900,0,2047,3892
3901,3901,0,2046,3260
3902,3902,0,2047,2342
3903,3903,0,2046,1353
3904,3904,0,2046,523
3905,3905,0,2046,47
3906,3906,0,2046,34
3907,3907,0,2047,488
3908,3908,0,2047,1302
3909,3909,0,2046,2288
3910,3910,0,2047,3216
3911,3911,0,2046,3869
3912,3912,0,2046,4095
3913,3913,0,2046,3844
3914,3914,0,2046,3172
3915,3915,0,2046,2235
3916,3916,0,2046,1253
3917,3917,0,2046,453
3918,3918,0,2046,22
3919,3919,0,2046,61
3920,3920,0,2046,560
3921,3921,0,2047,1403
3922,3922,0,2046,2394
3923,3923,0,2046,3302
3924,3924,0,2046,3916
3925,3925,0,2046,4093
3926,3926,0,2046,3791
3927,3927,0,2046,3081
3928,3928,0,2046,2128
3929,3929,0,2046,1155
3930,3930,0,2047,387
3931,3931,0,2047,4
3932,3932,0,2046,94
3933,3933,0,2046,636
3934,3934,0,2047,1506
3935,3935,0,2046,2499
3936,3936,0,2047,3385
3937,3937,0,2047,3957
3938,3938,0,2046,4083
3939,3939,0,2046,3732
3940,3940,0,2047,2988
3941,3941,0,2046,2021
3942,3942,0,2046,1060
3943,3943,0,2046,326
3944,3944,0,2047,0
3945,3945,0,2046,132
3946,3946,0,2046,716
3947,3947,0,2047,1610
3948,3948,0,2046,2602
3949,3949,0,2047,3464
3950,3950,0,2046,3993
3951,3951,0,2047,4068
3952,3952,0,2046,3670
3953,3953,0,2047,2891
3954,3954,0,2046,1915
3955,3955,0,2046,968
3956,3956,0,2046,268
3957,3957,0,2046,0
3958,3958,0,2046,174
3959,3959,0,2046,801
3960,3960,0,2046,1715
3961,3961,0,2046,2704
3962,3962,0,2046,3539
3963,3963,0,2046,4025
3964,3964,0,2046,4047
3965,3965,0,2047,3601
3966,3966,0,2046,2792
3967,3967,0,2046,1808
3968,3968,0,2047,877
3969,3969,0,2046,216
3970,3970,0,2047,0
3971,3971,0,2046,222
3972,3972,0,2047,887
3973,3973,0,2046,1821
3974,3974,0,2046,2805
3975,3975,0,2046,3610
3976,3976,0,2047,4050
3977,3977,0,2046,4021
3978,3978,0,2046,3530
3979,3979,0,2047,2692
3980,3980,0,2046,1702
3981,3981,0,2046,790
3982,3982,0,2046,169
3983,3983,0,2046,0
3984,3984,0,2046,276
3985,3985,0,2046,978
3986,3986,0,2047,1928
3987,3987,0,2047,2903
3988,3988,0,2046,3677
3989,3989,0,2046,4069
3990,3990,0,2047,3989
3991,3991,0,2046,3454
3992,3992,0,2046,2590
3993,3993,0,2046,1597
3994,3994,0,2046,707
3995,3995,0,2047,127
3996,3996,0,2046,0
3997,3997,0,2046,332
3998,3998,0,2046,1072
3999,3999,0,2046,2035
4000,4000,0,2047,2999
4001,4001,0,2047,3740
4002,4002,0,2046,4085
4003,4003,0,2046,3953
4004,4004,0,2047,3374
4005,4005,0,2046,2486
4006,4006,0,2046,1493
4007,4007,0,2046,627
4008,4008,0,2046,89
4009,4009,0,2047,5
4010,4010,0,2046,394
4011,4011,0,2046,1167
4012,4012,0,2046,2143
4013,4013,0,2046,3092
4014,4014,0,2046,3797
4015,4015,0,2046,4093
4016,4016,0,2046,3911
4017,4017,0,2046,3291
4018,4018,0,2047,2381
4019,4019,0,2047,1390
4020,4020,0,2047,551
4021,4021,0,2046,57
4022,4022,0,2047,25
4023,4023,0,2046,462
4024,4024,0,2047,1265
4025,4025,0,2046,2249
4026,4026,0,2046,3183
4027,4027,0,2046,3851
4028,4028,0,2046,4095
4029,4029,0,2047,3863
4030,4030,0,2046,3205
4031,4031,0,2047,2275
4032,4032,0,2046,1290
4033,4033,0,2047,479
4034,4034,0,2047,31
4035,4035,0,2046,50
4036,4036,0,2046,533
4037,4037,0,2046,1366
4038,4038,0,2046,2355
4039,4039,0,2046,3270
4040,4040,0,2046,3900
4041,4041,0,2046,4095
4042,4042,0,2047,3812
4043,4043,0,2047,3115
4044,4044,0,2046,2168
4045,4045,0,2047,1191
4046,4046,0,2046,411
4047,4047,0,2047,10
4048,4048,0,2047,81
4049,4049,0,2046,608
4050,4050,0,2046,1468
4051,4051,0,2047,2460
4052,4052,0,2047,3355
4053,4053,0,2046,3942
4054,4054,0,2047,4088
4055,4055,0,2046,3755
4056,4056,0,2046,3022
4057,4057,0,2046,2062
4058,4058,0,2047,1094
4059,4059,0,2046,348
4060,4060,0,2046,0
4061,4061,0,2046,117
4062,4062,0,2047,686
4063,4063,0,2047,1571
4064,4064,0,2046,2565
4065,4065,0,2046,3435
4066,4066,0,2047,3981
4067,4067,0,2047,4074
4068,4068,0,2047,3693
4069,4069,0,2046,2927
4070,4070,0,2047,1954
4071,4071,0,2047,1001
4072,4072,0,2046,289
4073,4073,0,2046,0
4074,4074,0,2047,158
4075,4075,0,2046,769
4076,4076,0,2047,1676
4077,4077,0,2046,2667
4078,4078,0,2046,3512
4079,4079,0,2046,4013
4080,4080,0,2047,4055
4081,4081,0,2046,3628
4082,4082,0,2047,2829
4083,4083,0,2046,1847
4084,4084,0,2046,910
4085,4085,0,2046,235
4086,4086,0,2046,0
4087,4087,0,2047,204
4088,4088,0,2046,856
4089,4089,0,2047,1782
4090,4090,0,2046,2768
4091,4091,0,2046,3585
4092,4092,0,2047,4041
4093,4093,0,2046,4031
4094,4094,0,2046,3558
4095,4095,0,2046,2729
4096,4096,0,2046,1741
4097,4097,0,2046,821
4098,4098,0,2046,186
4099,4099,0,2047,0
4100,4100,0,2046,255
4101,4101,0,2046,944
4102,4102,0,2046,1888
4103,4103,0,2047,2867
4104,4104,0,2047,3652
4105,4105,0,2046,4063
4106,4106,0,2047,4002
4107,4107,0,2046,3483
4108,4108,0,2046,2628
4109,4109,0,2046,1636
4110,4110,0,2047,738
4111,4111,0,2046,141
4112,4112,0,2046,0
4113,4113,0,2046,310
4114,4114,0,2046,1037
4115,4115,0,2046,1995
4116,4116,0,2047,2965
4117,4117,0,2046,3717
4118,4118,0,2046,4079
4119,4119,0,2046,3967
4120,4120,0,2046,3405
4121,4121,0,2046,2525
4122,4122,0,2047,1532
4123,4123,0,2047,656
4124,4124,0,2047,103
4125,4125,0,2046,0
4126,4126,0,2046,371
4127,4127,0,2047,1132
4128,4128,0,2046,2103
4129,4129,0,2046,3058
4130,4130,0,2046,3777
4131,4131,0,2046,4091
4132,4132,0,2046,3927
4133,4133,0,2046,3323
4134,4134,0,2046,2420
4135,4135,0,2046,1428
4136,4136,0,2046,579
4137,4137,0,2046,68
4138,4138,0,2046,18
4139,4139,0,2046,437
4140,4140,0,2046,1229
4141,4141,0,2047,2209
4142,4142,0,2047,3150
4143,4143,0,2047,3832
4144,4144,0,2046,4095
4145,4145,0,2046,3881
4146,4146,0,2046,3237
4147,4147,0,2046,2315
4148,4148,0,2047,1327
4149,4149,0,2046,505
4150,4150,0,2047,41
4151,4151,0,2047,40
4152,4152,0,2046,506
4153,4153,0,2046,1328
4154,4154,0,2046,2315
4155,4155,0,2047,3238
4156,4156,0,2046,3882
4157,4157,0,2046,4095
4158,4158,0,2046,3832
4159,4159,0,2047,3149
4160,4160,0,2046,2208
4161,4161,0,2046,1228
4162,4162,0,2046,436
4163,4163,0,2046,17
4164,4164,0,2046,69
4165,4165,0,2047,580
4166,4166,0,2046,1429
4167,4167,0,2046,2421
4168,4168,0,2046,3323
4169,4169,0,2046,3927
4170,4170,0,2046,4091
4171,4171,0,2046,3777
4172,4172,0,2046,3058
4173,4173,0,2046,2101
4174,4174,0,2046,1130
4175,4175,0,2046,371
4176,4176,0,2046,0
4177,4177,0,2046,103
4178,4178,0,2046,656
4179,4179,0,2047,1533
4180,4180,0,2047,2526
4181,4181,0,2046,3406
4182,4182,0,2045,3966
4183,4183,0,2046,4080
4184,4184,0,2046,3717
4185,4185,0,2046,2963
4186,4186,0,2046,1994
4187,4187,0,2047,1035
4188,4188,0,2046,310
4189,4189,0,2047,0
4190,4190,0,2047,142
4191,4191,0,2046,738
4192,4192,0,2046,1638
4193,4193,0,2047,2629
4194,4194,0,2047,3484
4195,4195,0,2045,4002
4196,4196,0,2046,4063
4197,4197,0,2046,3653
4198,4198,0,2047,2866
4199,4199,0,2047,1887
4200,4200,0,2047,944
4201,4201,0,2046,255
4202,4202,0,2047,0
4203,4203,0,2046,186
4204,4204,0,2047,823
4205,4205,0,2046,1742
4206,4206,0,2047,2731
4207,4207,0,2046,3558
4208,4208,0,2046,4031
4209,4209,0,2046,4040
4210,4210,0,2046,3584
4211,4211,0,2046,2767
4212,4212,0,2046,1781
4213,4213,0,2047,854
4214,4214,0,2046,204
4215,4215,0,2046,0
4216,4216,0,2046,236
4217,4217,0,2047,910
4218,4218,0,2046,1849
4219,4219,0,2047,2831
4220,4220,0,2046,3628
4221,4221,0,2046,4056
4222,4222,0,2047,4013
4223,4223,0,2046,3511
4224,4224,0,2046,2667
4225,4225,0,2046,1675
4226,4226,0,2046,769
4227,4227,0,2046,158
4228,4228,0,2046,0
4229,4229,0,2046,289
4230,4230,0,2047,1002
4231,4231,0,2047,1956
4232,4232,0,2046,2929
4233,4233,0,2046,3694
4234,4234,0,2046,4074
4235,4235,0,2046,3981
4236,4236,0,2046,3434
4237,4237,0,2046,2564
4238,4238,0,2046,1570
4239,4239,0,2046,686
4240,4240,0,2047,116
4241,4241,0,2046,0
4242,4242,0,2046,349
4243,4243,0,2047,1096
4244,4244,0,2047,2062
4245,4245,0,2046,3024
4246,4246,0,2047,3756
4247,4247,0,2047,4087
4248,4248,0,2046,3943
4249,4249,0,2047,3354
4250,4250,0,2046,2459
4251,4251,0,2047,1467
4252,4252,0,2047,608
4253,4253,0,2047,81
4254,4254,0,2046,10
4255,4255,0,2046,412
4256,4256,0,2046,1193
4257,4257,0,2046,2170
4258,4258,0,2046,3116
4259,4259,0,2047,3812
4260,4260,0,2047,4095
4261,4261,0,2047,3899
4262,4262,0,2046,3269
4263,4263,0,2047,2354
4264,4264,0,2047,1365
4265,4265,0,2046,532
4266,4266,0,2047,50
4267,4267,0,2046,31
4268,4268,0,2047,480
4269,4269,0,2046,1291
4270,4270,0,2047,2276
4271,4271,0,2046,3206
4272,4272,0,2046,3864
4273,4273,0,2047,4095
4274,4274,0,2047,3850
4275,4275,0,2046,3182
4276,4276,0,2047,2248
4277,4277,0,2047,1264
4278,4278,0,2046,461
4279,4279,0,2046,25
4280,4280,0,2047,57
4281,4281,0,2047,551
4282,4282,0,2046,1392
4283,4283,0,2047,2381
4284,4284,0,2046,3292
4285,4285,0,2047,3911
4286,4286,0,2046,4094
4287,4287,0,2046,3798
4288,4288,0,2046,3092
4289,4289,0,2046,2141
4290,4290,0,2047,1166
4291,4291,0,2046,395
4292,4292,0,2046,5
4293,4293,0,2046,90
4294,4294,0,2046,628
4295,4295,0,2046,1494
4296,4296,0,2047,2487
4297,4297,0,2047,3376
4298,4298,0,2046,3953
4299,4299,0,2047,4085
4300,4300,0,2046,3739
4301,4301,0,2046,2998
4302,4302,0,2047,2034
4303,4303,0,2047,1071
4304,4304,0,2047,332
4305,4305,0,2046,0
4306,4306,0,2046,127
4307,4307,0,2046,707
4308,4308,0,2047,1598
4309,4309,0,2046,2591
4310,4310,0,2046,3455
4311,4311,0,2047,3989
4312,4312,0,2047,4070
4313,4313,0,2047,3678
4314,4314,0,2046,2902
4315,4315,0,2046,1927
4316,4316,0,2046,978
4317,4317,0,2046,275
4318,4318,0,2046,0
4319,4319,0,2046,169
4320,4320,0,2046,792
4321,4321,0,2047,1703
4322,4322,0,2047,2693
4323,4323,0,2047,3531
4324,4324,0,2047,4021
4325,4325,0,2047,4050
4326,4326,0,2047,3610
4327,4327,0,2046,2805
4328,4328,0,2046,1820
4329,4329,0,2046,887
4330,4330,0,2046,222
4331,4331,0,2046,0
4332,4332,0,2047,216
4333,4333,0,2047,878
4334,4334,0,2046,1809
4335,4335,0,2046,2794
4336,4336,0,2046,3602
4337,4337,0,2047,4047
4338,4338,0,2046,4025
4339,4339,0,2046,3538
4340,4340,0,2047,2704
4341,4341,0,2046,1714
4342,4342,0,2046,801
4343,4343,0,2046,173
4344,4344,0,2047,0
4345,4345,0,2047,269
4346,4346,0,2046,968
4347,4347,0,2047,1916
4348,4348,0,2046,2893
4349,4349,0,2047,3671
4350,4350,0,2046,4068
4351,4351,0,2047,3994
4352,4352,0,2046,3463
4353,4353,0,2047,2601
4354,4354,0,2047,1608
4355,4355,0,2046,716
4356,4356,0,2046,130
4357,4357,0,2046,0
4358,4358,0,2047,326
4359,4359,0,2047,1060
4360,4360,0,2046,2023
4361,4361,0,2047,2988
4362,4362,0,2047,3733
4363,4363,0,2046,4083
4364,4364,0,2046,3957
4365,4365,0,2047,3384
4366,4366,0,2047,2498
4367,4367,0,2047,1505
4368,4368,0,2047,637
4369,4369,0,2046,93
4370,4370,0,2046,3
4371,4371,0,2046,387
4372,4372,0,2046,1156
4373,4373,0,2046,2130
4374,4374,0,2046,3082
4375,4375,0,2046,3791
4376,4376,0,2046,4092
4377,4377,0,2046,3915
4378,4378,0,2046,3301
4379,4379,0,2047,2393
4380,4380,0,2046,1402
4381,4381,0,2047,559
4382,4382,0,2047,61
4383,4383,0,2046,23
4384,4384,0,2047,454
4385,4385,0,2047,1254
4386,4386,0,2047,2237
4387,4387,0,2046,3173
4388,4388,0,2047,3845
4389,4389,0,2046,4095
4390,4390,0,2046,3869
4391,4391,0,2047,3215
4392,4392,0,2046,2287
4393,4393,0,2046,1301
4394,4394,0,2047,487
4395,4395,0,2046,34
4396,4396,0,2046,48
4397,4397,0,2047,524
4398,4398,0,2047,1355
4399,4399,0,2047,2343
4400,4400,0,2046,3260
4401,4401,0,2047,3894
4402,4402,0,2047,4095
4403,4403,0,2046,3818
4404,4404,0,2046,3125
4405,4405,0,2046,2180
4406,4406,0,2047,1202
4407,4407,0,2046,419
4408,4408,0,2046,12
4409,4409,0,2047,77
4410,4410,0,2046,599
4411,4411,0,2046,1456
4412,4412,0,2046,2449
4413,4413,0,2047,3345
4414,4414,0,2046,3938
4415,4415,0,2046,4088
4416,4416,0,2046,3762
4417,4417,0,2046,3033
4418,4418,0,2047,2074
4419,4419,0,2047,1106
4420,4420,0,2046,354
4421,4421,0,2046,0
4422,4422,0,2047,113
4423,4423,0,2046,677
4424,4424,0,2047,1560
4425,4425,0,2046,2553
4426,4426,0,2047,3426
4427,4427,0,2046,3976
4428,4428,0,2047,4076
4429,4429,0,2047,3701
4430,4430,0,2047,2938
4431,4431,0,2046,1967
4432,4432,0,2046,1012
4433,4433,0,2046,296
4434,4434,0,2046,0
4435,4435,0,2047,153
4436,4436,0,2047,760
4437,4437,0,2047,1664
4438,4438,0,2046,2656
4439,4439,0,2047,3503
4440,4440,0,2046,4010
4441,4441,0,2046,4058
4442,4442,0,2047,3635
4443,4443,0,2047,2841
4444,4444,0,2046,1860
4445,4445,0,2047,920
4446,4446,0,2046,241
4447,4447,0,2047,0
4448,4448,0,2046,198
4449,4449,0,2046,845
4450,4450,0,2046,1770
4451,4451,0,2046,2756
4452,4452,0,2047,3577
4453,4453,0,2046,4039
4454,4454,0,2046,4035
4455,4455,0,2047,3565
4456,4456,0,2046,2741
4457,4457,0,2046,1754
4458,4458,0,2046,832
4459,4459,0,2047,191
4460,4460,0,2046,0
4461,4461,0,2047,249
4462,4462,0,2046,934
4463,4463,0,2047,1877
4464,4464,0,2047,2856
4465,4465,0,2047,3645
4466,4466,0,2046,4061
4467,4467,0,2046,4006
4468,4468,0,2046,3492
4469,4469,0,2046,2640
4470,4470,0,2046,1647
4471,4471,0,2047,747
4472,4472,0,2046,147
4473,4473,0,2046,0
4474,4474,0,2046,304
4475,4475,0,2046,1026
4476,4476,0,2047,1983
4477,4477,0,2046,2953
4478,4478,0,2047,3710
4479,4479,0,2047,4078
4480,4480,0,2046,3971
4481,4481,0,2046,3415
4482,4482,0,2046,2536
4483,4483,0,2046,1543
4484,4484,0,2047,665
4485,4485,0,2046,107
4486,4486,0,2047,0
4487,4487,0,2047,364
4488,4488,0,2047,1120
4489,4489,0,2046,2090
4490,4490,0,2046,3048
4491,4491,0,2046,3771
4492,4492,0,2046,4090
4493,4493,0,2047,3932
4494,4494,0,2047,3333
4495,4495,0,2047,2432
4496,4496,0,2047,1440
4497,4497,0,2046,587
4498,4498,0,2046,72
4499,4499,0,2046,15
4500,4500,0,2046,430
4501,4501,0,2046,1218
4502,4502,0,2046,2197
4503,4503,0,2047,3140
4504,4504,0,2047,3826
4505,4505,0,2047,4095
4506,4506,0,2046,3886
4507,4507,0,2046,3247
4508,4508,0,2047,2326
4509,4509,0,2047,1339
4510,4510,0,2046,513
4511,4511,0,2047,43
4512,4512,0,2046,37
4513,4513,0,2047,498
4514,4514,0,2046,1317
4515,4515,0,2047,2304
4516,4516,0,2047,3229
4517,4517,0,2046,3876
4518,4518,0,2046,4095
4519,4519,0,2047,3837
4520,4520,0,2046,3159
4521,4521,0,2046,2220
4522,4522,0,2047,1239
4523,4523,0,2046,443
4524,4524,0,2046,19
4525,4525,0,2046,65
4526,4526,0,2047,570
4527,4527,0,2046,1418
4528,4528,0,2047,2409
4529,4529,0,2047,3314
4530,4530,0,2046,3922
4531,4531,0,2046,4092
4532,4532,0,2047,3784
4533,4533,0,2046,3068
4534,4534,0,2046,2113
4535,4535,0,2047,1141
4536,4536,0,2046,378
4537,4537,0,2046,2
4538,4538,0,2046,99
4539,4539,0,2046,648
4540,4540,0,2046,1521
4541,4541,0,2046,2514
4542,4542,0,2046,3397
4543,4543,0,2047,3964
4544,4544,0,2046,4081
4545,4545,0,2047,3724
4546,4546,0,2046,2974
4547,4547,0,2047,2006
4548,4548,0,2046,1046
4549,4549,0,2046,317
4550,4550,0,2047,0
4551,4551,0,2046,137
4552,4552,0,2047,729
4553,4553,0,2046,1625
4554,4554,0,2046,2618
4555,4555,0,2047,3476
4556,4556,0,2046,3999
4557,4557,0,2047,4066
4558,4558,0,2046,3660
4559,4559,0,2046,2877
4560,4560,0,2046,1899
4561,4561,0,2046,953
4562,4562,0,2046,261
4563,4563,0,2047,0
4564,4564,0,2047,181
4565,4565,0,2047,813
4566,4566,0,2046,1730
4567,4567,0,2047,2720
4568,4568,0,2047,3551
4569,4569,0,2046,4029
4570,4570,0,2047,4044
4571,4571,0,2047,3592
4572,4572,0,2047,2778
4573,4573,0,2046,1793
4574,4574,0,2047,864
4575,4575,0,2046,208
4576,4576,0,2046,0
4577,4577,0,2047,229
4578,4578,0,2046,901
4579,4579,0,2047,1837
4580,4580,0,2046,2820
4581,4581,0,2046,3620
4582,4582,0,2047,4052
4583,4583,0,2046,4017
4584,4584,0,2046,3520
4585,4585,0,2046,2677
4586,4586,0,2046,1686
4587,4587,0,2047,778
4588,4588,0,2046,162
4589,4589,0,2046,0
4590,4590,0,2047,283
4591,4591,0,2046,991
4592,4592,0,2047,1944
4593,4593,0,2046,2918
4594,4594,0,2047,3687
4595,4595,0,2046,4072
4596,4596,0,2046,3984
4597,4597,0,2046,3443
4598,4598,0,2046,2574
4599,4599,0,2046,1582
4600,4600,0,2046,695
4601,4601,0,2046,121
4602,4602,0,2046,0
4603,4603,0,2046,342
4604,4604,0,2046,1085
4605,4605,0,2046,2050
4606,4606,0,2046,3013
4607,4607,0,2046,3748
4608,4608,0,2047,4086
4609,4609,0,2046,3947
4610,4610,0,2046,3362
4611,4611,0,2046,2471
4612,4612,0,2046,1479
4613,4613,0,2046,616
4614,4614,0,2046,84
4615,4615,0,2046,8
4616,4616,0,2046,404
4617,4617,0,2046,1181
4618,4618,0,2047,2157
4619,4619,0,2046,3106
4620,4620,0,2046,3807
4621,4621,0,2046,4095
4622,4622,0,2045,3904
4623,4623,0,2047,3279
4624,4624,0,2046,2365
4625,4625,0,2046,1376
4626,4626,0,2047,540
4627,4627,0,2046,53
4628,4628,0,2046,28
4629,4629,0,2046,471
4630,4630,0,2047,1280
4631,4631,0,2047,2264
4632,4632,0,2046,3196
4633,4633,0,2047,3858
4634,4634,0,2046,4095
4635,4635,0,2046,3856
4636,4636,0,2047,3193
4637,4637,0,2047,2259
4638,4638,0,2046,1276
4639,4639,0,2046,469
4640,4640,0,2046,28
4641,4641,0,2046,55
4642,4642,0,2046,543
4643,4643,0,2046,1380
4644,4644,0,2046,2370
4645,4645,0,2046,3283
4646,4646,0,2047,3906
4647,4647,0,2047,4095
4648,4648,0,2046,3804
4649,4649,0,2046,3103
4650,4650,0,2046,2153
4651,4651,0,2046,1177
4652,4652,0,2046,402
4653,4653,0,2046,7
4654,4654,0,2046,86
4655,4655,0,2047,619
4656,4656,0,2046,1482
4657,4657,0,2047,2475
4658,4658,0,2046,3367
4659,4659,0,2046,3948
4660,4660,0,2046,4086
4661,4661,0,2047,3746
4662,4662,0,2046,3009
4663,4663,0,2046,2046
4664,4664,0,2046,1080
4665,4665,0,2046,338
4666,4666,0,2046,0
4667,4667,0,2046,122
4668,4668,0,2046,698
4669,4669,0,2047,1586
4670,4670,0,2046,2579
4671,4671,0,2046,3446
4672,4672,0,2046,3985
4673,4673,0,2046,4071
4674,4674,0,2046,3684
4675,4675,0,2046,2913
4676,4676,0,2046,1938
4677,4677,0,2046,987
4678,4678,0,2046,280
4679,4679,0,2046,0
4680,4680,0,2046,164
4681,4681,0,2046,781
4682,4682,0,2046,1691
4683,4683,0,2046,2682
4684,4684,0,2046,3523
4685,4685,0,2046,4017
4686,4686,0,2047,4052
4687,4687,0,2046,3618
4688,4688,0,2046,2815
4689,4689,0,2046,1831
4690,4690,0,2047,897
4691,4691,0,2046,227
4692,4692,0,2046,0
4693,4693,0,2046,211
4694,4694,0,2047,867
4695,4695,0,2047,1797
4696,4696,0,2047,2783
4697,4697,0,2046,3595
4698,4698,0,2047,4045
4699,4699,0,2046,4027
4700,4700,0,2046,3547
4701,4701,0,2047,2715
4702,4702,0,2047,1726
4703,4703,0,2046,810
4704,4704,0,2046,179
4705,4705,0,2046,0
4706,4706,0,2046,263
4707,4707,0,2046,957
4708,4708,0,2047,1904
4709,4709,0,2046,2881
4710,4710,0,2047,3663
4711,4711,0,2046,4065
4712,4712,0,2046,3997
4713,4713,0,2046,3472
4714,4714,0,2046,2613
4715,4715,0,2046,1621
4716,4716,0,2047,726
4717,4717,0,2047,136
4718,4718,0,2046,0
4719,4719,0,2046,320
4720,4720,0,2046,1049
4721,4721,0,2046,2010
4722,4722,0,2046,2978
4723,4723,0,2046,3726
4724,4724,0,2046,4082
4725,4725,0,2046,3961
4726,4726,0,2046,3393
4727,4727,0,2046,2510
4728,4728,0,2047,1516
4729,4729,0,2045,645
4730,4730,0,2047,98
4731,4731,0,2046,2
4732,4732,0,2047,381
4733,4733,0,2046,1145
4734,4734,0,2046,2117
4735,4735,0,2046,3072
4736,4736,0,2046,3785
4737,4737,0,2047,4092
4738,4738,0,2047,3920
4739,4739,0,2047,3311
4740,4740,0,2046,2405
4741,4741,0,2047,1414
4742,4742,0,2046,568
4743,4743,0,2046,64
4744,4744,0,2047,20
4745,4745,0,2047,447
4746,4746,0,2046,1243
4747,4747,0,2046,2224
4748,4748,0,2046,3163
4749,4749,0,2046,3840
4750,4750,0,2046,4095
4751,4751,0,2046,3874
4752,4752,0,2046,3225
4753,4753,0,2047,2299
4754,4754,0,2046,1313
4755,4755,0,2047,495
4756,4756,0,2046,36
4757,4757,0,2046,44
4758,4758,0,2047,516
4759,4759,0,2047,1343
4760,4760,0,2046,2331
4761,4761,0,2047,3251
4762,4762,0,2046,3890
4763,4763,0,2046,4095
4764,4764,0,2047,3824
4765,4765,0,2047,3136
4766,4766,0,2047,2193
4767,4767,0,2047,1213
4768,4768,0,2046,426
4769,4769,0,2046,13
4770,4770,0,2046,73
4771,4771,0,2046,591
4772,4772,0,2046,1444
4773,4773,0,2046,2437
4774,4774,0,2047,3335
4775,4775,0,2046,3934
4776,4776,0,2047,4090
4777,4777,0,2046,3768
4778,4778,0,2047,3043
4779,4779,0,2046,2085
4780,4780,0,2047,1116
4781,4781,0,2046,362
4782,4782,0,2046,0
4783,4783,0,2046,108
4784,4784,0,2046,668
4785,4785,0,2046,1547
4786,4786,0,2046,2541
4787,4787,0,2046,3417
4788,4788,0,2046,3972
4789,4789,0,2046,4077
4790,4790,0,2047,3708
4791,4791,0,2047,2949
4792,4792,0,2047,1979
4793,4793,0,2046,1022
4794,4794,0,2046,302
4795,4795,0,2046,0
4796,4796,0,2046,148
4797,4797,0,2047,750
4798,4798,0,2046,1652
4799,4799,0,2046,2644
4800,4800,0,2046,3495
4801,4801,0,2046,4007
4802,4802,0,2047,4061
4803,4803,0,2047,3643
4804,4804,0,2046,2852
4805,4805,0,2046,1871
4806,4806,0,2046,930
4807,4807,0,2046,247
4808,4808,0,2046,0
4809,4809,0,2047,193
4810,4810,0,2046,835
4811,4811,0,2046,1758
4812,4812,0,2046,2745
4813,4813,0,2046,3568
4814,4814,0,2046,4035
4815,4815,0,2046,4037
4816,4816,0,2046,3574
4817,4817,0,2046,2753
4818,4818,0,2046,1766
4819,4819,0,2046,842
4820,4820,0,2047,196
4821,4821,0,2046,0
4822,4822,0,2046,243
4823,4823,0,2047,924
4824,4824,0,2046,1864
4825,4825,0,2046,2845
4826,4826,0,2046,3638
4827,4827,0,2047,4059
4828,4828,0,2047,4009
4829,4829,0,2046,3500
4830,4830,0,2046,2651
4831,4831,0,2046,1660
4832,4832,0,2046,757
4833,4833,0,2046,151
4834,4834,0,2046,0
4835,4835,0,2046,298
4836,4836,0,2047,1015
4837,4837,0,2046,1971
4838,4838,0,2047,2942
4839,4839,0,2047,3703
4840,4840,0,2046,4077
4841,4841,0,2046,3975
4842,4842,0,2046,3422
4843,4843,0,2046,2548
4844,4844,0,2046,1555
4845,4845,0,2047,674
4846,4846,0,2046,111
4847,4847,0,2046,0
4848,4848,0,2047,357
4849,4849,0,2046,1109
4850,4850,0,2047,2078
4851,4851,0,2046,3037
4852,4852,0,2046,3764
4853,4853,0,2047,4089
4854,4854,0,2046,3937
4855,4855,0,2046,3342
4856,4856,0,2046,2444
4857,4857,0,2046,1452
4858,4858,0,2046,596
4859,4859,0,2046,76
4860,4860,0,2046,12
4861,4861,0,2046,421
4862,4862,0,2046,1207
4863,4863,0,2046,2185
4864,4864,0,2046,3130
4865,4865,0,2046,3821
4866,4866,0,2046,4095
4867,4867,0,2046,3892
4868,4868,0,2046,3257
4869,4869,0,2046,2339
4870,4870,0,2046,1350
4871,4871,0,2046,522
4872,4872,0,2046,46
4873,4873,0,2047,35
4874,4874,0,2046,490
4875,4875,0,2047,1305
4876,4876,0,2046,2292
4877,4877,0,2046,3219
4878,4878,0,2046,3872
4879,4879,0,2046,4095
4880,4880,0,2047,3843
4881,4881,0,2047,3169
4882,4882,0,2046,2232
4883,4883,0,2046,1250
4884,4884,0,2046,452
4885,4885,0,2047,21
4886,4886,0,2047,62
4887,4887,0,2046,562
4888,4888,0,2046,1407
4889,4889,0,2047,2398
4890,4890,0,2046,3305
4891,4891,0,2047,3917
4892,4892,0,2046,4093
4893,4893,0,2047,3789
4894,4894,0,2046,3078
4895,4895,0,2046,2125
4896,4896,0,2047,1152
4897,4897,0,2047,385
4898,4898,0,2046,3
4899,4899,0,2046,94
4900,4900,0,2047,639
4901,4901,0,2046,1509
4902,4902,0,2046,2502
4903,4903,0,2046,3388
4904,4904,0,2047,3958
4905,4905,0,2047,4083
4906,4906,0,2047,3731
4907,4907,0,2046,2985
4908,4908,0,2047,2018
4909,4909,0,2046,1058
4910,4910,0,2046,323
4911,4911,0,2047,0
4912,4912,0,2047,133
4913,4913,0,2047,719
4914,4914,0,2046,1612
4915,4915,0,2046,2606
4916,4916,0,2046,3466
4917,4917,0,2046,3994
4918,4918,0,2047,4067
4919,4919,0,2047,3668
4920,4920,0,2047,2888
4921,4921,0,2046,1912
4922,4922,0,2047,965
4923,4923,0,2046,266
4924,4924,0,2047,0
4925,4925,0,2047,176
4926,4926,0,2046,803
4927,4927,0,2046,1718
4928,4928,0,2047,2708
4929,4929,0,2046,3541
4930,4930,0,2046,4025
4931,4931,0,2046,4046
4932,4932,0,2046,3600
4933,4933,0,2046,2790
4934,4934,0,2046,1804
4935,4935,0,2046,874
4936,4936,0,2047,214
4937,4937,0,2046,0
4938,4938,0,2046,223
4939,4939,0,2046,890
4940,4940,0,2046,1825
4941,4941,0,2046,2808
4942,4942,0,2046,3613
4943,4943,0,2047,4050
4944,4944,0,2047,4021
4945,4945,0,2046,3528
4946,4946,0,2046,2690
4947,4947,0,2046,1699
4948,4948,0,2047,788
4949,4949,0,2047,168
4950,4950,0,2047,0
4951,4951,0,2047,277
4952,4952,0,2046,980
4953,4953,0,2047,1931
4954,4954,0,2046,2906
4955,4955,0,2046,3679
4956,4956,0,2046,4070
4957,4957,0,2047,3989
4958,4958,0,2047,3452
4959,4959,0,2046,2586
4960,4960,0,2046,1594
4961,4961,0,2046,704
4962,4962,0,2046,125
4963,4963,0,2047,0
4964,4964,0,2046,334
4965,4965,0,2047,1073
4966,4966,0,2046,2038
4967,4967,0,2047,3003
4968,4968,0,2046,3742
4969,4969,0,2046,4084
4970,4970,0,2046,3951
4971,4971,0,2047,3373
4972,4972,0,2046,2482
4973,4973,0,2046,1490
4974,4974,0,2046,625
4975,4975,0,2046,89
4976,4976,0,2046,6
4977,4977,0,2047,396
4978,4978,0,2046,1170
4979,4979,0,2045,2146
4980,4980,0,2047,3095
4981,4981,0,2046,3800
4982,4982,0,2047,4094
4983,4983,0,2046,3909
4984,4984,0,2046,3289
4985,4985,0,2047,2377
4986,4986,0,2046,1387
4987,4987,0,2046,549
4988,4988,0,2046,57
4989,4989,0,2046,25
4990,4990,0,2047,464
4991,4991,0,2047,1268
4992,4992,0,2047,2251
4993,4993,0,2046,3186
4994,4994,0,2047,3852
4995,4995,0,2046,4095
4996,4996,0,2047,3862
4997,4997,0,2046,3202
4998,4998,0,2046,2271
4999,4999,0,2047,1287
5000,5000,0,2047,476
5001,5001,0,2047,30
5002,5002,0,2046,52
5003,5003,0,2046,534
5004,5004,0,2046,1369
5005,5005,0,2046,2357
5006,5006,0,2046,3273
5007,5007,0,2046,3901
5008,5008,0,2047,4095
5009,5009,0,2046,3810
5010,5010,0,2046,3113
5011,5011,0,2046,2165
5012,5012,0,2046,1188
5013,5013,0,2047,409
5014,5014,0,2047,9
5015,5015,0,2047,81
5016,5016,0,2046,609
5017,5017,0,2046,1471
5018,5018,0,2046,2464
5019,5019,0,2046,3357
5020,5020,0,2046,3944
5021,5021,0,2046,4087
5022,5022,0,2046,3754
5023,5023,0,2046,3020
5024,5024,0,2046,2058
5025,5025,0,2047,1092
5026,5026,0,2046,347
5027,5027,0,2047,0
5028,5028,0,2047,118
5029,5029,0,2046,689
5030,5030,0,2046,1575
5031,5031,0,2047,2567
5032,5032,0,2046,3437
5033,5033,0,2046,3981
5034,5034,0,2047,4074
5035,5035,0,2046,3691
5036,5036,0,2046,2924
5037,5037,0,2047,1951
5038,5038,0,2046,998
5039,5039,0,2046,287
5040,5040,0,2046,0
5041,5041,0,2046,159
5042,5042,0,2046,771
5043,5043,0,2047,1679
5044,5044,0,2046,2670
5045,5045,0,2046,3514
5046,5046,0,2046,4015
5047,5047,0,2047,4054
5048,5048,0,2046,3626
5049,5049,0,2047,2827
5050,5050,0,2046,1844
5051,5051,0,2046,907
5052,5052,0,2046,234
5053,5053,0,2046,0
5054,5054,0,2046,205
5055,5055,0,2047,857
5056,5056,0,2047,1784
5057,5057,0,2047,2771
5058,5058,0,2046,3586
5059,5059,0,2046,4041
5060,5060,0,2046,4031
5061,5061,0,2046,3555
5062,5062,0,2046,2727
5063,5063,0,2046,1738
5064,5064,0,2046,819
5065,5065,0,2046,184
5066,5066,0,2046,0
5067,5067,0,2046,256
5068,5068,0,2047,947
5069,5069,0,2047,1891
5070,5070,0,2046,2869
5071,5071,0,2046,3655
5072,5072,0,2047,4064
5073,5073,0,2046,4000
5074,5074,0,2046,3481
5075,5075,0,2047,2624
5076,5076,0,2047,1633
5077,5077,0,2047,735
5078,5078,0,2046,140
5079,5079,0,2046,0
5080,5080,0,2047,312
5081,5081,0,2046,1038
5082,5082,0,2046,1998
5083,5083,0,2047,2967
5084,5084,0,2047,3719
5085,5085,0,2046,4080
5086,5086,0,2046,3965
5087,5087,0,2047,3403
5088,5088,0,2046,2522
5089,5089,0,2047,1528
5090,5090,0,2047,654
5091,5091,0,2046,102
5092,5092,0,2046,0
5093,5093,0,2046,373
5094,5094,0,2047,1134
5095,5095,0,2047,2106
5096,5096,0,2047,3061
5097,5097,0,2047,3778
5098,5098,0,2046,4091
5099,5099,0,2047,3926
5100,5100,0,2046,3320
5101,5101,0,2047,2417
5102,5102,0,2047,1425
5103,5103,0,2046,576
5104,5104,0,2047,68
5105,5105,0,2047,18
5106,5106,0,2046,439
5107,5107,0,2046,1231
5108,5108,0,2047,2213
5109,5109,0,2046,3152
5110,5110,0,2046,3834
5111,5111,0,2047,4095
5112,5112,0,2047,3880
5113,5113,0,2046,3235
5114,5114,0,2046,2311
5115,5115,0,2046,1324
5116,5116,0,2047,502
5117,5117,0,2047,39
5118,5118,0,2047,41
5119,5119,0,2046,509
5120,5120,0,2046,1331
5121,5121,0,2046,2318
5122,5122,0,2047,3241
5123,5123,0,2046,3883
5124,5124,0,2046,4095
5125,5125,0,2047,3830
5126,5126,0,2046,3146
5127,5127,0,2046,2204
5128,5128,0,2047,1225
5129,5129,0,2047,434
5130,5130,0,2046,17
5131,5131,0,2046,69
5132,5132,0,2046,582
5133,5133,0,2047,1432
5134,5134,0,2046,2424
5135,5135,0,2047,3326
5136,5136,0,2047,3928
5137,5137,0,2047,4090
5138,5138,0,2046,3775
5139,5139,0,2046,3055
5140,5140,0,2046,2098
5141,5141,0,2046,1127
5142,5142,0,2047,369
5143,5143,0,2046,0
5144,5144,0,2046,103
5145,5145,0,2046,659
5146,5146,0,2047,1536
5147,5147,0,2046,2529
5148,5148,0,2046,3408
5149,5149,0,2046,3968
5150,5150,0,2046,4079
5151,5151,0,2047,3715
5152,5152,0,2047,2960
5153,5153,0,2046,1991
5154,5154,0,2046,1033
5155,5155,0,2047,308
5156,5156,0,2046,0
5157,5157,0,2046,143
5158,5158,0,2046,741
5159,5159,0,2047,1640
5160,5160,0,2046,2632
5161,5161,0,2046,3486
5162,5162,0,2046,4003
5163,5163,0,2046,4062
5164,5164,0,2047,3650
5165,5165,0,2047,2863
5166,5166,0,2046,1884
5167,5167,0,2046,940
5168,5168,0,2046,253
5169,5169,0,2047,0
5170,5170,0,2047,187
5171,5171,0,2047,826
5172,5172,0,2047,1746
5173,5173,0,2046,2734
5174,5174,0,2047,3561
5175,5175,0,2047,4032
5176,5176,0,2047,4040
5177,5177,0,2047,3582
5178,5178,0,2046,2764
5179,5179,0,2046,1777
5180,5180,0,2047,852
5181,5181,0,2046,202
5182,5182,0,2046,0
5183,5183,0,2047,237
5184,5184,0,2047,913
5185,5185,0,2046,1852
5186,5186,0,2046,2833
5187,5187,0,2046,3630
5188,5188,0,2046,4056
5189,5189,0,2046,4012
5190,5190,0,2046,3509
5191,5191,0,2046,2663
5192,5192,0,2047,1672
5193,5193,0,2046,766
5194,5194,0,2046,156
5195,5195,0,2046,0
5196,5196,0,2046,291
5197,5197,0,2046,1005
5198,5198,0,2046,1959
5199,5199,0,2046,2931
5200,5200,0,2046,3695
5201,5201,0,2046,4075
5202,5202,0,2046,3980
5203,5203,0,2046,3432
5204,5204,0,2046,2560
5205,5205,0,2046,1567
5206,5206,0,2046,683
5207,5207,0,2047,115
5208,5208,0,2046,0
5209,5209,0,2046,350
5210,5210,0,2046,1098
5211,5211,0,2047,2066
5212,5212,0,2046,3027
5213,5213,0,2046,3758
5214,5214,0,2046,4088
5215,5215,0,2046,3941
5216,5216,0,2047,3352
5217,5217,0,2046,2456
5218,5218,0,2047,1464
5219,5219,0,2046,604
5220,5220,0,2047,80
5221,5221,0,2047,10
5222,5222,0,2046,413
5223,5223,0,2046,1195
5224,5224,0,2047,2173
5225,5225,0,2047,3120
5226,5226,0,2046,3814
5227,5227,0,2047,4095
5228,5228,0,2046,3898
5229,5229,0,2046,3267
5230,5230,0,2046,2351
5231,5231,0,2046,1361
5232,5232,0,2046,530
5233,5233,0,2046,49
5234,5234,0,2046,32
5235,5235,0,2046,482
5236,5236,0,2047,1294
5237,5237,0,2047,2279
5238,5238,0,2046,3209
5239,5239,0,2047,3865
5240,5240,0,2046,4095
5241,5241,0,2046,3849
5242,5242,0,2046,3179
5243,5243,0,2046,2244
5244,5244,0,2046,1261
5245,5245,0,2046,459
5246,5246,0,2047,24
5247,5247,0,2047,58
5248,5248,0,2046,554
5249,5249,0,2046,1394
5250,5250,0,2046,2385
5251,5251,0,2046,3295
5252,5252,0,2046,3912
5253,5253,0,2046,4093
5254,5254,0,2046,3796
5255,5255,0,2047,3089
5256,5256,0,2047,2138
5257,5257,0,2046,1163
5258,5258,0,2046,392
5259,5259,0,2046,5
5260,5260,0,2046,90
5261,5261,0,2046,630
5262,5262,0,2046,1497
5263,5263,0,2046,2490
5264,5264,0,2046,3378
5265,5265,0,2046,3953
5266,5266,0,2046,4084
5267,5267,0,2046,3738
5268,5268,0,2047,2996
5269,5269,0,2046,2030
5270,5270,0,2047,1067
5271,5271,0,2046,330
5272,5272,0,2046,0
5273,5273,0,2046,128
5274,5274,0,2046,710
5275,5275,0,2046,1601
5276,5276,0,2046,2594
5277,5277,0,2046,3457
5278,5278,0,2046,3990
5279,5279,0,2046,4070
5280,5280,0,2046,3674
5281,5281,0,2046,2899
5282,5282,0,2046,1924
5283,5283,0,2046,974
5284,5284,0,2047,273
5285,5285,0,2046,0
5286,5286,0,2046,170
5287,5287,0,2046,794
5288,5288,0,2046,1706
5289,5289,0,2046,2697
5290,5290,0,2047,3533
5291,5291,0,2046,4023
5292,5292,0,2046,4049
5293,5293,0,2047,3607
5294,5294,0,2046,2801
5295,5295,0,2046,1816
5296,5296,0,2046,884
5297,5297,0,2047,220
5298,5298,0,2046,0
5299,5299,0,2046,218
5300,5300,0,2046,880
5301,5301,0,2046,1813
5302,5302,0,2047,2796
5303,5303,0,2047,3604
5304,5304,0,2047,4048
5305,5305,0,2047,4023
5306,5306,0,2047,3537
5307,5307,0,2046,2700
5308,5308,0,2047,1711
5309,5309,0,2046,798
5310,5310,0,2046,173
5311,5311,0,2046,0
5312,5312,0,2046,270
5313,5313,0,2046,971
5314,5314,0,2046,1919
5315,5315,0,2046,2895
5316,5316,0,2047,3672
5317,5317,0,2047,4069
5318,5318,0,2046,3992
5319,5319,0,2047,3461
5320,5320,0,2047,2598
5321,5321,0,2047,1606
5322,5322,0,2047,713
5323,5323,0,2046,130
5324,5324,0,2047,0
5325,5325,0,2047,327
5326,5326,0,2047,1063
5327,5327,0,2046,2026
5328,5328,0,2047,2991
5329,5329,0,2046,3735
5330,5330,0,2046,4083
5331,5331,0,2047,3956
5332,5332,0,2046,3382
5333,5333,0,2046,2494
5334,5334,0,2046,1501
5335,5335,0,2046,633
5336,5336,0,2047,93
5337,5337,0,2046,4
5338,5338,0,2046,389
5339,5339,0,2048,1159
5340,5340,0,2046,2133
5341,5341,0,2046,3085
5342,5342,0,2046,3793
5343,5343,0,2047,4093
5344,5344,0,2046,3915
5345,5345,0,2047,3299
5346,5346,0,2046,2390
5347,5347,0,2046,1399
5348,5348,0,2046,557
5349,5349,0,2046,60
5350,5350,0,2046,23
5351,5351,0,2046,456
5352,5352,0,2046,1257
5353,5353,0,2047,2240
5354,5354,0,2047,3176
5355,5355,0,2047,3846
5356,5356,0,2047,4095
5357,5357,0,2046,3867
5358,5358,0,2046,3213
5359,5359,0,2046,2284
5360,5360,0,2046,1299
5361,5361,0,2046,485
5362,5362,0,2046,33
5363,5363,0,2046,48
5364,5364,0,2047,527
5365,5365,0,2046,1357
5366,5366,0,2047,2346
5367,5367,0,2046,3263
5368,5368,0,2047,3896
5369,5369,0,2046,4095
5370,5370,0,2047,3817
5371,5371,0,2046,3123
5372,5372,0,2046,2177
5373,5373,0,2046,1200
5374,5374,0,2046,417
5375,5375,0,2046,12
5376,5376,0,2046,78
5377,5377,0,2047,601
5378,5378,0,2047,1458
5379,5379,0,2047,2451
5380,5380,0,2047,3348
5381,5381,0,2046,3940
5382,5382,0,2047,4089
5383,5383,0,2046,3760
5384,5384,0,2047,3031
5385,5385,0,2046,2071
5386,5386,0,2047,1103
5387,5387,0,2046,353
5388,5388,0,2046,0
5389,5389,0,2046,113
5390,5390,0,2046,679
5391,5391,0,2046,1562
5392,5392,0,2047,2556
5393,5393,0,2047,3429
5394,5394,0,2046,3978
5395,5395,0,2046,4076
5396,5396,0,2046,3699
5397,5397,0,2047,2936
5398,5398,0,2046,1964
5399,5399,0,2046,1009
5400,5400,0,2046,294
5401,5401,0,2047,0
5402,5402,0,2046,153
5403,5403,0,2046,762
5404,5404,0,2046,1667
5405,5405,0,2047,2658
5406,5406,0,2046,3505
5407,5407,0,2046,4011
5408,5408,0,2046,4057
5409,5409,0,2047,3634
5410,5410,0,2046,2838
5411,5411,0,2046,1857
5412,5412,0,2047,917
5413,5413,0,2047,240
5414,5414,0,2046,0
5415,5415,0,2046,199
5416,5416,0,2047,848
5417,5417,0,2046,1773
5418,5418,0,2046,2759
5419,5419,0,2047,3579
5420,5420,0,2046,4039
5421,5421,0,2047,4034
5422,5422,0,2046,3563
5423,5423,0,2047,2739
5424,5424,0,2047,1750
5425,5425,0,2047,829
5426,5426,0,2046,190
5427,5427,0,2046,0
5428,5428,0,2047,250
5429,5429,0,2046,937
5430,5430,0,2046,1879
5431,5431,0,2046,2859
5432,5432,0,2046,3647
5433,5433,0,2046,4061
5434,5434,0,2047,4005
5435,5435,0,2047,3489
5436,5436,0,2046,2637
5437,5437,0,2047,1644
5438,5438,0,2046,743
5439,5439,0,2047,145
5440,5440,0,2047,0
5441,5441,0,2046,306
5442,5442,0,2046,1028
5443,5443,0,2047,1986
5444,5444,0,2046,2956
5445,5445,0,2047,3711
5446,5446,0,2046,4078
5447,5447,0,2046,3970
5448,5448,0,2046,3411
5449,5449,0,2047,2533
5450,5450,0,2046,1540
5451,5451,0,2046,663
5452,5452,0,2046,105
5453,5453,0,2047,0
5454,5454,0,2046,366
5455,5455,0,2046,1123
5456,5456,0,2047,2093
5457,5457,0,2046,3050
5458,5458,0,2047,3772
5459,5459,0,2047,4090
5460,5460,0,2046,3931
5461,5461,0,2046,3330
5462,5462,0,2046,2428
5463,5463,0,2046,1437
5464,5464,0,2046,584
5465,5465,0,2046,70
5466,5466,0,2047,15
5467,5467,0,2046,431
5468,5468,0,2047,1220
5469,5469,0,2046,2200
5470,5470,0,2047,3142
5471,5471,0,2046,3828
5472,5472,0,2046,4095
5473,5473,0,2046,3885
5474,5474,0,2047,3245
5475,5475,0,2047,2323
5476,5476,0,2046,1335
5477,5477,0,2046,512
5478,5478,0,2046,42
5479,5479,0,2047,38
5480,5480,0,2046,500
5481,5481,0,2047,1320
5482,5482,0,2046,2307
5483,5483,0,2047,3231
5484,5484,0,2046,3878
5485,5485,0,2046,4095
5486,5486,0,2047,3836
5487,5487,0,2045,3156
5488,5488,0,2047,2217
5489,5489,0,2047,1236
5490,5490,0,2047,442
5491,5491,0,2046,19
5492,5492,0,2047,66
5493,5493,0,2046,573
5494,5494,0,2047,1421
5495,5495,0,2046,2412
5496,5496,0,2046,3317
5497,5497,0,2047,3924
5498,5498,0,2047,4092
5499,5499,0,2046,3781
5500,5500,0,2046,3065
5501,5501,0,2047,2109
5502,5502,0,2046,1138
5503,5503,0,2046,376
5504,5504,0,2046,1
5505,5505,0,2046,99
5506,5506,0,2046,650
5507,5507,0,2047,1524
5508,5508,0,2047,2517
5509,5509,0,2046,3399
5510,5510,0,2046,3963
5511,5511,0,2046,4080
5512,5512,0,2047,3722
5513,5513,0,2046,2971
5514,5514,0,2047,2003
5515,5515,0,2046,1043
5516,5516,0,2046,315
5517,5517,0,2046,0
5518,5518,0,2046,138
5519,5519,0,2046,731
5520,5520,0,2046,1628
5521,5521,0,2047,2621
5522,5522,0,2046,3478
5523,5523,0,2046,4000
5524,5524,0,2046,4064
5525,5525,0,2046,3658
5526,5526,0,2047,2874
5527,5527,0,2046,1896
5528,5528,0,2046,950
5529,5529,0,2046,259
5530,5530,0,2046,0
5531,5531,0,2046,182
5532,5532,0,2046,816
5533,5533,0,2046,1733
5534,5534,0,2047,2723
5535,5535,0,2047,3552
5536,5536,0,2047,4029
5537,5537,0,2046,4043
5538,5538,0,2047,3590
5539,5539,0,2047,2776
5540,5540,0,2047,1790
5541,5541,0,2046,862
5542,5542,0,2046,207
5543,5543,0,2046,0
5544,5544,0,2046,231
5545,5545,0,2046,903
5546,5546,0,2046,1840
5547,5547,0,2046,2823
5548,5548,0,2046,3622
5549,5549,0,2046,4053
5550,5550,0,2046,4017
5551,5551,0,2046,3518
5552,5552,0,2045,2674
5553,5553,0,2047,1684
5554,5554,0,2046,775
5555,5555,0,2046,161
5556,5556,0,2046,0
5557,5557,0,2047,285
5558,5558,0,2046,994
5559,5559,0,2046,1947
5560,5560,0,2047,2920
5561,5561,0,2046,3688
5562,5562,0,2046,4072
5563,5563,0,2047,3984
5564,5564,0,2047,3441
5565,5565,0,2047,2572
5566,5566,0,2046,1579
5567,5567,0,2047,692
5568,5568,0,2046,120
5569,5569,0,2046,0
5570,5570,0,2047,343
5571,5571,0,2046,1087
5572,5572,0,2046,2054
5573,5573,0,2046,3015
5574,5574,0,2047,3751
5575,5575,0,2047,4087
5576,5576,0,2046,3946
5577,5577,0,2046,3361
5578,5578,0,2047,2467
5579,5579,0,2047,1475
5580,5580,0,2046,613
5581,5581,0,2046,83
5582,5582,0,2047,9
5583,5583,0,2046,405
5584,5584,0,2046,1185
5585,5585,0,2046,2161
5586,5586,0,2047,3108
5587,5587,0,2046,3807
5588,5588,0,2046,4095
5589,5589,0,2047,3903
5590,5590,0,2047,3277
5591,5591,0,2047,2362
5592,5592,0,2046,1373
5593,5593,0,2047,538
5594,5594,0,2046,52
5595,5595,0,2046,29
5596,5596,0,2047,474
5597,5597,0,2046,1283
5598,5598,0,2046,2267
5599,5599,0,2047,3198
5600,5600,0,2046,3860
5601,5601,0,2047,4095
5602,5602,0,2047,3855
5603,5603,0,2046,3190
5604,5604,0,2046,2256
5605,5605,0,2046,1273
5606,5606,0,2047,466
5607,5607,0,2046,27
5608,5608,0,2046,55
5609,5609,0,2047,546
5610,5610,0,2046,1383
5611,5611,0,2046,2373
5612,5612,0,2046,3285
5613,5613,0,2047,3908
5614,5614,0,2046,4094
5615,5615,0,2046,3803
5616,5616,0,2046,3099
5617,5617,0,2046,2149
5618,5618,0,2047,1174
5619,5619,0,2046,400
5620,5620,0,2047,7
5621,5621,0,2046,86
5622,5622,0,2046,621
5623,5623,0,2046,1486
5624,5624,0,2046,2479
5625,5625,0,2046,3369
5626,5626,0,2046,3949
5627,5627,0,2046,4086
5628,5628,0,2047,3744
5629,5629,0,2046,3007
5630,5630,0,2046,2043
5631,5631,0,2047,1078
5632,5632,0,2047,337
5633,5633,0,2046,0
5634,5634,0,2046,124
5635,5635,0,2046,701
5636,5636,0,2046,1590
5637,5637,0,2047,2582
5638,5638,0,2047,3449
5639,5639,0,2046,3987
5640,5640,0,2046,4071
5641,5641,0,2046,3683
5642,5642,0,2047,2910
5643,5643,0,2046,1936
5644,5644,0,2046,985
5645,5645,0,2046,279
5646,5646,0,2046,0
5647,5647,0,2046,165
5648,5648,0,2047,784
5649,5649,0,2046,1694
5650,5650,0,2047,2684
5651,5651,0,2047,3525
5652,5652,0,2046,4019
5653,5653,0,2046,4051
5654,5654,0,2046,3616
5655,5655,0,2046,2813
5656,5656,0,2046,1829
5657,5657,0,2047,894
5658,5658,0,2047,225
5659,5659,0,2046,0
5660,5660,0,2045,212
5661,5661,0,2046,870
5662,5662,0,2046,1801
5663,5663,0,2046,2786
5664,5664,0,2046,3597
5665,5665,0,2047,4046
5666,5666,0,2047,4027
5667,5667,0,2046,3544
5668,5668,0,2046,2712
5669,5669,0,2046,1723
5670,5670,0,2047,807
5671,5671,0,2046,177
5672,5672,0,2047,0
5673,5673,0,2047,264
5674,5674,0,2046,960
5675,5675,0,2047,1907
5676,5676,0,2046,2884
5677,5677,0,2046,3665
5678,5678,0,2047,4066
5679,5679,0,2046,3997
5680,5680,0,2047,3470
5681,5681,0,2046,2610
5682,5682,0,2046,1617
5683,5683,0,2047,723
5684,5684,0,2046,134
5685,5685,0,2046,0
5686,5686,0,2047,321
5687,5687,0,2046,1053
5688,5688,0,2046,2014
5689,5689,0,2046,2981
5690,5690,0,2047,3728
5691,5691,0,2046,4081
5692,5692,0,2047,3960
5693,5693,0,2046,3391
5694,5694,0,2047,2507
5695,5695,0,2046,1514
5696,5696,0,2047,643
5697,5697,0,2047,97
5698,5698,0,2046,3
5699,5699,0,2046,382
5700,5700,0,2047,1148
5701,5701,0,2046,2121
5702,5702,0,2047,3075
5703,5703,0,2046,3787
5704,5704,0,2046,4091
5705,5705,0,2047,3919
5706,5706,0,2046,3309
5707,5707,0,2046,2402
5708,5708,0,2046,1410
5709,5709,0,2046,565
5710,5710,0,2046,63
5711,5711,0,2046,20
5712,5712,0,2046,448
5713,5713,0,2046,1246
5714,5714,0,2046,2227
5715,5715,0,2046,3165
5716,5716,0,2047,3841
5717,5717,0,2046,4095
5718,5718,0,2046,3873
5719,5719,0,2046,3222
5720,5720,0,2046,2296
5721,5721,0,2046,1309
5722,5722,0,2046,493
5723,5723,0,2046,35
5724,5724,0,2046,45
5725,5725,0,2046,518
5726,5726,0,2047,1345
5727,5727,0,2047,2334
5728,5728,0,2046,3254
5729,5729,0,2046,3890
5730,5730,0,2047,4095
5731,5731,0,2047,3822
5732,5732,0,2047,3133
5733,5733,0,2047,2189
5734,5734,0,2047,1210
5735,5735,0,2046,425
5736,5736,0,2047,14
5737,5737,0,2046,74
5738,5738,0,2046,592
5739,5739,0,2046,1447
5740,5740,0,2047,2439
5741,5741,0,2047,3338
5742,5742,0,2046,3935
5743,5743,0,2046,4089
5744,5744,0,2046,3767
5745,5745,0,2047,3041
5746,5746,0,2047,2083
5747,5747,0,2047,1114
5748,5748,0,2046,360
5749,5749,0,2046,0
5750,5750,0,2047,109
5751,5751,0,2047,671
5752,5752,0,2046,1550
5753,5753,0,2046,2543
5754,5754,0,2046,3420
5755,5755,0,2046,3973
5756,5756,0,2047,4077
5757,5757,0,2046,3706
5758,5758,0,2046,2946
5759,5759,0,2047,1975
5760,5760,0,2046,1019
5761,5761,0,2047,300
5762,5762,0,2046,0
5763,5763,0,2047,149
5764,5764,0,2046,753
5765,5765,0,2047,1655
5766,5766,0,2047,2647
5767,5767,0,2046,3497
5768,5768,0,2047,4008
5769,5769,0,2046,4059
5770,5770,0,2047,3641
5771,5771,0,2047,2849
5772,5772,0,2047,1869
5773,5773,0,2046,928
5774,5774,0,2046,246
5775,5775,0,2046,0
5776,5776,0,2046,194
5777,5777,0,2046,837
5778,5778,0,2047,1761
5779,5779,0,2046,2748
5780,5780,0,2046,3570
5781,5781,0,2047,4036
5782,5782,0,2047,4037
5783,5783,0,2047,3571
5784,5784,0,2046,2750
5785,5785,0,2046,1762
5786,5786,0,2047,839
5787,5787,0,2046,195
5788,5788,0,2047,0
5789,5789,0,2046,244
5790,5790,0,2046,926
5791,5791,0,2046,1867
5792,5792,0,2046,2847
5793,5793,0,2047,3640
5794,5794,0,2046,4059
5795,5795,0,2046,4008
5796,5796,0,2046,3498
5797,5797,0,2047,2649
5798,5798,0,2046,1657
5799,5799,0,2046,754
5800,5800,0,2046,149
5801,5801,0,2046,0
5802,5802,0,2046,299
5803,5803,0,2047,1018
5804,5804,0,2046,1974
5805,5805,0,2047,2944
5806,5806,0,2046,3705
5807,5807,0,2046,4077
5808,5808,0,2046,3974
5809,5809,0,2046,3421
5810,5810,0,2046,2545
5811,5811,0,2047,1552
5812,5812,0,2046,672
5813,5813,0,2047,110
5814,5814,0,2046,0
5815,5815,0,2046,359
5816,5816,0,2047,1113
5817,5817,0,2046,2081
5818,5818,0,2047,3040
5819,5819,0,2047,3765
5820,5820,0,2046,4089
5821,5821,0,2046,3935
5822,5822,0,2046,3340
5823,5823,0,2046,2440
5824,5824,0,2047,1449
5825,5825,0,2047,594
5826,5826,0,2047,75
5827,5827,0,2046,14
5828,5828,0,2047,424
5829,5829,0,2047,1209
5830,5830,0,2047,2188
5831,5831,0,2046,3132
5832,5832,0,2046,3821
5833,5833,0,2047,4095
5834,5834,0,2047,3891
5835,5835,0,2047,3255
5836,5836,0,2046,2335
5837,5837,0,2047,1347
5838,5838,0,2046,519
5839,5839,0,2046,46
5840,5840,0,2047,36
5841,5841,0,2046,492
5842,5842,0,2047,1308
5843,5843,0,2046,2294
5844,5844,0,2047,3222
5845,5845,0,2047,3873
5846,5846,0,2046,4095
5847,5847,0,2046,3842
5848,5848,0,2046,3166
5849,5849,0,2047,2228
5850,5850,0,2047,1247
5851,5851,0,2047,449
5852,5852,0,2046,21
5853,5853,0,2047,63
5854,5854,0,2046,565
5855,5855,0,2047,1409
5856,5856,0,2046,2400
5857,5857,0,2046,3307
5858,5858,0,2046,3918
5859,5859,0,2047,4092
5860,5860,0,2046,3788
5861,5861,0,2046,3076
5862,5862,0,2046,2122
5863,5863,0,2047,1149
5864,5864,0,2047,384
5865,5865,0,2046,3
5866,5866,0,2046,96
5867,5867,0,2046,641
5868,5868,0,2046,1512
5869,5869,0,2046,2505
5870,5870,0,2046,3390
5871,5871,0,2047,3960
5872,5872,0,2046,4082
5873,5873,0,2047,3729
5874,5874,0,2046,2981
5875,5875,0,2047,2015
5876,5876,0,2046,1055
5877,5877,0,2047,322
5878,5878,0,2046,0
5879,5879,0,2046,134
5880,5880,0,2046,722
5881,5881,0,2046,1617
5882,5882,0,2046,2609
5883,5883,0,2046,3468
5884,5884,0,2047,3995
5885,5885,0,2046,4066
5886,5886,0,2047,3666
5887,5887,0,2046,2884
5888,5888,0,2046,1908
5889,5889,0,2047,961
5890,5890,0,2046,265
5891,5891,0,2046,0
5892,5892,0,2046,176
5893,5893,0,2046,806
5894,5894,0,2047,1722
5895,5895,0,2046,2711
5896,5896,0,2046,3544
5897,5897,0,2046,4026
5898,5898,0,2046,4045
5899,5899,0,2046,3598
5900,5900,0,2046,2786
5901,5901,0,2046,1802
5902,5902,0,2046,872
5903,5903,0,2046,213
5904,5904,0,2046,0
5905,5905,0,2046,225
5906,5906,0,2047,893
5907,5907,0,2047,1828
5908,5908,0,2047,2810
5909,5909,0,2046,3614
5910,5910,0,2046,4051
5911,5911,0,2046,4019
5912,5912,0,2046,3525
5913,5913,0,2046,2686
5914,5914,0,2046,1695
5915,5915,0,2046,784
5916,5916,0,2046,166
5917,5917,0,2047,0
5918,5918,0,2047,279
5919,5919,0,2046,984
5920,5920,0,2046,1935
5921,5921,0,2046,2910
5922,5922,0,2046,3681
5923,5923,0,2046,4071
5924,5924,0,2047,3987
5925,5925,0,2046,3450
5926,5926,0,2046,2584
5927,5927,0,2046,1591
5928,5928,0,2047,701
5929,5929,0,2046,124
5930,5930,0,2046,0
5931,5931,0,2047,335
5932,5932,0,2047,1077
5933,5933,0,2046,2042
5934,5934,0,2046,3005
5935,5935,0,2046,3743
5936,5936,0,2046,4085
5937,5937,0,2046,3949
5938,5938,0,2047,3370
5939,5939,0,2046,2479
5940,5940,0,2046,1486
5941,5941,0,2046,622
5942,5942,0,2046,87
5943,5943,0,2046,7
5944,5944,0,2046,399
5945,5945,0,2046,1173
5946,5946,0,2047,2148
5947,5947,0,2046,3099
5948,5948,0,2046,3801
5949,5949,0,2046,4094
5950,5950,0,2047,3908
5951,5951,0,2046,3286
5952,5952,0,2046,2375
5953,5953,0,2047,1384
5954,5954,0,2046,546
5955,5955,0,2046,56
5956,5956,0,2047,27
5957,5957,0,2047,466
5958,5958,0,2046,1271
5959,5959,0,2046,2255
5960,5960,0,2046,3188
5961,5961,0,2046,3854
5962,5962,0,2047,4095
5963,5963,0,2046,3860
5964,5964,0,2047,3200
5965,5965,0,2047,2267
5966,5966,0,2046,1284
5967,5967,0,2046,475
5968,5968,0,2047,29
5969,5969,0,2047,52
5970,5970,0,2046,537
5971,5971,0,2047,1371
5972,5972,0,2046,2362
5973,5973,0,2046,3276
5974,5974,0,2046,3903
5975,5975,0,2045,4094
5976,5976,0,2047,3808
5977,5977,0,2046,3110
5978,5978,0,2046,2162
5979,5979,0,2047,1185
5980,5980,0,2046,408
5981,5981,0,2046,9
5982,5982,0,2046,83
5983,5983,0,2046,613
5984,5984,0,2047,1474
5985,5985,0,2046,2467
5986,5986,0,2047,3360
5987,5987,0,2047,3945
5988,5988,0,2046,4086
5989,5989,0,2046,3751
5990,5990,0,2046,3017
5991,5991,0,2046,2055
5992,5992,0,2046,1089
5993,5993,0,2046,344
5994,5994,0,2046,0
5995,5995,0,2046,119
5996,5996,0,2046,692
5997,5997,0,2046,1578
5998,5998,0,2047,2570
5999,5999,0,2046,3440
6000,6000,0,2047,3982
6001,6001,0,2046,4073
6002,6002,0,2046,3690
6003,6003,0,2046,2921
6004,6004,0,2047,1948
6005,6005,0,2046,995
6006,6006,0,2046,285
6007,6007,0,2046,0
6008,6008,0,2046,160
6009,6009,0,2046,774
6010,6010,0,2046,1681
6011,6011,0,2046,2673
6012,6012,0,2046,3516
6013,6013,0,2045,4015
6014,6014,0,2047,4055
6015,6015,0,2047,3623
6016,6016,0,2046,2823
6017,6017,0,2046,1841
6018,6018,0,2046,905
6019,6019,0,2046,231
6020,6020,0,2046,0
6021,6021,0,2047,206
6022,6022,0,2047,861
6023,6023,0,2046,1789
6024,6024,0,2047,2774
6025,6025,0,2046,3589
6026,6026,0,2046,4043
6027,6027,0,2046,4030
6028,6028,0,2046,3553
6029,6029,0,2046,2724
6030,6030,0,2046,1735
6031,6031,0,2047,817
6032,6032,0,2047,183
6033,6033,0,2047,0
6034,6034,0,2046,258
6035,6035,0,2046,950
6036,6036,0,2046,1895
6037,6037,0,2047,2873
6038,6038,0,2046,3658
6039,6039,0,2047,4064
6040,6040,0,2046,4000
6041,6041,0,2046,3479
6042,6042,0,2045,2622
6043,6043,0,2046,1629
6044,6044,0,2046,732
6045,6045,0,2046,139
6046,6046,0,2046,0
6047,6047,0,2046,314
6048,6048,0,2047,1042
6049,6049,0,2046,2002
6050,6050,0,2047,2970
6051,6051,0,2046,3722
6052,6052,0,2046,4080
6053,6053,0,2047,3965
6054,6054,0,2046,3400
6055,6055,0,2046,2518
6056,6056,0,2046,1525
6057,6057,0,2046,651
6058,6058,0,2046,100
6059,6059,0,2046,1
6060,6060,0,2046,375
6061,6061,0,2047,1137
6062,6062,0,2047,2109
6063,6063,0,2047,3064
6064,6064,0,2047,3781
6065,6065,0,2046,4091
6066,6066,0,2047,3924
6067,6067,0,2046,3318
6068,6068,0,2046,2414
6069,6069,0,2047,1422
6070,6070,0,2046,574
6071,6071,0,2046,67
6072,6072,0,2046,18
6073,6073,0,2046,441
6074,6074,0,2046,1235
6075,6075,0,2046,2216
6076,6076,0,2046,3155
6077,6077,0,2046,3835
6078,6078,0,2046,4095
6079,6079,0,2047,3878
6080,6080,0,2046,3232
6081,6081,0,2046,2308
6082,6082,0,2046,1321
6083,6083,0,2046,501
6084,6084,0,2046,39
6085,6085,0,2046,42
6086,6086,0,2046,511
6087,6087,0,2046,1334
6088,6088,0,2046,2322
6089,6089,0,2046,3243
6090,6090,0,2047,3885
6091,6091,0,2047,4095
6092,6092,0,2047,3828
6093,6093,0,2046,3144
6094,6094,0,2046,2201
6095,6095,0,2046,1221
6096,6096,0,2047,433
6097,6097,0,2047,15
6098,6098,0,2046,71
6099,6099,0,2046,584
6100,6100,0,2046,1435
6101,6101,0,2046,2428
6102,6102,0,2046,3328
6103,6103,0,2047,3929
6104,6104,0,2046,4090
6105,6105,0,2046,3773
6106,6106,0,2046,3052
6107,6107,0,2047,2095
6108,6108,0,2046,1124
6109,6109,0,2047,368
6110,6110,0,2047,0
6111,6111,0,2047,104
6112,6112,0,2047,661
6113,6113,0,2046,1538
6114,6114,0,2047,2531
6115,6115,0,2047,3411
6116,6116,0,2047,3969
6117,6117,0,2046,4078
6118,6118,0,2046,3713
6119,6119,0,2046,2958
6120,6120,0,2046,1988
6121,6121,0,2046,1030
6122,6122,0,2046,307
6123,6123,0,2047,0
6124,6124,0,2046,145
6125,6125,0,2046,743
6126,6126,0,2047,1643
6127,6127,0,2046,2635
6128,6128,0,2046,3488
6129,6129,0,2046,4004
6130,6130,0,2046,4061
6131,6131,0,2046,3649
6132,6132,0,2046,2860
6133,6133,0,2046,1880
6134,6134,0,2047,938
6135,6135,0,2046,251
6136,6136,0,2046,0
6137,6137,0,2046,189
6138,6138,0,2046,828
6139,6139,0,2046,1748
6140,6140,0,2046,2737
6141,6141,0,2047,3562
6142,6142,0,2046,4033
6143,6143,0,2046,4039
6144,6144,0,2046,3580
6145,6145,0,2046,2761
6146,6146,0,2047,1775
6147,6147,0,2047,849
6148,6148,0,2046,200
6149,6149,0,2046,0
6150,6150,0,2047,239
6151,6151,0,2046,917
6152,6152,0,2046,1855
6153,6153,0,2046,2837
6154,6154,0,2047,3632
6155,6155,0,2046,4057
6156,6156,0,2047,4011
6157,6157,0,2046,3507
6158,6158,0,2046,2660
6159,6159,0,2046,1668
6160,6160,0,2046,763
6161,6161,0,2046,154
6162,6162,0,2047,0
6163,6163,0,2046,293
6164,6164,0,2046,1008
6165,6165,0,2046,1962
6166,6166,0,2046,2934
6167,6167,0,2047,3697
6168,6168,0,2046,4075
6169,6169,0,2046,3978
6170,6170,0,2046,3429
6171,6171,0,2046,2557
6172,6172,0,2046,1563
6173,6173,0,2047,680
6174,6174,0,2047,114
6175,6175,0,2047,0
6176,6176,0,2047,352
6177,6177,0,2047,1102
6178,6178,0,2047,2070
6179,6179,0,2046,3029
6180,6180,0,2047,3759
6181,6181,0,2047,4087
6182,6182,0,2046,3940
6183,6183,0,2046,3349
6184,6184,0,2046,2453
6185,6185,0,2047,1460
6186,6186,0,2046,602
6187,6187,0,2047,79
6188,6188,0,2046,11
6189,6189,0,2047,416
6190,6190,0,2046,1199
6191,6191,0,2047,2176
6192,6192,0,2046,3122
6193,6193,0,2046,3815
6194,6194,0,2046,4095
6195,6195,0,2046,3895
6196,6196,0,2047,3264
6197,6197,0,2046,2347
6198,6198,0,2045,1358
6199,6199,0,2047,527
6200,6200,0,2047,48
6201,6201,0,2046,32
6202,6202,0,2046,484
6203,6203,0,2046,1297
6204,6204,0,2046,2283
6205,6205,0,2047,3212
6206,6206,0,2046,3867
6207,6207,0,2047,4095
6208,6208,0,2047,3847
6209,6209,0,2046,3177
6210,6210,0,2046,2241
6211,6211,0,2046,1258
6212,6212,0,2047,457
6213,6213,0,2047,23
6214,6214,0,2046,59
6215,6215,0,2046,556
6216,6216,0,2046,1398
6217,6217,0,2047,2389
6218,6218,0,2046,3297
6219,6219,0,2046,3914
6220,6220,0,2047,4093
6221,6221,0,2046,3794
6222,6222,0,2047,3087
6223,6223,0,2046,2135
6224,6224,0,2046,1160
6225,6225,0,2046,391
6226,6226,0,2047,5
6227,6227,0,2047,92
6228,6228,0,2047,632
6229,6229,0,2046,1501
6230,6230,0,2046,2494
6231,6231,0,2046,3381
6232,6232,0,2046,3955
6233,6233,0,2047,4084
6234,6234,0,2046,3736
6235,6235,0,2046,2993
6236,6236,0,2046,2028
6237,6237,0,2046,1065
6238,6238,0,2047,328
6239,6239,0,2046,0
6240,6240,0,2046,129
6241,6241,0,2046,712
6242,6242,0,2047,1605
6243,6243,0,2046,2597
6244,6244,0,2046,3460
6245,6245,0,2047,3992
6246,6246,0,2046,4068
6247,6247,0,2046,3673
6248,6248,0,2046,2896
6249,6249,0,2047,1921
6250,6250,0,2046,972
6251,6251,0,2047,271
6252,6252,0,2046,0
6253,6253,0,2046,172
6254,6254,0,2047,796
6255,6255,0,2046,1710
6256,6256,0,2046,2700
6257,6257,0,2046,3535
6258,6258,0,2046,4023
6259,6259,0,2047,4049
6260,6260,0,2046,3606
6261,6261,0,2047,2798
6262,6262,0,2046,1814
6263,6263,0,2046,882
6264,6264,0,2046,219
6265,6265,0,2046,0
6266,6266,0,2047,220
6267,6267,0,2047,883
6268,6268,0,2047,1816
6269,6269,0,2046,2800
6270,6270,0,2047,3607
6271,6271,0,2047,4049
6272,6272,0,2046,4023
6273,6273,0,2047,3534
6274,6274,0,2047,2698
6275,6275,0,2047,1707
6276,6276,0,2046,795
6277,6277,0,2046,171
6278,6278,0,2047,0
6279,6279,0,2046,272
6280,6280,0,2047,974
6281,6281,0,2046,1923
6282,6282,0,2046,2898
6283,6283,0,2046,3674
6284,6284,0,2047,4069
6285,6285,0,2047,3992
6286,6286,0,2047,3458
6287,6287,0,2046,2595
6288,6288,0,2047,1602
6289,6289,0,2046,711
6290,6290,0,2047,128
6291,6291,0,2046,0
6292,6292,0,2047,330
6293,6293,0,2046,1066
6294,6294,0,2046,2029
6295,6295,0,2046,2994
6296,6296,0,2047,3736
6297,6297,0,2047,4084
6298,6298,0,2046,3954
6299,6299,0,2046,3380
6300,6300,0,2047,2491
6301,6301,0,2047,1498
6302,6302,0,2046,631
6303,6303,0,2047,91
6304,6304,0,2047,5
6305,6305,0,2046,391
6306,6306,0,2046,1162
6307,6307,0,2046,2136
6308,6308,0,2046,3088
6309,6309,0,2046,3795
6310,6310,0,2046,4092
6311,6311,0,2046,3913
6312,6312,0,2046,3296
6313,6313,0,2046,2387
6314,6314,0,2046,1396
6315,6315,0,2046,555
6316,6316,0,2046,58
6317,6317,0,2046,24
6318,6318,0,2046,458
6319,6319,0,2046,1260
6320,6320,0,2047,2243
6321,6321,0,2047,3179
6322,6322,0,2047,3848
6323,6323,0,2046,4095
6324,6324,0,2046,3866
6325,6325,0,2046,3209
6326,6326,0,2046,2281
6327,6327,0,2047,1294
6328,6328,0,2046,482
6329,6329,0,2046,32
6330,6330,0,2046,49
6331,6331,0,2047,528
6332,6332,0,2047,1360
6333,6333,0,2046,2350
6334,6334,0,2047,3266
6335,6335,0,2047,3897
6336,6336,0,2046,4095
6337,6337,0,2046,3814
6338,6338,0,2046,3120
6339,6339,0,2047,2174
6340,6340,0,2046,1196
6341,6341,0,2046,415
6342,6342,0,2046,11
6343,6343,0,2047,78
6344,6344,0,2047,603
6345,6345,0,2047,1462
6346,6346,0,2047,2455
6347,6347,0,2046,3350
6348,6348,0,2046,3940
6349,6349,0,2047,4088
6350,6350,0,2046,3758
6351,6351,0,2046,3028
6352,6352,0,2046,2067
6353,6353,0,2047,1099
6354,6354,0,2046,351
6355,6355,0,2046,0
6356,6356,0,2046,114
6357,6357,0,2046,682
6358,6358,0,2046,1566
6359,6359,0,2046,2559
6360,6360,0,2046,3431
6361,6361,0,2047,3978
6362,6362,0,2046,4075
6363,6363,0,2047,3697
6364,6364,0,2046,2932
6365,6365,0,2047,1959
6366,6366,0,2046,1006
6367,6367,0,2046,292
6368,6368,0,2046,0
6369,6369,0,2046,156
6370,6370,0,2046,764
6371,6371,0,2046,1671
6372,6372,0,2046,2662
6373,6373,0,2047,3508
6374,6374,0,2046,4012
6375,6375,0,2046,4056
6376,6376,0,2046,3631
6377,6377,0,2046,2835
6378,6378,0,2046,1853
6379,6379,0,2047,915
6380,6380,0,2046,238
6381,6381,0,2046,0
6382,6382,0,2047,201
6383,6383,0,2047,850
6384,6384,0,2046,1776
6385,6385,0,2046,2763
6386,6386,0,2046,3581
6387,6387,0,2047,4039
6388,6388,0,2046,4033
6389,6389,0,2046,3561
6390,6390,0,2046,2735
6391,6391,0,2046,1747
6392,6392,0,2047,827
6393,6393,0,2046,188
6394,6394,0,2047,0
6395,6395,0,2047,252
6396,6396,0,2046,940
6397,6397,0,2046,1882
6398,6398,0,2046,2862
6399,6399,0,2047,3649
6400,6400,0,2047,4063
6401,6401,0,2046,4004
6402,6402,0,2047,3487
6403,6403,0,2046,2634
6404,6404,0,2047,1642
6405,6405,0,2047,742
6406,6406,0,2046,144
6407,6407,0,2046,0
6408,6408,0,2047,308
6409,6409,0,2046,1031
6410,6410,0,2046,1989
6411,6411,0,2046,2959
6412,6412,0,2047,3714
6413,6413,0,2046,4079
6414,6414,0,2047,3969
6415,6415,0,2047,3409
6416,6416,0,2046,2530
6417,6417,0,2046,1537
6418,6418,0,2046,660
6419,6419,0,2047,105
6420,6420,0,2046,0
6421,6421,0,2046,368
6422,6422,0,2046,1125
6423,6423,0,2047,2096
6424,6424,0,2046,3053
6425,6425,0,2047,3774
6426,6426,0,2046,4090
6427,6427,0,2046,3929
6428,6428,0,2046,3328
6429,6429,0,2046,2426
6430,6430,0,2047,1434
6431,6431,0,2047,583
6432,6432,0,2046,71
6433,6433,0,2047,16
6434,6434,0,2047,433
6435,6435,0,2047,1224
6436,6436,0,2046,2204
6437,6437,0,2047,3146
6438,6438,0,2046,3829
6439,6439,0,2046,4095
6440,6440,0,2046,3883
6441,6441,0,2046,3243
6442,6442,0,2046,2320
6443,6443,0,2047,1332
6444,6444,0,2046,509
6445,6445,0,2046,41
6446,6446,0,2046,39
6447,6447,0,2047,502
6448,6448,0,2047,1323
6449,6449,0,2047,2309
6450,6450,0,2046,3233
6451,6451,0,2046,3880
6452,6452,0,2046,4095
6453,6453,0,2046,3834
6454,6454,0,2046,3154
6455,6455,0,2046,2213
6456,6456,0,2047,1233
6457,6457,0,2046,439
6458,6458,0,2046,18
6459,6459,0,2047,67
6460,6460,0,2046,575
6461,6461,0,2046,1424
6462,6462,0,2046,2415
6463,6463,0,2046,3319
6464,6464,0,2046,3926
6465,6465,0,2046,4091
6466,6466,0,2047,3780
6467,6467,0,2047,3062
6468,6468,0,2046,2107
6469,6469,0,2046,1136
6470,6470,0,2046,375
6471,6471,0,2046,1
6472,6472,0,2046,100
6473,6473,0,2047,653
6474,6474,0,2047,1527
6475,6475,0,2046,2520
6476,6476,0,2046,3402
6477,6477,0,2047,3965
6478,6478,0,2046,4081
6479,6479,0,2047,3721
6480,6480,0,2047,2968
6481,6481,0,2047,2000
6482,6482,0,2046,1041
6483,6483,0,2047,314
6484,6484,0,2046,0
6485,6485,0,2046,140
6486,6486,0,2046,733
6487,6487,0,2046,1631
6488,6488,0,2047,2623
6489,6489,0,2047,3480
6490,6490,0,2047,4000
6491,6491,0,2046,4064
6492,6492,0,2046,3656
6493,6493,0,2046,2872
6494,6494,0,2046,1893
6495,6495,0,2047,949
6496,6496,0,2047,258
6497,6497,0,2046,0
6498,6498,0,2046,184
6499,6499,0,2047,818
6500,6500,0,2046,1737
6501,6501,0,2046,2724
6502,6502,0,2046,3554
6503,6503,0,2047,4031
6504,6504,0,2046,4042
6505,6505,0,2046,3587
6506,6506,0,2047,2772
6507,6507,0,2046,1787
6508,6508,0,2046,859
6509,6509,0,2047,206
6510,6510,0,2046,0
6511,6511,0,2046,233
6512,6512,0,2046,906
6513,6513,0,2047,1843
6514,6514,0,2047,2825
6515,6515,0,2047,3624
6516,6516,0,2046,4054
6517,6517,0,2045,4016
6518,6518,0,2047,3515
6519,6519,0,2047,2671
6520,6520,0,2046,1680
6521,6521,0,2046,773
6522,6522,0,2046,160
6523,6523,0,2046,0
6524,6524,0,2046,286
6525,6525,0,2046,996
6526,6526,0,2047,1950
6527,6527,0,2046,2923
6528,6528,0,2046,3690
6529,6529,0,2046,4073
6530,6530,0,2047,3982
6531,6531,0,2047,3438
6532,6532,0,2046,2568
6533,6533,0,2046,1576
6534,6534,0,2047,690
6535,6535,0,2047,119
6536,6536,0,2047,0
6537,6537,0,2047,345
6538,6538,0,2046,1090
6539,6539,0,2046,2057
6540,6540,0,2046,3019
6541,6541,0,2047,3752
6542,6542,0,2046,4086
6543,6543,0,2047,3945
6544,6544,0,2046,3358
6545,6545,0,2047,2465
6546,6546,0,2046,1472
6547,6547,0,2046,612
6548,6548,0,2046,83
6549,6549,0,2046,9
6550,6550,0,2046,408
6551,6551,0,2047,1187
6552,6552,0,2046,2164
6553,6553,0,2046,3111
6554,6554,0,2046,3809
6555,6555,0,2047,4094
6556,6556,0,2046,3902
6557,6557,0,2046,3275
6558,6558,0,2047,2360
6559,6559,0,2046,1369
6560,6560,0,2046,536
6561,6561,0,2047,52
6562,6562,0,2046,29
6563,6563,0,2047,476
6564,6564,0,2046,1286
6565,6565,0,2046,2270
6566,6566,0,2047,3201
6567,6567,0,2047,3861
6568,6568,0,2047,4095
6569,6569,0,2046,3853
6570,6570,0,2045,3187
6571,6571,0,2047,2253
6572,6572,0,2047,1269
6573,6573,0,2046,464
6574,6574,0,2046,26
6575,6575,0,2046,56
6576,6576,0,2046,548
6577,6577,0,2046,1386
6578,6578,0,2047,2376
6579,6579,0,2047,3288
6580,6580,0,2047,3909
6581,6581,0,2046,4094
6582,6582,0,2048,3801
6583,6583,0,2047,3097
6584,6584,0,2046,2147
6585,6585,0,2046,1171
6586,6586,0,2046,398
6587,6587,0,2046,6
6588,6588,0,2046,87
6589,6589,0,2047,623
6590,6590,0,2046,1489
6591,6591,0,2046,2481
6592,6592,0,2046,3372
6593,6593,0,2046,3951
6594,6594,0,2046,4085
6595,6595,0,2046,3743
6596,6596,0,2047,3004
6597,6597,0,2046,2039
6598,6598,0,2047,1076
6599,6599,0,2047,335
6600,6600,0,2047,0
6601,6601,0,2046,124
6602,6602,0,2047,703
6603,6603,0,2047,1593
6604,6604,0,2047,2586
6605,6605,0,2047,3451
6606,6606,0,2046,3987
6607,6607,0,2046,4070
6608,6608,0,2047,3680
6609,6609,0,2047,2907
6610,6610,0,2047,1932
6611,6611,0,2047,982
6612,6612,0,2047,278
6613,6613,0,2046,0
6614,6614,0,2046,167
6615,6615,0,2047,787
6616,6616,0,2047,1697
6617,6617,0,2046,2687
6618,6618,0,2046,3526
6619,6619,0,2046,4020
6620,6620,0,2047,4051
6621,6621,0,2046,3614
6622,6622,0,2047,2810
6623,6623,0,2046,1826
6624,6624,0,2046,892
6625,6625,0,2047,225
6626,6626,0,2046,0
6627,6627,0,2046,213
6628,6628,0,2047,873
6629,6629,0,2046,1803
6630,6630,0,2046,2789
6631,6631,0,2047,3599
6632,6632,0,2046,4046
6633,6633,0,2046,4026
6634,6634,0,2047,3543
6635,6635,0,2046,2710
6636,6636,0,2047,1720
6637,6637,0,2046,805
6638,6638,0,2046,176
6639,6639,0,2046,0
6640,6640,0,2047,266
6641,6641,0,2047,963
6642,6642,0,2047,1910
6643,6643,0,2045,2887
6644,6644,0,2046,3667
6645,6645,0,2046,4066
6646,6646,0,2047,3995
6647,6647,0,2047,3467
6648,6648,0,2047,2607
6649,6649,0,2046,1614
6650,6650,0,2047,721
6651,6651,0,2046,133
6652,6652,0,2047,0
6653,6653,0,2046,322
6654,6654,0,2047,1056
6655,6655,0,2047,2017
6656,6656,0,2046,2983
6657,6657,0,2046,3730
6658,6658,0,2047,4083
6659,6659,0,2047,3959
6660,6660,0,2047,3388
6661,6661,0,2046,2503
6662,6662,0,2047,1510
6663,6663,0,2046,640
6664,6664,0,2047,95
6665,6665,0,2047,3
6666,6666,0,2046,385
6667,6667,0,2047,1151
6668,6668,0,2046,2124
6669,6669,0,2047,3077
6670,6670,0,2046,3788
6671,6671,0,2047,4093
6672,6672,0,2047,3917
6673,6673,0,2047,3306
6674,6674,0,2046,2399
6675,6675,0,2047,1407
6676,6676,0,2047,563
6677,6677,0,2046,61
6678,6678,0,2046,22
6679,6679,0,2046,450
6680,6680,0,2047,1249
6681,6681,0,2047,2231
6682,6682,0,2047,3169
6683,6683,0,2046,3843
6684,6684,0,2047,4095
6685,6685,0,2046,3872
6686,6686,0,2046,3220
6687,6687,0,2047,2293
6688,6688,0,2047,1306
6689,6689,0,2046,490
6690,6690,0,2046,35
6691,6691,0,2046,46
6692,6692,0,2046,521
6693,6693,0,2046,1348
6694,6694,0,2046,2338
6695,6695,0,2047,3256
6696,6696,0,2046,3892
6697,6697,0,2046,4095
6698,6698,0,2046,3820
6699,6699,0,2046,3130
6700,6700,0,2047,2185
6701,6701,0,2046,1208
6702,6702,0,2046,422
6703,6703,0,2047,13
6704,6704,0,2046,76
6705,6705,0,2046,595
6706,6706,0,2047,1451
6707,6707,0,2047,2443
6708,6708,0,2046,3341
6709,6709,0,2046,3936
6710,6710,0,2046,4089
6711,6711,0,2046,3765
6712,6712,0,2046,3039
6713,6713,0,2046,2079
6714,6714,0,2047,1110
6715,6715,0,2047,358
6716,6716,0,2046,0
6717,6717,0,2046,110
6718,6718,0,2047,674
6719,6719,0,2046,1554
6720,6720,0,2047,2546
6721,6721,0,2046,3422
6722,6722,0,2046,3974
6723,6723,0,2046,4077
6724,6724,0,2046,3704
6725,6725,0,2047,2943
6726,6726,0,2046,1972
6727,6727,0,2047,1016
6728,6728,0,2046,298
6729,6729,0,2046,0
6730,6730,0,2046,150
6731,6731,0,2046,755
6732,6732,0,2047,1658
6733,6733,0,2047,2651
6734,6734,0,2046,3500
6735,6735,0,2047,4009
6736,6736,0,2047,4059
6737,6737,0,2047,3639
6738,6738,0,2046,2846
6739,6739,0,2047,1865
6740,6740,0,2047,925
6741,6741,0,2046,244
6742,6742,0,2046,0
6743,6743,0,2047,195
6744,6744,0,2046,840
6745,6745,0,2046,1764
6746,6746,0,2047,2751
6747,6747,0,2046,3572
6748,6748,0,2046,4037
6749,6749,0,2047,4036
6750,6750,0,2047,3569
6751,6751,0,2046,2746
6752,6752,0,2046,1759
6753,6753,0,2046,836
6754,6754,0,2046,193
6755,6755,0,2046,0
6756,6756,0,2047,246
6757,6757,0,2047,930
6758,6758,0,2046,1871
6759,6759,0,2046,2851
6760,6760,0,2047,3641
6761,6761,0,2047,4060
6762,6762,0,2046,4007
6763,6763,0,2047,3495
6764,6764,0,2047,2645
6765,6765,0,2046,1653
6766,6766,0,2046,750
6767,6767,0,2046,148
6768,6768,0,2046,0
6769,6769,0,2046,301
6770,6770,0,2046,1021
6771,6771,0,2046,1977
6772,6772,0,2046,2948
6773,6773,0,2046,3707
6774,6774,0,2046,4077
6775,6775,0,2047,3973
6776,6776,0,2047,3418
6777,6777,0,2046,2542
6778,6778,0,2046,1548
6779,6779,0,2047,669
6780,6780,0,2047,109
6781,6781,0,2047,0
6782,6782,0,2046,360
6783,6783,0,2046,1116
6784,6784,0,2047,2085
6785,6785,0,2047,3042
6786,6786,0,2046,3767
6787,6787,0,2046,4089
6788,6788,0,2047,3934
6789,6789,0,2047,3337
6790,6790,0,2046,2437
6791,6791,0,2046,1445
6792,6792,0,2047,591
6793,6793,0,2046,73
6794,6794,0,2046,14
6795,6795,0,2047,426
6796,6796,0,2046,1212
6797,6797,0,2046,2192
6798,6798,0,2046,3135
6799,6799,0,2046,3824
6800,6800,0,2046,4095
6801,6801,0,2046,3889
6802,6802,0,2047,3252
6803,6803,0,2046,2332
6804,6804,0,2046,1344
6805,6805,0,2046,517
6806,6806,0,2047,44
6807,6807,0,2045,36
6808,6808,0,2047,494
6809,6809,0,2047,1311
6810,6810,0,2046,2298
6811,6811,0,2047,3224
6812,6812,0,2046,3875
6813,6813,0,2046,4095
6814,6814,0,2047,3840
6815,6815,0,2047,3164
6816,6816,0,2047,2225
6817,6817,0,2046,1244
6818,6818,0,2047,448
6819,6819,0,2046,20
6820,6820,0,2046,64
6821,6821,0,2046,567
6822,6822,0,2046,1413
6823,6823,0,2047,2405
6824,6824,0,2046,3310
6825,6825,0,2046,3920
6826,6826,0,2046,4092
6827,6827,0,2046,3786
6828,6828,0,2047,3073
6829,6829,0,2046,2119
6830,6830,0,2047,1146
6831,6831,0,2046,381
6832,6832,0,2046,2
6833,6833,0,2047,96
6834,6834,0,2046,644
6835,6835,0,2046,1516
6836,6836,0,2047,2509
6837,6837,0,2046,3392
6838,6838,0,2047,3961
6839,6839,0,2047,4082
6840,6840,0,2047,3727
6841,6841,0,2046,2979
6842,6842,0,2046,2012
6843,6843,0,2047,1051
6844,6844,0,2046,319
6845,6845,0,2046,0
6846,6846,0,2046,135
6847,6847,0,2047,725
6848,6848,0,2046,1619
6849,6849,0,2046,2612
6850,6850,0,2046,3471
6851,6851,0,2046,3996
6852,6852,0,2047,4066
6853,6853,0,2046,3664
6854,6854,0,2046,2882
6855,6855,0,2047,1904
6856,6856,0,2046,958
6857,6857,0,2047,263
6858,6858,0,2046,0
6859,6859,0,2047,178
6860,6860,0,2046,808
6861,6861,0,2046,1725
6862,6862,0,2047,2714
6863,6863,0,2047,3546
6864,6864,0,2047,4027
6865,6865,0,2047,4045
6866,6866,0,2047,3595
6867,6867,0,2046,2783
6868,6868,0,2045,1798
6869,6869,0,2046,869
6870,6870,0,2046,210
6871,6871,0,2046,0
6872,6872,0,2047,227
6873,6873,0,2047,896
6874,6874,0,2046,1831
6875,6875,0,2046,2815
6876,6876,0,2047,3616
6877,6877,0,2046,4052
6878,6878,0,2046,4019
6879,6879,0,2046,3523
6880,6880,0,2046,2683
6881,6881,0,2046,1692
6882,6882,0,2045,783
6883,6883,0,2047,164
6884,6884,0,2047,0
6885,6885,0,2047,281
6886,6886,0,2046,987
6887,6887,0,2046,1938
6888,6888,0,2046,2912
6889,6889,0,2046,3683
6890,6890,0,2046,4072
6891,6891,0,2046,3986
6892,6892,0,2046,3447
6893,6893,0,2046,2581
6894,6894,0,2046,1588
6895,6895,0,2047,699
6896,6896,0,2047,123
6897,6897,0,2046,0
6898,6898,0,2046,338
6899,6899,0,2046,1080
6900,6900,0,2046,2045
6901,6901,0,2046,3008
6902,6902,0,2046,3745
6903,6903,0,2046,4086
6904,6904,0,2046,3948
6905,6905,0,2046,3368
6906,6906,0,2046,2476
6907,6907,0,2046,1484
6908,6908,0,2047,620
6909,6909,0,2046,86
6910,6910,0,2046,7
6911,6911,0,2046,401
6912,6912,0,2047,1175
6913,6913,0,2047,2152
6914,6914,0,2046,3101
6915,6915,0,2046,3803
6916,6916,0,2046,4094
6917,6917,0,2046,3906
6918,6918,0,2046,3284
6919,6919,0,2047,2372
6920,6920,0,2047,1381
6921,6921,0,2046,544
6922,6922,0,2046,55
6923,6923,0,2046,28
6924,6924,0,2046,468
6925,6925,0,2047,1274
6926,6926,0,2047,2258
6927,6927,0,2046,3191
6928,6928,0,2046,3856
6929,6929,0,2046,4095
6930,6930,0,2047,3859
6931,6931,0,2046,3197
6932,6932,0,2046,2264
6933,6933,0,2046,1280
6934,6934,0,2046,472
6935,6935,0,2047,29
6936,6936,0,2046,53
6937,6937,0,2046,539
6938,6938,0,2046,1376
6939,6939,0,2047,2364
6940,6940,0,2046,3278
6941,6941,0,2047,3903
6942,6942,0,2047,4094
6943,6943,0,2046,3807
6944,6944,0,2047,3107
6945,6945,0,2046,2158
6946,6946,0,2046,1182
6947,6947,0,2047,406
6948,6948,0,2046,9
6949,6949,0,2046,84
6950,6950,0,2046,615
6951,6951,0,2046,1477
6952,6952,0,2046,2470
6953,6953,0,2046,3363
6954,6954,0,2047,3946
6955,6955,0,2046,4087
6956,6956,0,2046,3750
6957,6957,0,2047,3015
6958,6958,0,2046,2051
6959,6959,0,2047,1085
6960,6960,0,2046,342
6961,6961,0,2047,0
6962,6962,0,2046,120
6963,6963,0,2047,695
6964,6964,0,2046,1580
6965,6965,0,2047,2574
6966,6966,0,2046,3443
6967,6967,0,2047,3984
6968,6968,0,2046,4072
6969,6969,0,2047,3687
6970,6970,0,2046,2918
6971,6971,0,2047,1945
6972,6972,0,2046,993
6973,6973,0,2046,283
6974,6974,0,2046,0
6975,6975,0,2046,161
6976,6976,0,2047,777
6977,6977,0,2047,1686
6978,6978,0,2046,2676
6979,6979,0,2046,3518
6980,6980,0,2046,4016
6981,6981,0,2047,4053
6982,6982,0,2046,3621
6983,6983,0,2047,2821
6984,6984,0,2046,1838
6985,6985,0,2046,901
6986,6986,0,2046,230
6987,6987,0,2046,0
6988,6988,0,2046,208
6989,6989,0,2046,862
6990,6990,0,2046,1792
6991,6991,0,2046,2777
6992,6992,0,2047,3592
6993,6993,0,2046,4043
6994,6994,0,2046,4029
6995,6995,0,2046,3551
6996,6996,0,2046,2720
6997,6997,0,2046,1731
6998,6998,0,2046,814
6999,6999,0,2046,181
7000,7000,0,2047,0
7001,7001,0,2046,260
7002,7002,0,2046,953
7003,7003,0,2046,1898
7004,7004,0,2046,2875
7005,7005,0,2046,3660
7006,7006,0,2047,4065
7007,7007,0,2047,3999
7008,7008,0,2046,3476
7009,7009,0,2046,2619
7010,7010,0,2046,1626
7011,7011,0,2046,730
7012,7012,0,2047,138
7013,7013,0,2046,0
7014,7014,0,2047,317
7015,7015,0,2047,1045
7016,7016,0,2047,2005
7017,7017,0,2047,2973
7018,7018,0,2046,3723
7019,7019,0,2046,4081
7020,7020,0,2047,3964
7021,7021,0,2047,3397
7022,7022,0,2046,2515
7023,7023,0,2046,1522
7024,7024,0,2046,648
7025,7025,0,2046,100
7026,7026,0,2047,2
7027,7027,0,2047,377
7028,7028,0,2047,1140
7029,7029,0,2046,2112
7030,7030,0,2046,3066
7031,7031,0,2047,3782
7032,7032,0,2046,4091
7033,7033,0,2047,3923
7034,7034,0,2046,3315
7035,7035,0,2046,2410
7036,7036,0,2046,1419
7037,7037,0,2047,572
7038,7038,0,2046,66
7039,7039,0,2046,19
7040,7040,0,2046,442
7041,7041,0,2046,1238
7042,7042,0,2046,2219
7043,7043,0,2046,3158
7044,7044,0,2046,3837
7045,7045,0,2047,4095
7046,7046,0,2046,3877
7047,7047,0,2046,3229
7048,7048,0,2047,2304
7049,7049,0,2046,1318
7050,7050,0,2046,498
7051,7051,0,2047,38
7052,7052,0,2046,43
7053,7053,0,2046,513
7054,7054,0,2047,1338
7055,7055,0,2046,2325
7056,7056,0,2046,3247
7057,7057,0,2046,3887
7058,7058,0,2047,4095
7059,7059,0,2047,3826
7060,7060,0,2046,3141
7061,7061,0,2047,2198
7062,7062,0,2047,1219
7063,7063,0,2045,430
7064,7064,0,2047,15
7065,7065,0,2046,71
7066,7066,0,2046,587
7067,7067,0,2046,1439
7068,7068,0,2047,2431
7069,7069,0,2046,3331
7070,7070,0,2046,3931
7071,7071,0,2046,4089
7072,7072,0,2046,3771
7073,7073,0,2046,3049
7074,7074,0,2047,2091
7075,7075,0,2046,1121
7076,7076,0,2047,365
7077,7077,0,2046,0
7078,7078,0,2046,106
7079,7079,0,2046,664
7080,7080,0,2046,1542
7081,7081,0,2047,2535
7082,7082,0,2047,3413
7083,7083,0,2047,3971
7084,7084,0,2047,4079
7085,7085,0,2047,3711
7086,7086,0,2046,2954
7087,7087,0,2046,1984
7088,7088,0,2046,1027
7089,7089,0,2046,305
7090,7090,0,2047,0
7091,7091,0,2046,146
7092,7092,0,2046,746
7093,7093,0,2046,1647
7094,7094,0,2046,2638
7095,7095,0,2046,3491
7096,7096,0,2046,4004
7097,7097,0,2046,4061
7098,7098,0,2046,3647
7099,7099,0,2046,2857
7100,7100,0,2046,1877
7101,7101,0,2047,935
7102,7102,0,2046,249
7103,7103,0,2046,0
7104,7104,0,2046,190
7105,7105,0,2046,831
7106,7106,0,2047,1752
7107,7107,0,2046,2741
7108,7108,0,2047,3565
7109,7109,0,2047,4034
7110,7110,0,2046,4038
7111,7111,0,2046,3577
7112,7112,0,2046,2758
7113,7113,0,2046,1771
7114,7114,0,2046,846
7115,7115,0,2047,198
7116,7116,0,2046,0
7117,7117,0,2047,241
7118,7118,0,2046,920
7119,7119,0,2047,1859
7120,7120,0,2047,2840
7121,7121,0,2046,3634
7122,7122,0,2046,4057
7123,7123,0,2046,4010
7124,7124,0,2046,3504
7125,7125,0,2047,2656
7126,7126,0,2046,1665
7127,7127,0,2046,761
7128,7128,0,2047,153
7129,7129,0,2047,0
7130,7130,0,2047,295
7131,7131,0,2046,1011
7132,7132,0,2047,1965
7133,7133,0,2046,2938
7134,7134,0,2046,3700
7135,7135,0,2046,4075
7136,7136,0,2046,3977
7137,7137,0,2047,3427
7138,7138,0,2047,2554
7139,7139,0,2046,1561
7140,7140,0,2046,678
7141,7141,0,2047,113
7142,7142,0,2046,0
7143,7143,0,2047,354
7144,7144,0,2047,1105
7145,7145,0,2046,2072
7146,7146,0,2046,3033
7147,7147,0,2046,3761
7148,7148,0,2047,4088
7149,7149,0,2047,3938
7150,7150,0,2046,3345
7151,7151,0,2046,2450
7152,7152,0,2046,1457
7153,7153,0,2046,599
7154,7154,0,2046,77
7155,7155,0,2047,12
7156,7156,0,2047,418
7157,7157,0,2047,1202
7158,7158,0,2046,2179
7159,7159,0,2046,3125
7160,7160,0,2047,3817
7161,7161,0,2047,4095
7162,7162,0,2046,3895
7163,7163,0,2047,3262
7164,7164,0,2046,2344
7165,7165,0,2046,1355
7166,7166,0,2046,525
7167,7167,0,2047,47
7168,7168,0,2047,33
7169,7169,0,2046,486
7170,7170,0,2047,1300
7171,7171,0,2047,2286
7172,7172,0,2047,3214
7173,7173,0,2047,3869
7174,7174,0,2046,4095
7175,7175,0,2046,3846
7176,7176,0,2046,3173
7177,7177,0,2046,2237
7178,7178,0,2047,1255
7179,7179,0,2046,455
7180,7180,0,2047,23
7181,7181,0,2047,61
7182,7182,0,2047,558
7183,7183,0,2047,1401
7184,7184,0,2047,2392
7185,7185,0,2046,3300
7186,7186,0,2047,3915
7187,7187,0,2046,4093
7188,7188,0,2047,3792
7189,7189,0,2047,3083
7190,7190,0,2046,2130
7191,7191,0,2046,1157
7192,7192,0,2047,389
7193,7193,0,2046,4
7194,7194,0,2047,93
7195,7195,0,2046,636
7196,7196,0,2046,1504
7197,7197,0,2046,2497
7198,7198,0,2046,3383
7199,7199,0,2046,3957
7200,7200,0,2046,4084
7201,7201,0,2046,3734
7202,7202,0,2046,2989
7203,7203,0,2047,2024
7204,7204,0,2046,1061
7205,7205,0,2047,326
7206,7206,0,2046,0
7207,7207,0,2046,130
7208,7208,0,2047,716
7209,7209,0,2046,1608
7210,7210,0,2047,2601
7211,7211,0,2047,3462
7212,7212,0,2047,3992
7213,7213,0,2046,4068
7214,7214,0,2046,3671
7215,7215,0,2046,2893
7216,7216,0,2046,1916
7217,7217,0,2046,968
7218,7218,0,2046,270
7219,7219,0,2046,0
7220,7220,0,2046,173
7221,7221,0,2046,799
7222,7222,0,2046,1713
7223,7223,0,2047,2703
7224,7224,0,2046,3538
7225,7225,0,2047,4024
7226,7226,0,2046,4047
7227,7227,0,2047,3603
7228,7228,0,2046,2795
7229,7229,0,2046,1809
7230,7230,0,2046,878
7231,7231,0,2046,217
7232,7232,0,2047,0
7233,7233,0,2047,222
7234,7234,0,2047,886
7235,7235,0,2046,1820
7236,7236,0,2047,2803
7237,7237,0,2046,3609
7238,7238,0,2046,4049
7239,7239,0,2046,4021
7240,7240,0,2047,3531
7241,7241,0,2047,2694
7242,7242,0,2046,1704
7243,7243,0,2046,792
7244,7244,0,2046,170
7245,7245,0,2046,0
7246,7246,0,2046,274
7247,7247,0,2046,977
7248,7248,0,2046,1926
7249,7249,0,2046,2901
7250,7250,0,2046,3676
7251,7251,0,2046,4069
7252,7252,0,2046,3990
7253,7253,0,2046,3456
7254,7254,0,2046,2591
7255,7255,0,2047,1598
7256,7256,0,2047,708
7257,7257,0,2047,127
7258,7258,0,2046,0
7259,7259,0,2046,331
7260,7260,0,2047,1070
7261,7261,0,2046,2032
7262,7262,0,2047,2997
7263,7263,0,2047,3739
7264,7264,0,2046,4084
7265,7265,0,2046,3953
7266,7266,0,2046,3376
7267,7267,0,2047,2488
7268,7268,0,2047,1495
7269,7269,0,2046,629
7270,7270,0,2046,89
7271,7271,0,2046,5
7272,7272,0,2047,394
7273,7273,0,2047,1166
7274,7274,0,2046,2140
7275,7275,0,2046,3091
7276,7276,0,2047,3796
7277,7277,0,2046,4093
7278,7278,0,2046,3912
7279,7279,0,2047,3293
7280,7280,0,2046,2383
7281,7281,0,2047,1392
7282,7282,0,2047,552
7283,7283,0,2046,58
7284,7284,0,2046,24
7285,7285,0,2047,460
7286,7286,0,2046,1264
7287,7287,0,2047,2247
7288,7288,0,2046,3182
7289,7289,0,2046,3850
7290,7290,0,2046,4095
7291,7291,0,2046,3864
7292,7292,0,2046,3207
7293,7293,0,2047,2276
7294,7294,0,2046,1292
7295,7295,0,2046,480
7296,7296,0,2046,31
7297,7297,0,2046,50
7298,7298,0,2046,531
7299,7299,0,2046,1364
7300,7300,0,2047,2352
7301,7301,0,2047,3269
7302,7302,0,2047,3899
7303,7303,0,2046,4095
7304,7304,0,2047,3812
7305,7305,0,2046,3117
7306,7306,0,2047,2170
7307,7307,0,2046,1193
7308,7308,0,2046,413
7309,7309,0,2046,10
7310,7310,0,2046,80
7311,7311,0,2047,606
7312,7312,0,2047,1466
7313,7313,0,2047,2458
7314,7314,0,2047,3353
7315,7315,0,2046,3942
7316,7316,0,2047,4088
7317,7317,0,2047,3756
7318,7318,0,2047,3024
7319,7319,0,2047,2063
7320,7320,0,2047,1096
7321,7321,0,2047,349
7322,7322,0,2047,0
7323,7323,0,2046,117
7324,7324,0,2047,684
7325,7325,0,2047,1570
7326,7326,0,2047,2562
7327,7327,0,2046,3434
7328,7328,0,2046,3980
7329,7329,0,2047,4074
7330,7330,0,2046,3695
7331,7331,0,2047,2929
7332,7332,0,2047,1956
7333,7333,0,2046,1003
7334,7334,0,2047,290
7335,7335,0,2046,0
7336,7336,0,2046,157
7337,7337,0,2046,767
7338,7338,0,2047,1674
7339,7339,0,2046,2666
7340,7340,0,2046,3510
7341,7341,0,2046,4013
7342,7342,0,2046,4055
7343,7343,0,2047,3629
7344,7344,0,2047,2830
7345,7345,0,2046,1849
7346,7346,0,2047,911
7347,7347,0,2047,237
7348,7348,0,2046,0
7349,7349,0,2047,202
7350,7350,0,2046,853
7351,7351,0,2046,1780
7352,7352,0,2047,2766
7353,7353,0,2046,3583
7354,7354,0,2046,4040
7355,7355,0,2045,4032
7356,7356,0,2046,3559
7357,7357,0,2047,2731
7358,7358,0,2047,1743
7359,7359,0,2047,824
7360,7360,0,2047,186
7361,7361,0,2047,0
7362,7362,0,2046,254
7363,7363,0,2047,942
7364,7364,0,2046,1887
7365,7365,0,2047,2865
7366,7366,0,2047,3651
7367,7367,0,2046,4063
7368,7368,0,2047,4002
7369,7369,0,2047,3484
7370,7370,0,2046,2630
7371,7371,0,2046,1638
7372,7372,0,2046,739
7373,7373,0,2046,142
7374,7374,0,2046,0
7375,7375,0,2046,309
7376,7376,0,2046,1034
7377,7377,0,2047,1993
7378,7378,0,2046,2962
7379,7379,0,2047,3716
7380,7380,0,2047,4080
7381,7381,0,2047,3967
7382,7382,0,2047,3407
7383,7383,0,2046,2526
7384,7384,0,2047,1533
7385,7385,0,2047,658
7386,7386,0,2047,103
7387,7387,0,2046,0
7388,7388,0,2046,370
7389,7389,0,2046,1129
7390,7390,0,2046,2101
7391,7391,0,2047,3057
7392,7392,0,2047,3776
7393,7393,0,2046,4091
7394,7394,0,2046,3927
7395,7395,0,2046,3324
7396,7396,0,2046,2422
7397,7397,0,2046,1430
7398,7398,0,2047,581
7399,7399,0,2046,69
7400,7400,0,2046,18
7401,7401,0,2046,435
7402,7402,0,2046,1227
7403,7403,0,2047,2208
7404,7404,0,2046,3149
7405,7405,0,2047,3831
7406,7406,0,2046,4095
7407,7407,0,2047,3882
7408,7408,0,2046,3238
7409,7409,0,2047,2317
7410,7410,0,2046,1329
7411,7411,0,2046,506
7412,7412,0,2046,40
7413,7413,0,2046,40
7414,7414,0,2046,505
7415,7415,0,2047,1326
7416,7416,0,2047,2314
7417,7417,0,2047,3237
7418,7418,0,2047,3881
7419,7419,0,2047,4095
7420,7420,0,2046,3833
7421,7421,0,2046,3151
7422,7422,0,2047,2210
7423,7423,0,2047,1230
7424,7424,0,2046,437
7425,7425,0,2047,17
7426,7426,0,2047,68
7427,7427,0,2047,577
7428,7428,0,2046,1427
7429,7429,0,2047,2420
7430,7430,0,2047,3322
7431,7431,0,2046,3926
7432,7432,0,2046,4091
7433,7433,0,2046,3778
7434,7434,0,2046,3060
7435,7435,0,2046,2103
7436,7436,0,2047,1133
7437,7437,0,2046,372
7438,7438,0,2046,0
7439,7439,0,2047,102
7440,7440,0,2046,655
7441,7441,0,2046,1530
7442,7442,0,2047,2524
7443,7443,0,2047,3404
7444,7444,0,2047,3966
7445,7445,0,2047,4079
7446,7446,0,2047,3717
7447,7447,0,2046,2964
7448,7448,0,2046,1996
7449,7449,0,2046,1036
7450,7450,0,2046,311
7451,7451,0,2045,0
7452,7452,0,2046,141
7453,7453,0,2046,737
7454,7454,0,2047,1635
7455,7455,0,2047,2627
7456,7456,0,2047,3482
7457,7457,0,2047,4001
7458,7458,0,2047,4064
7459,7459,0,2047,3654
7460,7460,0,2047,2868
7461,7461,0,2047,1889
7462,7462,0,2046,945
7463,7463,0,2047,255
7464,7464,0,2046,0
7465,7465,0,2046,185
7466,7466,0,2046,821
7467,7467,0,2046,1740
7468,7468,0,2047,2729
7469,7469,0,2046,3557
7470,7470,0,2047,4030
7471,7471,0,2046,4042
7472,7472,0,2047,3585
7473,7473,0,2046,2769
7474,7474,0,2046,1783
7475,7475,0,2046,856
7476,7476,0,2046,204
7477,7477,0,2047,0
7478,7478,0,2047,234
7479,7479,0,2046,909
7480,7480,0,2046,1847
7481,7481,0,2046,2829
7482,7482,0,2046,3626
7483,7483,0,2047,4055
7484,7484,0,2047,4014
7485,7485,0,2047,3513
7486,7486,0,2046,2668
7487,7487,0,2046,1677
7488,7488,0,2046,770
7489,7489,0,2046,158
7490,7490,0,2047,0
7491,7491,0,2046,288
7492,7492,0,2046,1000
7493,7493,0,2046,1954
7494,7494,0,2046,2927
7495,7495,0,2046,3693
7496,7496,0,2046,4074
7497,7497,0,2046,3981
7498,7498,0,2046,3435
7499,7499,0,2046,2565
7500,7500,0,2046,1572
7501,7501,0,2046,687
7502,7502,0,2046,117
7503,7503,0,2046,0
7504,7504,0,2046,347
7505,7505,0,2047,1094
7506,7506,0,2046,2060
7507,7507,0,2046,3022
7508,7508,0,2046,3754
7509,7509,0,2047,4087
7510,7510,0,2046,3943
7511,7511,0,2046,3355
7512,7512,0,2046,2461
7513,7513,0,2046,1469
7514,7514,0,2046,609
7515,7515,0,2046,81
7516,7516,0,2046,9
7517,7517,0,2047,410
7518,7518,0,2046,1190
7519,7519,0,2046,2167
7520,7520,0,2047,3114
7521,7521,0,2046,3811
7522,7522,0,2046,4095
7523,7523,0,2046,3900
7524,7524,0,2046,3272
7525,7525,0,2047,2356
7526,7526,0,2046,1367
7527,7527,0,2046,533
7528,7528,0,2047,51
7529,7529,0,2047,31
7530,7530,0,2046,478
7531,7531,0,2046,1288
7532,7532,0,2046,2275
7533,7533,0,2047,3205
7534,7534,0,2046,3863
7535,7535,0,2047,4095
7536,7536,0,2046,3852
7537,7537,0,2046,3184
7538,7538,0,2046,2250
7539,7539,0,2046,1267
7540,7540,0,2047,463
7541,7541,0,2046,25
7542,7542,0,2046,57
7543,7543,0,2046,550
7544,7544,0,2046,1389
7545,7545,0,2047,2380
7546,7546,0,2046,3290
7547,7547,0,2046,3909
7548,7548,0,2047,4093
7549,7549,0,2046,3798
7550,7550,0,2046,3093
7551,7551,0,2046,2143
7552,7552,0,2046,1168
7553,7553,0,2046,396
7554,7554,0,2047,6
7555,7555,0,2047,89
7556,7556,0,2046,625
7557,7557,0,2046,1492
7558,7558,0,2047,2485
7559,7559,0,2046,3374
7560,7560,0,2046,3952
7561,7561,0,2046,4085
7562,7562,0,2047,3741
7563,7563,0,2047,3001
7564,7564,0,2046,2036
7565,7565,0,2046,1072
7566,7566,0,2046,334
7567,7567,0,2047,0
7568,7568,0,2046,126
7569,7569,0,2047,706
7570,7570,0,2046,1596
7571,7571,0,2046,2588
7572,7572,0,2047,3453
7573,7573,0,2046,3988
7574,7574,0,2046,4070
7575,7575,0,2047,3679
7576,7576,0,2047,2904
7577,7577,0,2046,1929
7578,7578,0,2046,979
7579,7579,0,2046,275
7580,7580,0,2046,0
7581,7581,0,2047,168
7582,7582,0,2046,789
7583,7583,0,2047,1701
7584,7584,0,2046,2691
7585,7585,0,2046,3529
7586,7586,0,2047,4021
7587,7587,0,2046,4051
7588,7588,0,2047,3611
7589,7589,0,2046,2806
7590,7590,0,2047,1822
7591,7591,0,2046,889
7592,7592,0,2047,223
7593,7593,0,2046,0
7594,7594,0,2047,216
7595,7595,0,2046,876
7596,7596,0,2046,1807
7597,7597,0,2046,2792
7598,7598,0,2047,3601
7599,7599,0,2046,4047
7600,7600,0,2047,4025
7601,7601,0,2046,3540
7602,7602,0,2046,2706
7603,7603,0,2047,1716
7604,7604,0,2046,802
7605,7605,0,2046,175
7606,7606,0,2046,0
7607,7607,0,2047,267
7608,7608,0,2046,965
7609,7609,0,2046,1914
7610,7610,0,2047,2890
7611,7611,0,2046,3668
7612,7612,0,2046,4068
7613,7613,0,2046,3994
7614,7614,0,2046,3464
7615,7615,0,2047,2603
7616,7616,0,2047,1611
7617,7617,0,2047,717
7618,7618,0,2046,132
7619,7619,0,2047,0
7620,7620,0,2046,325
7621,7621,0,2047,1058
7622,7622,0,2046,2021
7623,7623,0,2046,2987
7624,7624,0,2047,3732
7625,7625,0,2046,4083
7626,7626,0,2047,3958
7627,7627,0,2047,3386
7628,7628,0,2047,2500
7629,7629,0,2046,1507
7630,7630,0,2046,637
7631,7631,0,2046,94
7632,7632,0,2047,4
7633,7633,0,2047,386
7634,7634,0,2046,1154
7635,7635,0,2047,2128
7636,7636,0,2046,3081
7637,7637,0,2046,3790
7638,7638,0,2047,4092
7639,7639,0,2047,3916
7640,7640,0,2047,3303
7641,7641,0,2046,2395
7642,7642,0,2046,1404
7643,7643,0,2046,561
7644,7644,0,2047,61
7645,7645,0,2046,22
7646,7646,0,2047,454
7647,7647,0,2046,1252
7648,7648,0,2046,2235
7649,7649,0,2047,3171
7650,7650,0,2047,3844
7651,7651,0,2047,4095
7652,7652,0,2046,3870
7653,7653,0,2047,3216
7654,7654,0,2047,2290
7655,7655,0,2047,1303
7656,7656,0,2046,489
7657,7657,0,2047,34
7658,7658,0,2046,47
7659,7659,0,2047,523
7660,7660,0,2046,1352
7661,7661,0,2046,2340
7662,7662,0,2046,3259
7663,7663,0,2046,3893
7664,7664,0,2047,4095
7665,7665,0,2046,3819
7666,7666,0,2047,3127
7667,7667,0,2046,2182
7668,7668,0,2046,1205
7669,7669,0,2046,419
7670,7670,0,2047,12
7671,7671,0,2047,76
7672,7672,0,2047,597
7673,7673,0,2047,1454
7674,7674,0,2047,2446
7675,7675,0,2046,3343
7676,7676,0,2046,3937
7677,7677,0,2047,4089
7678,7678,0,2046,3763
7679,7679,0,2046,3035
7680,7680,0,2047,2076
7681,7681,0,2047,1108
7682,7682,0,2046,356
7683,7683,0,2047,0
7684,7684,0,2046,112
7685,7685,0,2046,676
7686,7686,0,2047,1557
7687,7687,0,2047,2551
7688,7688,0,2046,3425
7689,7689,0,2047,3976
7690,7690,0,2046,4076
7691,7691,0,2046,3702
7692,7692,0,2047,2939
7693,7693,0,2046,1969
7694,7694,0,2046,1014
7695,7695,0,2047,297
7696,7696,0,2046,0
7697,7697,0,2046,151
7698,7698,0,2046,758
7699,7699,0,2047,1662
7700,7700,0,2046,2654
7701,7701,0,2047,3502
7702,7702,0,2047,4009
7703,7703,0,2046,4058
7704,7704,0,2047,3637
7705,7705,0,2046,2843
7706,7706,0,2046,1862
7707,7707,0,2046,922
7708,7708,0,2046,242
7709,7709,0,2047,0
7710,7710,0,2047,197
7711,7711,0,2047,844
7712,7712,0,2046,1767
7713,7713,0,2046,2755
7714,7714,0,2046,3575
7715,7715,0,2046,4038
7716,7716,0,2046,4035
7717,7717,0,2047,3567
7718,7718,0,2047,2743
7719,7719,0,2046,1755
7720,7720,0,2046,834
7721,7721,0,2047,192
7722,7722,0,2046,0
7723,7723,0,2046,248
7724,7724,0,2046,932
7725,7725,0,2046,1873
7726,7726,0,2046,2854
7727,7727,0,2046,3644
7728,7728,0,2047,4060
7729,7729,0,2046,4006
7730,7730,0,2046,3493
7731,7731,0,2046,2642
7732,7732,0,2046,1650
7733,7733,0,2046,748
7734,7734,0,2046,147
7735,7735,0,2047,0
7736,7736,0,2046,303
7737,7737,0,2046,1024
7738,7738,0,2046,1981
7739,7739,0,2046,2951
7740,7740,0,2046,3708
7741,7741,0,2047,4077
7742,7742,0,2047,3972
7743,7743,0,2047,3415
7744,7744,0,2046,2539
7745,7745,0,2046,1546
7746,7746,0,2047,667
7747,7747,0,2047,108
7748,7748,0,2046,0
7749,7749,0,2046,362
7750,7750,0,2047,1118
7751,7751,0,2047,2088
7752,7752,0,2047,3046
7753,7753,0,2046,3768
7754,7754,0,2046,4090
7755,7755,0,2047,3933
7756,7756,0,2047,3334
7757,7757,0,2047,2434
7758,7758,0,2046,1443
7759,7759,0,2047,589
7760,7760,0,2047,73
7761,7761,0,2046,15
7762,7762,0,2047,427
7763,7763,0,2046,1216
7764,7764,0,2046,2195
7765,7765,0,2046,3138
7766,7766,0,2046,3824
7767,7767,0,2046,4095
7768,7768,0,2046,3887
7769,7769,0,2047,3250
7770,7770,0,2046,2329
7771,7771,0,2046,1341
7772,7772,0,2046,515
7773,7773,0,2046,43
7774,7774,0,2046,37
7775,7775,0,2046,496
7776,7776,0,2047,1315
7777,7777,0,2046,2301
7778,7778,0,2047,3227
7779,7779,0,2047,3876
7780,7780,0,2046,4095
7781,7781,0,2046,3838
7782,7782,0,2046,3161
7783,7783,0,2046,2222
7784,7784,0,2046,1242
7785,7785,0,2046,445
7786,7786,0,2047,20
7787,7787,0,2046,65
7788,7788,0,2046,569
7789,7789,0,2047,1416
7790,7790,0,2047,2407
7791,7791,0,2046,3313
7792,7792,0,2046,3921
7793,7793,0,2047,4092
7794,7794,0,2046,3784
7795,7795,0,2046,3070
7796,7796,0,2047,2116
7797,7797,0,2046,1143
7798,7798,0,2046,380
7799,7799,0,2047,2
7800,7800,0,2047,98
7801,7801,0,2046,646
7802,7802,0,2046,1519
7803,7803,0,2046,2512
7804,7804,0,2047,3395
7805,7805,0,2047,3962
7806,7806,0,2046,4081
7807,7807,0,2047,3725
7808,7808,0,2047,2976
7809,7809,0,2046,2009
7810,7810,0,2047,1048
7811,7811,0,2046,318
7812,7812,0,2046,0
7813,7813,0,2046,136
7814,7814,0,2047,727
7815,7815,0,2046,1623
7816,7816,0,2047,2615
7817,7817,0,2046,3473
7818,7818,0,2046,3998
7819,7819,0,2046,4066
7820,7820,0,2046,3662
7821,7821,0,2047,2879
7822,7822,0,2046,1903
7823,7823,0,2046,956
7824,7824,0,2046,262
7825,7825,0,2046,0
7826,7826,0,2047,179
7827,7827,0,2047,812
7828,7828,0,2046,1728
7829,7829,0,2046,2717
7830,7830,0,2046,3549
7831,7831,0,2047,4028
7832,7832,0,2046,4044
7833,7833,0,2047,3594
7834,7834,0,2047,2780
7835,7835,0,2047,1795
7836,7836,0,2046,866
7837,7837,0,2046,210
7838,7838,0,2046,0
7839,7839,0,2046,229
7840,7840,0,2046,899
7841,7841,0,2046,1834
7842,7842,0,2046,2817
7843,7843,0,2047,3619
7844,7844,0,2046,4052
7845,7845,0,2047,4017
7846,7846,0,2047,3521
7847,7847,0,2046,2679
7848,7848,0,2047,1689
7849,7849,0,2047,780
7850,7850,0,2046,163
7851,7851,0,2046,0
7852,7852,0,2047,282
7853,7853,0,2046,989
7854,7854,0,2047,1941
7855,7855,0,2047,2915
7856,7856,0,2046,3684
7857,7857,0,2046,4071
7858,7858,0,2047,3985
7859,7859,0,2046,3445
7860,7860,0,2047,2577
7861,7861,0,2046,1584
7862,7862,0,2046,697
7863,7863,0,2046,122
7864,7864,0,2046,0
7865,7865,0,2046,340
7866,7866,0,2047,1083
7867,7867,0,2046,2048
7868,7868,0,2047,3011
7869,7869,0,2047,3747
7870,7870,0,2047,4085
7871,7871,0,2047,3948
7872,7872,0,2047,3365
7873,7873,0,2047,2473
7874,7874,0,2046,1480
7875,7875,0,2046,617
7876,7876,0,2047,85
7877,7877,0,2046,8
7878,7878,0,2047,403
7879,7879,0,2046,1180
7880,7880,0,2046,2156
7881,7881,0,2047,3104
7882,7882,0,2047,3805
7883,7883,0,2046,4094
7884,7884,0,2046,3905
7885,7885,0,2047,3281
7886,7886,0,2046,2368
7887,7887,0,2046,1378
7888,7888,0,2047,542
7889,7889,0,2046,54
7890,7890,0,2047,28
7891,7891,0,2047,470
7892,7892,0,2046,1278
7893,7893,0,2046,2263
7894,7894,0,2046,3194
7895,7895,0,2047,3858
7896,7896,0,2047,4095
7897,7897,0,2046,3858
7898,7898,0,2046,3194
7899,7899,0,2046,2262
7900,7900,0,2046,1278
7901,7901,0,2047,471
7902,7902,0,2047,28
7903,7903,0,2046,54
7904,7904,0,2046,542
7905,7905,0,2046,1378
7906,7906,0,2047,2368
7907,7907,0,2047,3282
7908,7908,0,2046,3906
7909,7909,0,2046,4095
7910,7910,0,2046,3804
7911,7911,0,2047,3105
7912,7912,0,2047,2155
7913,7913,0,2047,1178
7914,7914,0,2046,403
7915,7915,0,2047,7
7916,7916,0,2047,85
7917,7917,0,2047,617
7918,7918,0,2047,1480
7919,7919,0,2046,2474
7920,7920,0,2047,3365
7921,7921,0,2047,3948
7922,7922,0,2046,4086
7923,7923,0,2047,3748
7924,7924,0,2046,3012
7925,7925,0,2046,2048
7926,7926,0,2046,1083
7927,7927,0,2047,340
7928,7928,0,2047,0
7929,7929,0,2047,122
7930,7930,0,2046,696
7931,7931,0,2046,1584
7932,7932,0,2047,2577
7933,7933,0,2046,3445
7934,7934,0,2046,3985
7935,7935,0,2046,4072
7936,7936,0,2046,3685
7937,7937,0,2047,2915
7938,7938,0,2046,1941
7939,7939,0,2046,990
7940,7940,0,2047,282
7941,7941,0,2047,0
7942,7942,0,2046,163
7943,7943,0,2047,779
7944,7944,0,2046,1689
7945,7945,0,2046,2680
7946,7946,0,2047,3521
7947,7947,0,2047,4017
7948,7948,0,2047,4053
7949,7949,0,2046,3619
7950,7950,0,2046,2817
7951,7951,0,2046,1834
7952,7952,0,2047,899
7953,7953,0,2047,229
7954,7954,0,2046,0
7955,7955,0,2046,209
7956,7956,0,2046,866
7957,7957,0,2047,1795
7958,7958,0,2046,2780
7959,7959,0,2047,3593
7960,7960,0,2046,4044
7961,7961,0,2046,4028
7962,7962,0,2046,3548
7963,7963,0,2046,2717
7964,7964,0,2046,1728
7965,7965,0,2046,811
7966,7966,0,2047,179
7967,7967,0,2046,0
7968,7968,0,2047,262
7969,7969,0,2047,956
7970,7970,0,2047,1901
7971,7971,0,2047,2879
7972,7972,0,2047,3661
7973,7973,0,2047,4065
7974,7974,0,2046,3998
7975,7975,0,2046,3473
7976,7976,0,2047,2615
7977,7977,0,2047,1622
7978,7978,0,2046,727
7979,7979,0,2046,137
7980,7980,0,2047,0
7981,7981,0,2047,318
7982,7982,0,2047,1048
7983,7983,0,2047,2009
7984,7984,0,2046,2976
7985,7985,0,2046,3725
7986,7986,0,2047,4081
7987,7987,0,2046,3962
7988,7988,0,2047,3395
7989,7989,0,2046,2511
7990,7990,0,2046,1519
7991,7991,0,2047,647
7992,7992,0,2047,99
7993,7993,0,2046,1
7994,7994,0,2047,379
7995,7995,0,2047,1143
7996,7996,0,2047,2115
7997,7997,0,2046,3070
7998,7998,0,2046,3784
7999,7999,0,2046,4091
8000,8000,0,2047,3921
8001,8001,0,2046,3312
8002,8002,0,2046,2406
8003,8003,0,2047,1415
8004,8004,0,2047,570
8005,8005,0,2047,65
8006,8006,0,2047,19
8007,8007,0,2047,445
8008,8008,0,2047,1241
8009,8009,0,2046,2223
8010,8010,0,2046,3161
8011,8011,0,2046,3838
8012,8012,0,2046,4095
8013,8013,0,2047,3875
8014,8014,0,2047,3227
8015,8015,0,2046,2301
8016,8016,0,2046,1314
8017,8017,0,2047,496
8018,8018,0,2046,38
8019,8019,0,2046,43
8020,8020,0,2047,515
8021,8021,0,2047,1341
8022,8022,0,2047,2328
8023,8023,0,2047,3250
8024,8024,0,2046,3888
8025,8025,0,2046,4095
8026,8026,0,2047,3825
8027,8027,0,2046,3138
8028,8028,0,2046,2195
8029,8029,0,2046,1216
8030,8030,0,2046,427
8031,8031,0,2046,14
8032,8032,0,2046,73
8033,8033,0,2046,589
8034,8034,0,2046,1442
8035,8035,0,2046,2434
8036,8036,0,2046,3334
8037,8037,0,2046,3933
8038,8038,0,2046,4089
8039,8039,0,2047,3769
8040,8040,0,2046,3046
8041,8041,0,2047,2088
8042,8042,0,2046,1118
8043,8043,0,2046,363
8044,8044,0,2046,0
8045,8045,0,2046,107
8046,8046,0,2046,666
8047,8047,0,2047,1546
8048,8048,0,2047,2539
8049,8049,0,2047,3415
8050,8050,0,2046,3972
8051,8051,0,2047,4079
8052,8052,0,2046,3709
8053,8053,0,2047,2951
8054,8054,0,2046,1980
8055,8055,0,2046,1024
8056,8056,0,2047,304
8057,8057,0,2046,0
8058,8058,0,2046,147
8059,8059,0,2047,749
8060,8060,0,2047,1650
8061,8061,0,2047,2642
8062,8062,0,2046,3494
8063,8063,0,2047,4006
8064,8064,0,2047,4061
8065,8065,0,2046,3644
8066,8066,0,2047,2854
8067,8067,0,2047,1874
8068,8068,0,2046,932
8069,8069,0,2046,248
8070,8070,0,2046,0
8071,8071,0,2047,192
8072,8072,0,2046,834
8073,8073,0,2047,1756
8074,8074,0,2047,2743
8075,8075,0,2047,3567
8076,8076,0,2046,4035
8077,8077,0,2047,4037
8078,8078,0,2047,3575
8079,8079,0,2047,2754
8080,8080,0,2047,1768
8081,8081,0,2047,844
8082,8082,0,2046,198
8083,8083,0,2046,0
8084,8084,0,2046,242
8085,8085,0,2046,923
8086,8086,0,2047,1862
8087,8087,0,2047,2843
8088,8088,0,2047,3637
8089,8089,0,2046,4057
8090,8090,0,2046,4009
8091,8091,0,2046,3501
8092,8092,0,2046,2653
8093,8093,0,2046,1662
8094,8094,0,2046,759
8095,8095,0,2047,152
8096,8096,0,2046,0
8097,8097,0,2047,297
8098,8098,0,2047,1013
8099,8099,0,2046,1969
8100,8100,0,2047,2941
8101,8101,0,2046,3701
8102,8102,0,2047,4076
8103,8103,0,2047,3975
8104,8104,0,2046,3424
8105,8105,0,2046,2550
8106,8106,0,2047,1557
8107,8107,0,2046,676
8108,8108,0,2046,112
8109,8109,0,2046,0
8110,8110,0,2047,356
8111,8111,0,2047,1108
8112,8112,0,2046,2076
8113,8113,0,2047,3035
8114,8114,0,2046,3763
8115,8115,0,2047,4089
8116,8116,0,2047,3937
8117,8117,0,2047,3344
8118,8118,0,2047,2446
8119,8119,0,2046,1454
8120,8120,0,2047,597
8121,8121,0,2047,77
8122,8122,0,2047,12
8123,8123,0,2047,420
8124,8124,0,2047,1205
8125,8125,0,2047,2183
8126,8126,0,2047,3127
8127,8127,0,2047,3819
8128,8128,0,2046,4094
8129,8129,0,2046,3893
8130,8130,0,2046,3259
8131,8131,0,2046,2341
8132,8132,0,2047,1352
8133,8133,0,2047,523
8134,8134,0,2047,47
8135,8135,0,2047,35
8136,8136,0,2047,489
8137,8137,0,2047,1304
8138,8138,0,2047,2289
8139,8139,0,2046,3217
8140,8140,0,2047,3870
8141,8141,0,2046,4095
8142,8142,0,2047,3844
8143,8143,0,2046,3171
8144,8144,0,2047,2234
8145,8145,0,2047,1252
8146,8146,0,2046,453
8147,8147,0,2046,22
8148,8148,0,2046,61
8149,8149,0,2046,561
8150,8150,0,2046,1405
8151,8151,0,2047,2396
8152,8152,0,2046,3303
8153,8153,0,2047,3917
8154,8154,0,2047,4093
8155,8155,0,2045,3790
8156,8156,0,2047,3080
8157,8157,0,2047,2127
8158,8158,0,2046,1154
8159,8159,0,2047,387
8160,8160,0,2047,3
8161,8161,0,2046,94
8162,8162,0,2047,638
8163,8163,0,2046,1508
8164,8164,0,2047,2500
8165,8165,0,2046,3386
8166,8166,0,2047,3957
8167,8167,0,2046,4082
8168,8168,0,2046,3732
8169,8169,0,2047,2986
8170,8170,0,2047,2020
8171,8171,0,2047,1058
8172,8172,0,2046,324
8173,8173,0,2047,0
8174,8174,0,2046,132
8175,8175,0,2047,717
8176,8176,0,2047,1611
8177,8177,0,2047,2604
8178,8178,0,2046,3465
8179,8179,0,2047,3993
8180,8180,0,2047,4067
8181,8181,0,2047,3669
8182,8182,0,2046,2890
8183,8183,0,2046,1913
8184,8184,0,2046,966
8185,8185,0,2047,267
8186,8186,0,2046,0
8187,8187,0,2047,174
8188,8188,0,2047,802
8189,8189,0,2047,1717
8190,8190,0,2046,2705
8191,8191,0,2047,3540
8192,8192,1,2047,4025
8193,8193,0,2047,4047
8194,8194,0,2046,3601
8195,8195,0,2046,2791
8196,8196,0,2047,1806
8197,8197,0,2047,876
8198,8198,0,2046,215
8199,8199,0,2046,0
8200,8200,0,2047,223
8201,8201,0,2046,889
8202,8202,0,2046,1824
8203,8203,0,2047,2806
8204,8204,0,2047,3611
8205,8205,0,2047,4050
8206,8206,0,2046,4021
8207,8207,0,2046,3530
8208,8208,0,2046,2691
8209,8209,0,2047,1700
8210,8210,0,2047,789
8211,8211,0,2046,169
8212,8212,0,2046,0
8213,8213,0,2046,276
8214,8214,0,2046,979
8215,8215,0,2047,1929
8216,8216,0,2047,2905
8217,8217,0,2047,3678
8218,8218,0,2046,4070
8219,8219,0,2047,3989
8220,8220,0,2047,3454
8221,8221,0,2046,2589
8222,8222,0,2046,1595
8223,8223,0,2047,705
8224,8224,0,2046,125
8225,8225,0,2046,0
8226,8226,0,2046,334
8227,8227,0,2046,1072
8228,8228,0,2046,2037
8229,8229,0,2047,3001
8230,8230,0,2046,3740
8231,8231,0,2046,4085
8232,8232,0,2047,3952
8233,8233,0,2047,3373
8234,8234,0,2046,2484
8235,8235,0,2046,1492
8236,8236,0,2046,626
8237,8237,0,2046,89
8238,8238,0,2046,7
8239,8239,0,2046,396
8240,8240,0,2046,1168
8241,8241,0,2046,2143
8242,8242,0,2046,3093
8243,8243,0,2046,3799
8244,8244,0,2047,4094
8245,8245,0,2046,3910
8246,8246,0,2047,3290
8247,8247,0,2046,2379
8248,8248,0,2047,1390
8249,8249,0,2046,550
8250,8250,0,2046,57
8251,8251,0,2046,25
8252,8252,0,2046,463
8253,8253,0,2046,1266
8254,8254,0,2046,2250
8255,8255,0,2046,3184
8256,8256,0,2046,3852
8257,8257,0,2046,4095
8258,8258,0,2046,3863
8259,8259,0,2046,3203
8260,8260,0,2047,2274
8261,8261,0,2046,1289
8262,8262,0,2046,479
8263,8263,0,2047,30
8264,8264,0,2046,51
8265,8265,0,2046,533
8266,8266,0,2046,1367
8267,8267,0,2046,2357
8268,8268,0,2046,3272
8269,8269,0,2047,3900
8270,8270,0,2046,4095
8271,8271,0,2046,3811
8272,8272,0,2046,3114
8273,8273,0,2046,2167
8274,8274,0,2045,1190
8275,8275,0,2046,411
8276,8276,0,2046,10
8277,8277,0,2047,81
8278,8278,0,2047,608
8279,8279,0,2046,1469
8280,8280,0,2046,2462
8281,8281,0,2047,3355
8282,8282,0,2047,3943
8283,8283,0,2046,4087
8284,8284,0,2046,3754
8285,8285,0,2047,3021
8286,8286,0,2046,2060
8287,8287,0,2046,1094
8288,8288,0,2046,347
8289,8289,0,2046,0
8290,8290,0,2046,117
8291,8291,0,2046,687
8292,8292,0,2046,1573
8293,8293,0,2045,2565
8294,8294,0,2046,3435
8295,8295,0,2047,3981
8296,8296,0,2047,4073
8297,8297,0,2047,3692
8298,8298,0,2046,2926
8299,8299,0,2046,1953
8300,8300,0,2046,1000
8301,8301,0,2046,289
8302,8302,0,2046,0
8303,8303,0,2046,158
8304,8304,0,2046,770
8305,8305,0,2047,1677
8306,8306,0,2047,2668
8307,8307,0,2046,3512
8308,8308,0,2046,4014
8309,8309,0,2046,4055
8310,8310,0,2046,3627
8311,8311,0,2047,2828
8312,8312,0,2046,1847
8313,8313,0,2047,909
8314,8314,0,2047,234
8315,8315,0,2046,0
8316,8316,0,2046,204
8317,8317,0,2047,856
8318,8318,0,2047,1783
8319,8319,0,2047,2770
8320,8320,0,2046,3586
8321,8321,0,2046,4041
8322,8322,0,2046,4031
8323,8323,0,2046,3557
8324,8324,0,2047,2729
8325,8325,0,2047,1740
8326,8326,0,2047,822
8327,8327,0,2046,186
8328,8328,0,2046,0
8329,8329,0,2046,256
8330,8330,0,2047,946
8331,8331,0,2047,1890
8332,8332,0,2046,2868
8333,8333,0,2046,3654
8334,8334,0,2046,4063
8335,8335,0,2047,4001
8336,8336,0,2046,3482
8337,8337,0,2046,2626
8338,8338,0,2046,1634
8339,8339,0,2046,736
8340,8340,0,2046,141
8341,8341,0,2047,0
8342,8342,0,2047,311
8343,8343,0,2046,1037
8344,8344,0,2047,1997
8345,8345,0,2047,2965
8346,8346,0,2047,3718
8347,8347,0,2046,4080
8348,8348,0,2046,3966
8349,8349,0,2046,3404
8350,8350,0,2047,2523
8351,8351,0,2046,1531
8352,8352,0,2046,655
8353,8353,0,2047,102
8354,8354,0,2046,0
8355,8355,0,2047,372
8356,8356,0,2046,1132
8357,8357,0,2046,2104
8358,8358,0,2046,3059
8359,8359,0,2047,3777
8360,8360,0,2046,4091
8361,8361,0,2046,3926
8362,8362,0,2047,3322
8363,8363,0,2047,2419
8364,8364,0,2046,1427
8365,8365,0,2046,578
8366,8366,0,2046,68
8367,8367,0,2046,17
8368,8368,0,2046,437
8369,8369,0,2047,1230
8370,8370,0,2047,2210
8371,8371,0,2046,3151
8372,8372,0,2047,3832
8373,8373,0,2046,4095
8374,8374,0,2046,3881
8375,8375,0,2046,3237
8376,8376,0,2046,2314
8377,8377,0,2047,1326
8378,8378,0,2046,504
8379,8379,0,2046,40
8380,8380,0,2046,41
8381,8381,0,2046,506
8382,8382,0,2047,1329
8383,8383,0,2047,2316
8384,8384,0,2047,3239
8385,8385,0,2046,3883
8386,8386,0,2046,4095
8387,8387,0,2046,3832
8388,8388,0,2046,3148
8389,8389,0,2047,2206
8390,8390,0,2046,1227
8391,8391,0,2046,435
8392,8392,0,2046,16
8393,8393,0,2046,69
8394,8394,0,2046,580
8395,8395,0,2047,1430
8396,8396,0,2047,2422
8397,8397,0,2047,3325
8398,8398,0,2047,3928
8399,8399,0,2047,4091
8400,8400,0,2047,3775
8401,8401,0,2047,3056
8402,8402,0,2046,2100
8403,8403,0,2047,1129
8404,8404,0,2046,370
8405,8405,0,2046,0
8406,8406,0,2046,104
8407,8407,0,2046,657
8408,8408,0,2047,1533
8409,8409,0,2047,2527
8410,8410,0,2046,3407
8411,8411,0,2047,3967
8412,8412,0,2046,4080
8413,8413,0,2047,3716
8414,8414,0,2046,2962
8415,8415,0,2046,1993
8416,8416,0,2046,1035
8417,8417,0,2047,309
8418,8418,0,2047,0
8419,8419,0,2046,143
8420,8420,0,2046,740
8421,8421,0,2046,1638
8422,8422,0,2047,2630
8423,8423,0,2047,3485
8424,8424,0,2047,4002
8425,8425,0,2047,4063
8426,8426,0,2046,3651
8427,8427,0,2046,2865
8428,8428,0,2046,1886
8429,8429,0,2046,942
8430,8430,0,2047,254
8431,8431,0,2046,0
8432,8432,0,2046,187
8433,8433,0,2046,823
8434,8434,0,2046,1744
8435,8435,0,2046,2732
8436,8436,0,2047,3558
8437,8437,0,2046,4032
8438,8438,0,2046,4040
8439,8439,0,2046,3583
8440,8440,0,2046,2766
8441,8441,0,2047,1779
8442,8442,0,2046,853
8443,8443,0,2046,203
8444,8444,0,2046,0
8445,8445,0,2046,236
8446,8446,0,2046,912
8447,8447,0,2046,1850
8448,8448,0,2047,2832
8449,8449,0,2046,3629
8450,8450,0,2046,4056
8451,8451,0,2046,4013
8452,8452,0,2046,3511
8453,8453,0,2046,2665
8454,8454,0,2046,1674
8455,8455,0,2047,768
8456,8456,0,2046,157
8457,8457,0,2046,0
8458,8458,0,2046,290
8459,8459,0,2046,1002
8460,8460,0,2047,1957
8461,8461,0,2046,2929
8462,8462,0,2047,3694
8463,8463,0,2046,4074
8464,8464,0,2047,3980
8465,8465,0,2046,3433
8466,8466,0,2047,2561
8467,8467,0,2046,1569
8468,8468,0,2047,685
8469,8469,0,2047,117
8470,8470,0,2047,0
8471,8471,0,2047,349
8472,8472,0,2046,1097
8473,8473,0,2046,2064
8474,8474,0,2046,3025
8475,8475,0,2046,3756
8476,8476,0,2046,4087
8477,8477,0,2046,3942
8478,8478,0,2047,3353
8479,8479,0,2046,2459
8480,8480,0,2046,1466
8481,8481,0,2046,606
8482,8482,0,2046,81
8483,8483,0,2046,10
8484,8484,0,2047,412
8485,8485,0,2046,1194
8486,8486,0,2046,2171
8487,8487,0,2047,3117
8488,8488,0,2047,3812
8489,8489,0,2046,4095
8490,8490,0,2046,3899
8491,8491,0,2047,3269
8492,8492,0,2047,2353
8493,8493,0,2046,1363
8494,8494,0,2046,531
8495,8495,0,2047,49
8496,8496,0,2046,32
8497,8497,0,2046,481
8498,8498,0,2046,1292
8499,8499,0,2047,2277
8500,8500,0,2046,3207
8501,8501,0,2047,3865
8502,8502,0,2047,4095
8503,8503,0,2046,3850
8504,8504,0,2047,3181
8505,8505,0,2046,2246
8506,8506,0,2047,1263
8507,8507,0,2046,461
8508,8508,0,2047,24
8509,8509,0,2047,58
8510,8510,0,2047,553
8511,8511,0,2046,1392
8512,8512,0,2046,2383
8513,8513,0,2047,3293
8514,8514,0,2047,3912
8515,8515,0,2046,4093
8516,8516,0,2046,3797
8517,8517,0,2046,3091
8518,8518,0,2047,2140
8519,8519,0,2047,1165
8520,8520,0,2046,394
8521,8521,0,2046,5
8522,8522,0,2046,90
8523,8523,0,2046,628
8524,8524,0,2047,1496
8525,8525,0,2047,2488
8526,8526,0,2047,3377
8527,8527,0,2047,3954
8528,8528,0,2046,4084
8529,8529,0,2047,3739
8530,8530,0,2047,2997
8531,8531,0,2046,2033
8532,8532,0,2046,1069
8533,8533,0,2046,331
8534,8534,0,2047,0
8535,8535,0,2047,127
8536,8536,0,2047,709
8537,8537,0,2046,1599
8538,8538,0,2046,2592
8539,8539,0,2046,3456
8540,8540,0,2046,3990
8541,8541,0,2047,4069
8542,8542,0,2046,3676
8543,8543,0,2047,2901
8544,8544,0,2046,1926
8545,8545,0,2046,977
8546,8546,0,2047,274
8547,8547,0,2046,0
8548,8548,0,2047,170
8549,8549,0,2046,792
8550,8550,0,2047,1704
8551,8551,0,2046,2695
8552,8552,0,2047,3531
8553,8553,0,2047,4022
8554,8554,0,2046,4050
8555,8555,0,2047,3609
8556,8556,0,2046,2803
8557,8557,0,2046,1819
8558,8558,0,2047,885
8559,8559,0,2046,221
8560,8560,0,2046,0
8561,8561,0,2046,217
8562,8562,0,2046,878
8563,8563,0,2046,1811
8564,8564,0,2047,2795
8565,8565,0,2046,3604
8566,8566,0,2046,4048
8567,8567,0,2046,4024
8568,8568,0,2046,3538
8569,8569,0,2046,2703
8570,8570,0,2047,1713
8571,8571,0,2046,799
8572,8572,0,2046,173
8573,8573,0,2046,0
8574,8574,0,2047,270
8575,8575,0,2046,968
8576,8576,0,2046,1917
8577,8577,0,2047,2893
8578,8578,0,2047,3670
8579,8579,0,2046,4068
8580,8580,0,2047,3992
8581,8581,0,2047,3462
8582,8582,0,2047,2600
8583,8583,0,2046,1607
8584,8584,0,2047,715
8585,8585,0,2046,130
8586,8586,0,2046,0
8587,8587,0,2046,326
8588,8588,0,2046,1062
8589,8589,0,2047,2023
8590,8590,0,2046,2989
8591,8591,0,2047,3733
8592,8592,0,2046,4083
8593,8593,0,2046,3956
8594,8594,0,2046,3383
8595,8595,0,2047,2496
8596,8596,0,2046,1503
8597,8597,0,2046,635
8598,8598,0,2046,93
8599,8599,0,2046,4
8600,8600,0,2046,388
8601,8601,0,2047,1158
8602,8602,0,2046,2131
8603,8603,0,2047,3083
8604,8604,0,2046,3793
8605,8605,0,2047,4093
8606,8606,0,2046,3915
8607,8607,0,2046,3301
8608,8608,0,2046,2391
8609,8609,0,2046,1400
8610,8610,0,2047,558
8611,8611,0,2047,61
8612,8612,0,2046,22
8613,8613,0,2046,455
8614,8614,0,2046,1255
8615,8615,0,2046,2238
8616,8616,0,2047,3174
8617,8617,0,2046,3846
8618,8618,0,2046,4095
8619,8619,0,2046,3869
8620,8620,0,2046,3214
8621,8621,0,2046,2286
8622,8622,0,2046,1299
8623,8623,0,2047,486
8624,8624,0,2046,33
8625,8625,0,2046,47
8626,8626,0,2046,526
8627,8627,0,2047,1355
8628,8628,0,2046,2345
8629,8629,0,2047,3262
8630,8630,0,2046,3895
8631,8631,0,2046,4095
8632,8632,0,2047,3817
8633,8633,0,2046,3125
8634,8634,0,2047,2179
8635,8635,0,2047,1202
8636,8636,0,2047,418
8637,8637,0,2046,12
8638,8638,0,2046,77
8639,8639,0,2047,600
8640,8640,0,2046,1457
8641,8641,0,2046,2449
8642,8642,0,2046,3346
8643,8643,0,2046,3938
8644,8644,0,2047,4088
8645,8645,0,2046,3761
8646,8646,0,2046,3032
8647,8647,0,2047,2072
8648,8648,0,2046,1105
8649,8649,0,2046,355
8650,8650,0,2046,0
8651,8651,0,2046,113
8652,8652,0,2047,678
8653,8653,0,2047,1561
8654,8654,0,2045,2553
8655,8655,0,2047,3427
8656,8656,0,2047,3977
8657,8657,0,2046,4076
8658,8658,0,2046,3700
8659,8659,0,2046,2937
8660,8660,0,2046,1965
8661,8661,0,2047,1011
8662,8662,0,2047,294
8663,8663,0,2047,0
8664,8664,0,2047,153
8665,8665,0,2047,761
8666,8666,0,2047,1665
8667,8667,0,2047,2657
8668,8668,0,2047,3504
8669,8669,0,2046,4010
8670,8670,0,2047,4057
8671,8671,0,2047,3635
8672,8672,0,2046,2840
8673,8673,0,2046,1858
8674,8674,0,2047,919
8675,8675,0,2047,240
8676,8676,0,2047,0
8677,8677,0,2047,199
8678,8678,0,2046,846
8679,8679,0,2046,1771
8680,8680,0,2046,2758
8681,8681,0,2047,3577
8682,8682,0,2046,4039
8683,8683,0,2047,4034
8684,8684,0,2046,3564
8685,8685,0,2047,2740
8686,8686,0,2046,1752
8687,8687,0,2047,830
8688,8688,0,2046,190
8689,8689,0,2047,0
8690,8690,0,2046,249
8691,8691,0,2047,935
8692,8692,0,2047,1878
8693,8693,0,2047,2857
8694,8694,0,2047,3647
8695,8695,0,2046,4062
8696,8696,0,2046,4005
8697,8697,0,2046,3490
8698,8698,0,2047,2637
8699,8699,0,2047,1646
8700,8700,0,2046,746
8701,8701,0,2047,146
8702,8702,0,2046,0
8703,8703,0,2047,305
8704,8704,0,2047,1026
8705,8705,0,2046,1984
8706,8706,0,2047,2954
8707,8707,0,2046,3711
8708,8708,0,2046,4078
8709,8709,0,2046,3970
8710,8710,0,2047,3413
8711,8711,0,2046,2535
8712,8712,0,2046,1542
8713,8713,0,2046,664
8714,8714,0,2047,106
8715,8715,0,2047,0
8716,8716,0,2047,365
8717,8717,0,2046,1121
8718,8718,0,2046,2091
8719,8719,0,2046,3049
8720,8720,0,2047,3770
8721,8721,0,2046,4090
8722,8722,0,2047,3931
8723,8723,0,2047,3331
8724,8724,0,2047,2430
8725,8725,0,2046,1439
8726,8726,0,2047,587
8727,8727,0,2046,72
8728,8728,0,2046,15
8729,8729,0,2047,430
8730,8730,0,2046,1219
8731,8731,0,2047,2198
8732,8732,0,2047,3142
8733,8733,0,2046,3827
8734,8734,0,2047,4095
8735,8735,0,2047,3886
8736,8736,0,2046,3246
8737,8737,0,2046,2325
8738,8738,0,2046,1337
8739,8739,0,2047,512
8740,8740,0,2046,43
8741,8741,0,2046,38
8742,8742,0,2046,498
8743,8743,0,2046,1318
8744,8744,0,2047,2305
8745,8745,0,2047,3229
8746,8746,0,2047,3877
8747,8747,0,2047,4095
8748,8748,0,2047,3837
8749,8749,0,2046,3158
8750,8750,0,2047,2219
8751,8751,0,2046,1238
8752,8752,0,2046,443
8753,8753,0,2046,20
8754,8754,0,2047,66
8755,8755,0,2047,571
8756,8756,0,2047,1420
8757,8757,0,2047,2411
8758,8758,0,2046,3315
8759,8759,0,2046,3923
8760,8760,0,2046,4091
8761,8761,0,2046,3783
8762,8762,0,2047,3067
8763,8763,0,2046,2112
8764,8764,0,2046,1140
8765,8765,0,2046,378
8766,8766,0,2046,1
8767,8767,0,2046,99
8768,8768,0,2046,649
8769,8769,0,2046,1523
8770,8770,0,2046,2516
8771,8771,0,2046,3398
8772,8772,0,2047,3963
8773,8773,0,2046,4081
8774,8774,0,2047,3722
8775,8775,0,2046,2972
8776,8776,0,2046,2005
8777,8777,0,2047,1045
8778,8778,0,2047,316
8779,8779,0,2046,0
8780,8780,0,2047,138
8781,8781,0,2046,729
8782,8782,0,2046,1627
8783,8783,0,2047,2619
8784,8784,0,2047,3476
8785,8785,0,2047,3999
8786,8786,0,2047,4065
8787,8787,0,2046,3659
8788,8788,0,2046,2876
8789,8789,0,2047,1898
8790,8790,0,2047,952
8791,8791,0,2046,260
8792,8792,0,2047,0
8793,8793,0,2046,181
8794,8794,0,2046,815
8795,8795,0,2047,1732
8796,8796,0,2047,2721
8797,8797,0,2046,3551
8798,8798,0,2046,4029
8799,8799,0,2047,4044
8800,8800,0,2046,3591
8801,8801,0,2046,2777
8802,8802,0,2047,1792
8803,8803,0,2046,863
8804,8804,0,2046,208
8805,8805,0,2046,0
8806,8806,0,2046,230
8807,8807,0,2046,901
8808,8808,0,2047,1838
8809,8809,0,2046,2821
8810,8810,0,2046,3621
8811,8811,0,2046,4054
8812,8812,0,2046,4016
8813,8813,0,2046,3519
8814,8814,0,2046,2676
8815,8815,0,2047,1686
8816,8816,0,2047,777
8817,8817,0,2046,162
8818,8818,0,2046,0
8819,8819,0,2046,284
8820,8820,0,2046,992
8821,8821,0,2047,1945
8822,8822,0,2047,2919
8823,8823,0,2047,3687
8824,8824,0,2047,4072
8825,8825,0,2046,3984
8826,8826,0,2046,3442
8827,8827,0,2046,2573
8828,8828,0,2047,1580
8829,8829,0,2047,694
8830,8830,0,2046,121
8831,8831,0,2046,0
8832,8832,0,2047,342
8833,8833,0,2046,1086
8834,8834,0,2046,2052
8835,8835,0,2047,3014
8836,8836,0,2046,3749
8837,8837,0,2046,4087
8838,8838,0,2047,3947
8839,8839,0,2046,3362
8840,8840,0,2046,2470
8841,8841,0,2046,1477
8842,8842,0,2046,615
8843,8843,0,2047,83
8844,8844,0,2046,8
8845,8845,0,2045,405
8846,8846,0,2046,1183
8847,8847,0,2046,2158
8848,8848,0,2047,3106
8849,8849,0,2046,3807
8850,8850,0,2046,4095
8851,8851,0,2046,3904
8852,8852,0,2046,3279
8853,8853,0,2047,2365
8854,8854,0,2046,1375
8855,8855,0,2047,539
8856,8856,0,2046,53
8857,8857,0,2046,29
8858,8858,0,2046,472
8859,8859,0,2047,1281
8860,8860,0,2046,2265
8861,8861,0,2046,3197
8862,8862,0,2047,3860
8863,8863,0,2046,4095
8864,8864,0,2046,3856
8865,8865,0,2046,3190
8866,8866,0,2047,2258
8867,8867,0,2047,1274
8868,8868,0,2046,467
8869,8869,0,2047,27
8870,8870,0,2047,55
8871,8871,0,2046,545
8872,8872,0,2047,1381
8873,8873,0,2046,2370
8874,8874,0,2047,3284
8875,8875,0,2046,3907
8876,8876,0,2046,4094
8877,8877,0,2046,3803
8878,8878,0,2047,3101
8879,8879,0,2047,2151
8880,8880,0,2046,1176
8881,8881,0,2046,401
8882,8882,0,2046,7
8883,8883,0,2047,86
8884,8884,0,2046,619
8885,8885,0,2047,1483
8886,8886,0,2047,2476
8887,8887,0,2047,3367
8888,8888,0,2046,3949
8889,8889,0,2047,4085
8890,8890,0,2047,3745
8891,8891,0,2046,3008
8892,8892,0,2046,2045
8893,8893,0,2046,1080
8894,8894,0,2047,338
8895,8895,0,2047,0
8896,8896,0,2046,123
8897,8897,0,2046,699
8898,8898,0,2047,1587
8899,8899,0,2047,2580
8900,8900,0,2046,3447
8901,8901,0,2047,3986
8902,8902,0,2046,4072
8903,8903,0,2046,3684
8904,8904,0,2046,2912
8905,8905,0,2046,1938
8906,8906,0,2046,986
8907,8907,0,2047,280
8908,8908,0,2047,0
8909,8909,0,2046,165
8910,8910,0,2046,782
8911,8911,0,2047,1692
8912,8912,0,2047,2683
8913,8913,0,2046,3523
8914,8914,0,2046,4018
8915,8915,0,2046,4052
8916,8916,0,2046,3618
8917,8917,0,2046,2814
8918,8918,0,2047,1831
8919,8919,0,2046,895
8920,8920,0,2046,227
8921,8921,0,2046,0
8922,8922,0,2047,211
8923,8923,0,2046,869
8924,8924,0,2046,1798
8925,8925,0,2047,2783
8926,8926,0,2047,3597
8927,8927,0,2046,4045
8928,8928,0,2047,4027
8929,8929,0,2046,3546
8930,8930,0,2046,2714
8931,8931,0,2046,1725
8932,8932,0,2046,809
8933,8933,0,2046,179
8934,8934,0,2047,0
8935,8935,0,2046,263
8936,8936,0,2047,959
8937,8937,0,2046,1905
8938,8938,0,2046,2883
8939,8939,0,2047,3663
8940,8940,0,2046,4066
8941,8941,0,2046,3997
8942,8942,0,2046,3471
8943,8943,0,2046,2611
8944,8944,0,2046,1619
8945,8945,0,2046,724
8946,8946,0,2046,136
8947,8947,0,2046,0
8948,8948,0,2047,320
8949,8949,0,2047,1051
8950,8950,0,2047,2011
8951,8951,0,2046,2979
8952,8952,0,2047,3727
8953,8953,0,2046,4082
8954,8954,0,2046,3961
8955,8955,0,2047,3392
8956,8956,0,2047,2509
8957,8957,0,2047,1515
8958,8958,0,2046,644
8959,8959,0,2046,97
8960,8960,0,2046,2
8961,8961,0,2046,381
8962,8962,0,2046,1146
8963,8963,0,2047,2120
8964,8964,0,2046,3073
8965,8965,0,2047,3786
8966,8966,0,2046,4091
8967,8967,0,2046,3920
8968,8968,0,2046,3311
8969,8969,0,2046,2404
8970,8970,0,2047,1413
8971,8971,0,2046,567
8972,8972,0,2046,63
8973,8973,0,2046,20
8974,8974,0,2046,447
8975,8975,0,2047,1244
8976,8976,0,2047,2226
8977,8977,0,2046,3164
8978,8978,0,2046,3840
8979,8979,0,2046,4095
8980,8980,0,2046,3874
8981,8981,0,2047,3224
8982,8982,0,2047,2297
8983,8983,0,2046,1311
8984,8984,0,2047,494
8985,8985,0,2046,36
8986,8986,0,2047,45
8987,8987,0,2047,517
8988,8988,0,2046,1343
8989,8989,0,2046,2332
8990,8990,0,2046,3251
8991,8991,0,2046,3889
8992,8992,0,2046,4095
8993,8993,0,2047,3824
8994,8994,0,2046,3135
8995,8995,0,2047,2191
8996,8996,0,2047,1212
8997,8997,0,2047,425
8998,8998,0,2046,14
8999,8999,0,2047,74
9000,9000,0,2047,591
9001,9001,0,2046,1445
9002,9002,0,2047,2438
9003,9003,0,2046,3337
9004,9004,0,2046,3934
9005,9005,0,2046,4090
9006,9006,0,2046,3768
9007,9007,0,2047,3044
9008,9008,0,2047,2084
9009,9009,0,2047,1115
9010,9010,0,2047,362
9011,9011,0,2046,0
9012,9012,0,2046,109
9013,9013,0,2046,669
9014,9014,0,2046,1548
9015,9015,0,2047,2542
9016,9016,0,2047,3418
9017,9017,0,2047,3973
9018,9018,0,2046,4077
9019,9019,0,2047,3707
9020,9020,0,2046,2948
9021,9021,0,2047,1978
9022,9022,0,2047,1021
9023,9023,0,2046,301
9024,9024,0,2047,0
9025,9025,0,2046,149
9026,9026,0,2047,751
9027,9027,0,2047,1653
9028,9028,0,2046,2645
9029,9029,0,2046,3495
9030,9030,0,2047,4007
9031,9031,0,2046,4061
9032,9032,0,2046,3642
9033,9033,0,2047,2851
9034,9034,0,2047,1870
9035,9035,0,2046,929
9036,9036,0,2046,247
9037,9037,0,2046,0
9038,9038,0,2046,194
9039,9039,0,2046,837
9040,9040,0,2046,1758
9041,9041,0,2046,2747
9042,9042,0,2047,3569
9043,9043,0,2046,4036
9044,9044,0,2047,4038
9045,9045,0,2046,3573
9046,9046,0,2046,2751
9047,9047,0,2046,1765
9048,9048,0,2046,841
9049,9049,0,2046,196
9050,9050,0,2046,0
9051,9051,0,2047,244
9052,9052,0,2046,924
9053,9053,0,2046,1865
9054,9054,0,2046,2846
9055,9055,0,2046,3639
9056,9056,0,2047,4059
9057,9057,0,2046,4008
9058,9058,0,2047,3499
9059,9059,0,2047,2650
9060,9060,0,2046,1658
9061,9061,0,2046,756
9062,9062,0,2046,150
9063,9063,0,2046,0
9064,9064,0,2046,298
9065,9065,0,2047,1017
9066,9066,0,2047,1972
9067,9067,0,2047,2944
9068,9068,0,2047,3704
9069,9069,0,2046,4076
9070,9070,0,2047,3975
9071,9071,0,2047,3422
9072,9072,0,2047,2547
9073,9073,0,2047,1554
9074,9074,0,2047,673
9075,9075,0,2046,111
9076,9076,0,2046,0
9077,9077,0,2047,358
9078,9078,0,2046,1111
9079,9079,0,2047,2079
9080,9080,0,2047,3038
9081,9081,0,2046,3764
9082,9082,0,2046,4089
9083,9083,0,2046,3935
9084,9084,0,2046,3341
9085,9085,0,2047,2442
9086,9086,0,2046,1451
9087,9087,0,2046,596
9088,9088,0,2046,76
9089,9089,0,2046,13
9090,9090,0,2046,422
9091,9091,0,2046,1207
9092,9092,0,2046,2186
9093,9093,0,2047,3131
9094,9094,0,2046,3820
9095,9095,0,2046,4095
9096,9096,0,2046,3892
9097,9097,0,2046,3256
9098,9098,0,2047,2338
9099,9099,0,2046,1349
9100,9100,0,2047,521
9101,9101,0,2046,46
9102,9102,0,2046,35
9103,9103,0,2046,491
9104,9104,0,2046,1306
9105,9105,0,2046,2293
9106,9106,0,2047,3220
9107,9107,0,2045,3872
9108,9108,0,2047,4095
9109,9109,0,2046,3843
9110,9110,0,2047,3169
9111,9111,0,2046,2231
9112,9112,0,2046,1249
9113,9113,0,2046,451
9114,9114,0,2046,22
9115,9115,0,2047,62
9116,9116,0,2047,564
9117,9117,0,2046,1409
9118,9118,0,2047,2399
9119,9119,0,2046,3306
9120,9120,0,2046,3918
9121,9121,0,2046,4094
9122,9122,0,2046,3788
9123,9123,0,2047,3078
9124,9124,0,2046,2124
9125,9125,0,2046,1151
9126,9126,0,2047,385
9127,9127,0,2046,3
9128,9128,0,2046,95
9129,9129,0,2047,640
9130,9130,0,2046,1511
9131,9131,0,2046,2504
9132,9132,0,2047,3389
9133,9133,0,2047,3959
9134,9134,0,2047,4082
9135,9135,0,2046,3730
9136,9136,0,2047,2983
9137,9137,0,2046,2017
9138,9138,0,2046,1056
9139,9139,0,2046,323
9140,9140,0,2046,0
9141,9141,0,2047,133
9142,9142,0,2046,721
9143,9143,0,2046,1614
9144,9144,0,2047,2607
9145,9145,0,2046,3467
9146,9146,0,2046,3994
9147,9147,0,2047,4067
9148,9148,0,2047,3667
9149,9149,0,2046,2887
9150,9150,0,2046,1911
9151,9151,0,2047,964
9152,9152,0,2046,266
9153,9153,0,2046,0
9154,9154,0,2047,177
9155,9155,0,2046,804
9156,9156,0,2046,1719
9157,9157,0,2046,2709
9158,9158,0,2046,3542
9159,9159,0,2046,4025
9160,9160,0,2047,4046
9161,9161,0,2047,3600
9162,9162,0,2046,2789
9163,9163,0,2046,1804
9164,9164,0,2046,874
9165,9165,0,2046,214
9166,9166,0,2046,0
9167,9167,0,2046,224
9168,9168,0,2046,892
9169,9169,0,2047,1827
9170,9170,0,2046,2809
9171,9171,0,2046,3613
9172,9172,0,2046,4051
9173,9173,0,2046,4020
9174,9174,0,2046,3527
9175,9175,0,2046,2687
9176,9176,0,2046,1698
9177,9177,0,2046,787
9178,9178,0,2046,167
9179,9179,0,2047,0
9180,9180,0,2046,278
9181,9181,0,2046,981
9182,9182,0,2046,1933
9183,9183,0,2047,2908
9184,9184,0,2047,3680
9185,9185,0,2046,4071
9186,9186,0,2046,3987
9187,9187,0,2047,3451
9188,9188,0,2047,2585
9189,9189,0,2046,1593
9190,9190,0,2046,703
9191,9191,0,2046,126
9192,9192,0,2046,0
9193,9193,0,2047,334
9194,9194,0,2047,1075
9195,9195,0,2046,2039
9196,9196,0,2046,3003
9197,9197,0,2046,3742
9198,9198,0,2047,4085
9199,9199,0,2046,3951
9200,9200,0,2046,3371
9201,9201,0,2046,2482
9202,9202,0,2046,1489
9203,9203,0,2046,624
9204,9204,0,2047,88
9205,9205,0,2047,6
9206,9206,0,2046,398
9207,9207,0,2047,1171
9208,9208,0,2046,2147
9209,9209,0,2047,3096
9210,9210,0,2047,3801
9211,9211,0,2046,4094
9212,9212,0,2047,3909
9213,9213,0,2046,3288
9214,9214,0,2046,2376
9215,9215,0,2046,1387
9216,9216,0,2046,548
9217,9217,0,2046,56
9218,9218,0,2047,26
9219,9219,0,2046,465
9220,9220,0,2046,1269
9221,9221,0,2046,2253
9222,9222,0,2047,3187
9223,9223,0,2046,3853
9224,9224,0,2046,4095
9225,9225,0,2046,3861
9226,9226,0,2046,3201
9227,9227,0,2046,2270
9228,9228,0,2046,1286
9229,9229,0,2047,477
9230,9230,0,2046,30
9231,9231,0,2046,52
9232,9232,0,2046,536
9233,9233,0,2046,1369
9234,9234,0,2047,2359
9235,9235,0,2047,3274
9236,9236,0,2047,3901
9237,9237,0,2046,4095
9238,9238,0,2046,3809
9239,9239,0,2046,3112
9240,9240,0,2046,2163
9241,9241,0,2046,1187
9242,9242,0,2046,408
9243,9243,0,2047,9
9244,9244,0,2047,82
9245,9245,0,2047,611
9246,9246,0,2047,1472
9247,9247,0,2046,2465
9248,9248,0,2047,3358
9249,9249,0,2046,3944
9250,9250,0,2047,4087
9251,9251,0,2047,3752
9252,9252,0,2046,3019
9253,9253,0,2046,2057
9254,9254,0,2047,1091
9255,9255,0,2046,346
9256,9256,0,2046,0
9257,9257,0,2046,118
9258,9258,0,2046,689
9259,9259,0,2047,1575
9260,9260,0,2047,2568
9261,9261,0,2046,3438
9262,9262,0,2046,3982
9263,9263,0,2047,4073
9264,9264,0,2046,3691
9265,9265,0,2047,2923
9266,9266,0,2046,1950
9267,9267,0,2046,997
9268,9268,0,2046,286
9269,9269,0,2046,0
9270,9270,0,2046,160
9271,9271,0,2047,772
9272,9272,0,2046,1680
9273,9273,0,2046,2672
9274,9274,0,2046,3515
9275,9275,0,2046,4015
9276,9276,0,2047,4054
9277,9277,0,2046,3625
9278,9278,0,2046,2825
9279,9279,0,2046,1843
9280,9280,0,2046,906
9281,9281,0,2047,233
9282,9282,0,2046,0
9283,9283,0,2047,206
9284,9284,0,2046,859
9285,9285,0,2046,1786
9286,9286,0,2046,2772
9287,9287,0,2046,3587
9288,9288,0,2047,4042
9289,9289,0,2046,4031
9290,9290,0,2046,3555
9291,9291,0,2046,2726
9292,9292,0,2046,1737
9293,9293,0,2047,819
9294,9294,0,2047,184
9295,9295,0,2047,0
9296,9296,0,2046,257
9297,9297,0,2046,948
9298,9298,0,2046,1893
9299,9299,0,2046,2871
9300,9300,0,2046,3655
9301,9301,0,2047,4063
9302,9302,0,2047,4001
9303,9303,0,2046,3479
9304,9304,0,2046,2624
9305,9305,0,2046,1631
9306,9306,0,2046,733
9307,9307,0,2046,140
9308,9308,0,2047,0
9309,9309,0,2046,313
9310,9310,0,2047,1040
9311,9311,0,2047,1999
9312,9312,0,2046,2968
9313,9313,0,2046,3720
9314,9314,0,2047,4079
9315,9315,0,2047,3966
9316,9316,0,2046,3402
9317,9317,0,2046,2521
9318,9318,0,2047,1527
9319,9319,0,2046,652
9320,9320,0,2047,101
9321,9321,0,2047,1
9322,9322,0,2047,374
9323,9323,0,2047,1135
9324,9324,0,2047,2108
9325,9325,0,2046,3063
9326,9326,0,2047,3779
9327,9327,0,2046,4091
9328,9328,0,2047,3926
9329,9329,0,2046,3319
9330,9330,0,2047,2415
9331,9331,0,2047,1424
9332,9332,0,2047,576
9333,9333,0,2046,68
9334,9334,0,2046,18
9335,9335,0,2047,439
9336,9336,0,2047,1233
9337,9337,0,2045,2214
9338,9338,0,2046,3154
9339,9339,0,2046,3834
9340,9340,0,2047,4095
9341,9341,0,2046,3879
9342,9342,0,2046,3234
9343,9343,0,2046,2310
9344,9344,0,2047,1323
9345,9345,0,2046,502
9346,9346,0,2047,40
9347,9347,0,2046,42
9348,9348,0,2046,509
9349,9349,0,2047,1333
9350,9350,0,2047,2320
9351,9351,0,2046,3242
9352,9352,0,2047,3884
9353,9353,0,2046,4095
9354,9354,0,2047,3830
9355,9355,0,2046,3145
9356,9356,0,2046,2203
9357,9357,0,2046,1224
9358,9358,0,2047,433
9359,9359,0,2046,16
9360,9360,0,2047,70
9361,9361,0,2046,582
9362,9362,0,2046,1434
9363,9363,0,2047,2426
9364,9364,0,2046,3328
9365,9365,0,2047,3929
9366,9366,0,2047,4090
9367,9367,0,2046,3774
9368,9368,0,2047,3054
9369,9369,0,2046,2097
9370,9370,0,2047,1126
9371,9371,0,2046,368
9372,9372,0,2046,0
9373,9373,0,2047,104
9374,9374,0,2046,660
9375,9375,0,2046,1537
9376,9376,0,2046,2530
9377,9377,0,2047,3409
9378,9378,0,2047,3968
9379,9379,0,2046,4079
9380,9380,0,2047,3714
9381,9381,0,2047,2959
9382,9382,0,2047,1990
9383,9383,0,2046,1031
9384,9384,0,2047,307
9385,9385,0,2047,0
9386,9386,0,2046,144
9387,9387,0,2046,742
9388,9388,0,2047,1642
9389,9389,0,2045,2633
9390,9390,0,2046,3487
9391,9391,0,2047,4003
9392,9392,0,2046,4062
9393,9393,0,2047,3650
9394,9394,0,2046,2862
9395,9395,0,2047,1883
9396,9396,0,2046,940
9397,9397,0,2046,252
9398,9398,0,2047,0
9399,9399,0,2046,188
9400,9400,0,2047,827
9401,9401,0,2046,1746
9402,9402,0,2047,2735
9403,9403,0,2047,3561
9404,9404,0,2047,4032
9405,9405,0,2046,4040
9406,9406,0,2046,3581
9407,9407,0,2046,2763
9408,9408,0,2046,1777
9409,9409,0,2046,851
9410,9410,0,2047,201
9411,9411,0,2047,0
9412,9412,0,2046,237
9413,9413,0,2046,914
9414,9414,0,2046,1854
9415,9415,0,2046,2835
9416,9416,0,2047,3631
9417,9417,0,2047,4056
9418,9418,0,2046,4012
9419,9419,0,2046,3507
9420,9420,0,2046,2662
9421,9421,0,2047,1671
9422,9422,0,2046,765
9423,9423,0,2046,156
9424,9424,0,2046,0
9425,9425,0,2046,291
9426,9426,0,2046,1005
9427,9427,0,2046,1960
9428,9428,0,2046,2933
9429,9429,0,2047,3696
9430,9430,0,2047,4075
9431,9431,0,2046,3980
9432,9432,0,2046,3431
9433,9433,0,2046,2559
9434,9434,0,2047,1566
9435,9435,0,2047,682
9436,9436,0,2046,115
9437,9437,0,2046,0
9438,9438,0,2046,351
9439,9439,0,2046,1099
9440,9440,0,2046,2067
9441,9441,0,2046,3027
9442,9442,0,2046,3758
9443,9443,0,2046,4088
9444,9444,0,2046,3941
9445,9445,0,2046,3350
9446,9446,0,2046,2454
9447,9447,0,2046,1463
9448,9448,0,2047,604
9449,9449,0,2046,79
9450,9450,0,2047,10
9451,9451,0,2047,415
9452,9452,0,2046,1196
9453,9453,0,2046,2174
9454,9454,0,2046,3119
9455,9455,0,2047,3813
9456,9456,0,2047,4094
9457,9457,0,2047,3897
9458,9458,0,2047,3266
9459,9459,0,2046,2350
9460,9460,0,2046,1360
9461,9461,0,2047,529
9462,9462,0,2046,49
9463,9463,0,2047,32
9464,9464,0,2046,482
9465,9465,0,2046,1295
9466,9466,0,2046,2281
9467,9467,0,2046,3209
9468,9468,0,2047,3866
9469,9469,0,2046,4095
9470,9470,0,2046,3848
9471,9471,0,2047,3179
9472,9472,0,2047,2243
9473,9473,0,2046,1261
9474,9474,0,2046,459
9475,9475,0,2046,24
9476,9476,0,2047,59
9477,9477,0,2046,555
9478,9478,0,2046,1396
9479,9479,0,2046,2386
9480,9480,0,2046,3296
9481,9481,0,2046,3914
9482,9482,0,2046,4094
9483,9483,0,2046,3795
9484,9484,0,2047,3088
9485,9485,0,2046,2136
9486,9486,0,2047,1162
9487,9487,0,2046,392
9488,9488,0,2046,5
9489,9489,0,2046,90
9490,9490,0,2046,631
9491,9491,0,2047,1498
9492,9492,0,2046,2491
9493,9493,0,2047,3379
9494,9494,0,2047,3954
9495,9495,0,2046,4084
9496,9496,0,2046,3737
9497,9497,0,2046,2995
9498,9498,0,2047,2029
9499,9499,0,2046,1066
9500,9500,0,2046,330
9501,9501,0,2046,0
9502,9502,0,2046,129
9503,9503,0,2046,711
9504,9504,0,2046,1602
9505,9505,0,2046,2595
9506,9506,0,2047,3458
9507,9507,0,2047,3990
9508,9508,0,2047,4069
9509,9509,0,2046,3674
9510,9510,0,2046,2898
9511,9511,0,2046,1922
9512,9512,0,2047,973
9513,9513,0,2046,273
9514,9514,0,2046,0
9515,9515,0,2046,171
9516,9516,0,2046,795
9517,9517,0,2046,1708
9518,9518,0,2046,2697
9519,9519,0,2046,3534
9520,9520,0,2047,4022
9521,9521,0,2047,4049
9522,9522,0,2047,3608
9523,9523,0,2047,2800
9524,9524,0,2046,1816
9525,9525,0,2046,884
9526,9526,0,2046,220
9527,9527,0,2046,0
9528,9528,0,2046,219
9529,9529,0,2046,882
9530,9530,0,2046,1813
9531,9531,0,2046,2798
9532,9532,0,2046,3605
9533,9533,0,2047,4049
9534,9534,0,2046,4023
9535,9535,0,2046,3536
9536,9536,0,2047,2699
9537,9537,0,2046,1709
9538,9538,0,2046,796
9539,9539,0,2046,172
9540,9540,0,2046,0
9541,9541,0,2046,272
9542,9542,0,2046,971
9543,9543,0,2046,1921
9544,9544,0,2046,2896
9545,9545,0,2047,3672
9546,9546,0,2046,4069
9547,9547,0,2046,3991
9548,9548,0,2046,3460
9549,9549,0,2046,2597
9550,9550,0,2047,1605
9551,9551,0,2047,713
9552,9552,0,2046,130
9553,9553,0,2046,0
9554,9554,0,2046,329
9555,9555,0,2046,1064
9556,9556,0,2046,2028
9557,9557,0,2046,2992
9558,9558,0,2046,3736
9559,9559,0,2046,4084
9560,9560,0,2046,3956
9561,9561,0,2046,3381
9562,9562,0,2046,2494
9563,9563,0,2047,1501
9564,9564,0,2047,633
9565,9565,0,2046,92
9566,9566,0,2047,4
9567,9567,0,2046,391
9568,9568,0,2046,1161
9569,9569,0,2046,2135
9570,9570,0,2047,3086
9571,9571,0,2046,3794
9572,9572,0,2047,4093
9573,9573,0,2046,3914
9574,9574,0,2046,3298
9575,9575,0,2046,2389
9576,9576,0,2047,1398
9577,9577,0,2046,556
9578,9578,0,2046,59
9579,9579,0,2047,24
9580,9580,0,2047,457
9581,9581,0,2046,1258
9582,9582,0,2047,2241
9583,9583,0,2046,3177
9584,9584,0,2046,3848
9585,9585,0,2047,4095
9586,9586,0,2046,3867
9587,9587,0,2046,3212
9588,9588,0,2047,2283
9589,9589,0,2046,1297
9590,9590,0,2046,484
9591,9591,0,2047,32
9592,9592,0,2047,49
9593,9593,0,2046,527
9594,9594,0,2046,1358
9595,9595,0,2046,2347
9596,9596,0,2046,3264
9597,9597,0,2046,3896
9598,9598,0,2046,4095
9599,9599,0,2047,3816
9600,9600,0,2046,3122
9601,9601,0,2047,2176
9602,9602,0,2046,1199
9603,9603,0,2046,416
9604,9604,0,2046,11
9605,9605,0,2046,79
9606,9606,0,2047,602
9607,9607,0,2046,1460
9608,9608,0,2046,2453
9609,9609,0,2046,3348
9610,9610,0,2047,3940
9611,9611,0,2046,4088
9612,9612,0,2046,3760
9613,9613,0,2046,3030
9614,9614,0,2046,2070
9615,9615,0,2046,1102
9616,9616,0,2046,352
9617,9617,0,2046,0
9618,9618,0,2046,114
9619,9619,0,2046,680
9620,9620,0,2046,1564
9621,9621,0,2045,2557
9622,9622,0,2046,3430
9623,9623,0,2046,3978
9624,9624,0,2046,4075
9625,9625,0,2046,3698
9626,9626,0,2046,2934
9627,9627,0,2046,1962
9628,9628,0,2047,1007
9629,9629,0,2046,293
9630,9630,0,2046,0
9631,9631,0,2047,155
9632,9632,0,2046,763
9633,9633,0,2046,1669
9634,9634,0,2046,2659
9635,9635,0,2047,3506
9636,9636,0,2046,4011
9637,9637,0,2046,4057
9638,9638,0,2046,3632
9639,9639,0,2046,2837
9640,9640,0,2047,1855
9641,9641,0,2046,916
9642,9642,0,2047,239
9643,9643,0,2046,0
9644,9644,0,2046,201
9645,9645,0,2046,848
9646,9646,0,2046,1774
9647,9647,0,2047,2761
9648,9648,0,2047,3580
9649,9649,0,2046,4039
9650,9650,0,2047,4034
9651,9651,0,2046,3562
9652,9652,0,2046,2737
9653,9653,0,2046,1749
9654,9654,0,2047,828
9655,9655,0,2047,189
9656,9656,0,2047,0
9657,9657,0,2046,251
9658,9658,0,2047,938
9659,9659,0,2046,1881
9660,9660,0,2047,2859
9661,9661,0,2046,3648
9662,9662,0,2046,4061
9663,9663,0,2046,4004
9664,9664,0,2046,3488
9665,9665,0,2046,2636
9666,9666,0,2046,1644
9667,9667,0,2047,743
9668,9668,0,2047,144
9669,9669,0,2046,0
9670,9670,0,2047,306
9671,9671,0,2047,1029
9672,9672,0,2047,1987
9673,9673,0,2047,2958
9674,9674,0,2046,3712
9675,9675,0,2046,4079
9676,9676,0,2047,3970
9677,9677,0,2046,3411
9678,9678,0,2047,2532
9679,9679,0,2046,1538
9680,9680,0,2047,662
9681,9681,0,2046,105
9682,9682,0,2046,0
9683,9683,0,2046,367
9684,9684,0,2046,1125
9685,9685,0,2047,2095
9686,9686,0,2046,3052
9687,9687,0,2047,3773
9688,9688,0,2046,4090
9689,9689,0,2047,3930
9690,9690,0,2047,3329
9691,9691,0,2047,2428
9692,9692,0,2046,1435
9693,9693,0,2046,584
9694,9694,0,2047,70
9695,9695,0,2046,15
9696,9696,0,2047,432
9697,9697,0,2046,1222
9698,9698,0,2047,2202
9699,9699,0,2046,3143
9700,9700,0,2046,3828
9701,9701,0,2046,4095
9702,9702,0,2046,3886
9703,9703,0,2047,3244
9704,9704,0,2047,2322
9705,9705,0,2047,1335
9706,9706,0,2047,510
9707,9707,0,2046,42
9708,9708,0,2046,38
9709,9709,0,2046,501
9710,9710,0,2046,1321
9711,9711,0,2046,2308
9712,9712,0,2046,3232
9713,9713,0,2047,3879
9714,9714,0,2046,4095
9715,9715,0,2046,3835
9716,9716,0,2046,3156
9717,9717,0,2046,2216
9718,9718,0,2046,1235
9719,9719,0,2047,441
9720,9720,0,2046,19
9721,9721,0,2047,66
9722,9722,0,2047,574
9723,9723,0,2047,1422
9724,9724,0,2046,2414
9725,9725,0,2046,3318
9726,9726,0,2046,3924
9727,9727,0,2046,4091
9728,9728,0,2047,3781
9729,9729,0,2047,3064
9730,9730,0,2047,2109
9731,9731,0,2047,1137
9732,9732,0,2046,375
9733,9733,0,2046,1
9734,9734,0,2046,100
9735,9735,0,2047,651
9736,9736,0,2047,1525
9737,9737,0,2046,2518
9738,9738,0,2047,3400
9739,9739,0,2047,3964
9740,9740,0,2046,4081
9741,9741,0,2047,3721
9742,9742,0,2047,2970
9743,9743,0,2046,2002
9744,9744,0,2046,1043
9745,9745,0,2046,315
9746,9746,0,2046,0
9747,9747,0,2047,139
9748,9748,0,2047,732
9749,9749,0,2047,1630
9750,9750,0,2046,2621
9751,9751,0,2046,3478
9752,9752,0,2047,3999
9753,9753,0,2046,4064
9754,9754,0,2046,3657
9755,9755,0,2046,2873
9756,9756,0,2046,1895
9757,9757,0,2047,951
9758,9758,0,2046,258
9759,9759,0,2046,0
9760,9760,0,2046,183
9761,9761,0,2047,817
9762,9762,0,2047,1735
9763,9763,0,2047,2724
9764,9764,0,2046,3553
9765,9765,0,2046,4030
9766,9766,0,2047,4043
9767,9767,0,2046,3589
9768,9768,0,2047,2774
9769,9769,0,2046,1789
9770,9770,0,2047,860
9771,9771,0,2046,207
9772,9772,0,2047,0
9773,9773,0,2046,231
9774,9774,0,2047,904
9775,9775,0,2047,1841
9776,9776,0,2046,2824
9777,9777,0,2047,3623
9778,9778,0,2046,4053
9779,9779,0,2047,4015
9780,9780,0,2047,3517
9781,9781,0,2046,2674
9782,9782,0,2046,1683
9783,9783,0,2047,774
9784,9784,0,2047,160
9785,9785,0,2046,0
9786,9786,0,2047,286
9787,9787,0,2046,995
9788,9788,0,2046,1948
9789,9789,0,2047,2922
9790,9790,0,2046,3689
9791,9791,0,2046,4074
9792,9792,0,2047,3983
9793,9793,0,2046,3440
9794,9794,0,2047,2571
9795,9795,0,2047,1578
9796,9796,0,2047,692
9797,9797,0,2046,120
9798,9798,0,2046,0
9799,9799,0,2046,344
9800,9800,0,2047,1088
9801,9801,0,2046,2054
9802,9802,0,2046,3017
9803,9803,0,2046,3751
9804,9804,0,2047,4086
9805,9805,0,2046,3945
9806,9806,0,2047,3360
9807,9807,0,2047,2466
9808,9808,0,2047,1474
9809,9809,0,2046,613
9810,9810,0,2047,82
9811,9811,0,2047,9
9812,9812,0,2047,407
9813,9813,0,2047,1186
9814,9814,0,2046,2162
9815,9815,0,2047,3110
9816,9816,0,2046,3808
9817,9817,0,2046,4094
9818,9818,0,2046,3902
9819,9819,0,2046,3275
9820,9820,0,2047,2362
9821,9821,0,2046,1372
9822,9822,0,2047,537
9823,9823,0,2047,52
9824,9824,0,2047,29
9825,9825,0,2047,475
9826,9826,0,2046,1283
9827,9827,0,2046,2268
9828,9828,0,2046,3200
9829,9829,0,2046,3861
9830,9830,0,2046,4095
9831,9831,0,2046,3854
9832,9832,0,2046,3189
9833,9833,0,2046,2255
9834,9834,0,2047,1271
9835,9835,0,2046,466
9836,9836,0,2047,27
9837,9837,0,2046,56
9838,9838,0,2047,547
9839,9839,0,2047,1384
9840,9840,0,2047,2375
9841,9841,0,2046,3286
9842,9842,0,2046,3908
9843,9843,0,2047,4094
9844,9844,0,2046,3801
9845,9845,0,2046,3099
9846,9846,0,2047,2148
9847,9847,0,2046,1173
9848,9848,0,2046,400
9849,9849,0,2047,7
9850,9850,0,2047,87
9851,9851,0,2047,622
9852,9852,0,2046,1487
9853,9853,0,2047,2480
9854,9854,0,2046,3370
9855,9855,0,2046,3950
9856,9856,0,2046,4085
9857,9857,0,2046,3744
9858,9858,0,2046,3006
9859,9859,0,2046,2042
9860,9860,0,2047,1077
9861,9861,0,2046,337
9862,9862,0,2046,0
9863,9863,0,2047,125
9864,9864,0,2046,702
9865,9865,0,2047,1591
9866,9866,0,2046,2584
9867,9867,0,2047,3450
9868,9868,0,2046,3987
9869,9869,0,2046,4071
9870,9870,0,2046,3682
9871,9871,0,2046,2909
9872,9872,0,2047,1934
9873,9873,0,2047,985
9874,9874,0,2047,278
9875,9875,0,2047,0
9876,9876,0,2046,167
9877,9877,0,2047,785
9878,9878,0,2047,1695
9879,9879,0,2046,2686
9880,9880,0,2046,3525
9881,9881,0,2047,4019
9882,9882,0,2046,4051
9883,9883,0,2046,3614
9884,9884,0,2046,2811
9885,9885,0,2046,1828
9886,9886,0,2047,893
9887,9887,0,2046,225
9888,9888,0,2047,0
9889,9889,0,2046,214
9890,9890,0,2046,871
9891,9891,0,2046,1801
9892,9892,0,2047,2787
9893,9893,0,2047,3598
9894,9894,0,2047,4045
9895,9895,0,2046,4026
9896,9896,0,2046,3543
9897,9897,0,2046,2711
9898,9898,0,2047,1722
9899,9899,0,2047,806
9900,9900,0,2046,177
9901,9901,0,2046,0
9902,9902,0,2046,265
9903,9903,0,2046,962
9904,9904,0,2046,1909
9905,9905,0,2047,2886
9906,9906,0,2046,3665
9907,9907,0,2046,4066
9908,9908,0,2046,3996
9909,9909,0,2047,3468
9910,9910,0,2047,2609
9911,9911,0,2047,1616
9912,9912,0,2047,722
9913,9913,0,2047,133
9914,9914,0,2047,0
9915,9915,0,2046,322
9916,9916,0,2046,1054
9917,9917,0,2046,2015
9918,9918,0,2046,2982
9919,9919,0,2046,3729
9920,9920,0,2047,4082
9921,9921,0,2046,3959
9922,9922,0,2046,3390
9923,9923,0,2047,2505
9924,9924,0,2047,1512
9925,9925,0,2047,642
9926,9926,0,2047,97
9927,9927,0,2047,3
9928,9928,0,2046,383
9929,9929,0,2046,1148
9930,9930,0,2047,2122
9931,9931,0,2046,3075
9932,9932,0,2046,3788
9933,9933,0,2046,4092
9934,9934,0,2046,3919
9935,9935,0,2047,3307
9936,9936,0,2046,2400
9937,9937,0,2046,1410
9938,9938,0,2047,565
9939,9939,0,2046,62
9940,9940,0,2046,21
9941,9941,0,2047,450
9942,9942,0,2046,1247
9943,9943,0,2046,2229
9944,9944,0,2047,3167
9945,9945,0,2046,3842
9946,9946,0,2046,4095
9947,9947,0,2047,3873
9948,9948,0,2046,3221
9949,9949,0,2047,2294
9950,9950,0,2046,1308
9951,9951,0,2047,492
9952,9952,0,2046,35
9953,9953,0,2047,45
9954,9954,0,2046,519
9955,9955,0,2047,1347
9956,9956,0,2047,2335
9957,9957,0,2046,3254
9958,9958,0,2047,3890
9959,9959,0,2047,4095
9960,9960,0,2047,3822
9961,9961,0,2047,3132
9962,9962,0,2046,2188
9963,9963,0,2047,1209
9964,9964,0,2046,423
9965,9965,0,2046,13
9966,9966,0,2046,74
9967,9967,0,2046,593
9968,9968,0,2046,1448
9969,9969,0,2047,2441
9970,9970,0,2046,3339
9971,9971,0,2046,3935
9972,9972,0,2047,4089
9973,9973,0,2046,3766
9974,9974,0,2046,3041
9975,9975,0,2047,2081
9976,9976,0,2046,1113
9977,9977,0,2047,359
9978,9978,0,2047,0
9979,9979,0,2046,110
9980,9980,0,2047,673
9981,9981,0,2046,1552
9982,9982,0,2046,2545
9983,9983,0,2047,3421
9984,9984,0,2046,3974
9985,9985,0,2046,4076
9986,9986,0,2046,3706
9987,9987,0,2047,2945
9988,9988,0,2047,1974
9989,9989,0,2047,1018
9990,9990,0,2046,299
9991,9991,0,2047,0
9992,9992,0,2047,150
9993,9993,0,2046,754
9994,9994,0,2046,1657
9995,9995,0,2047,2648
9996,9996,0,2047,3498
9997,9997,0,2047,4008
9998,9998,0,2046,4059
9999,9999,0,2047,3641
10000,10000,0,2046,2847
10001,10001,0,2047,1868
10002,10002,0,2046,926
10003,10003,0,2047,244
10004,10004,0,2047,0
10005,10005,0,2047,195
10006,10006,0,2047,839
10007,10007,0,2046,1762
10008,10008,0,2046,2750
10009,10009,0,2046,3572
10010,10010,0,2047,4036
10011,10011,0,2047,4036
10012,10012,0,2046,3571
10013,10013,0,2046,2748
10014,10014,0,2047,1762
10015,10015,0,2046,838
10016,10016,0,2046,194
10017,10017,0,2046,0
10018,10018,0,2046,246
10019,10019,0,2047,928
10020,10020,0,2046,1869
10021,10021,0,2046,2849
10022,10022,0,2046,3641
10023,10023,0,2046,4059
10024,10024,0,2046,4007
10025,10025,0,2047,3497
10026,10026,0,2046,2647
10027,10027,0,2046,1655
10028,10028,0,2046,753
10029,10029,0,2046,150
10030,10030,0,2047,0
10031,10031,0,2046,300
10032,10032,0,2047,1019
10033,10033,0,2047,1976
10034,10034,0,2046,2947
10035,10035,0,2046,3705
10036,10036,0,2046,4076
10037,10037,0,2046,3974
10038,10038,0,2046,3419
10039,10039,0,2047,2544
10040,10040,0,2047,1550
10041,10041,0,2046,671
10042,10042,0,2046,110
10043,10043,0,2046,0
10044,10044,0,2046,359
10045,10045,0,2047,1114
10046,10046,0,2046,2083
10047,10047,0,2046,3041
10048,10048,0,2046,3766
10049,10049,0,2046,4089
10050,10050,0,2046,3935
10051,10051,0,2046,3339
10052,10052,0,2047,2440
10053,10053,0,2047,1447
10054,10054,0,2047,592
10055,10055,0,2046,74
10056,10056,0,2046,14
10057,10057,0,2046,424
10058,10058,0,2047,1211
10059,10059,0,2047,2190
10060,10060,0,2047,3134
10061,10061,0,2047,3822
10062,10062,0,2047,4095
10063,10063,0,2046,3890
10064,10064,0,2046,3254
10065,10065,0,2046,2334
10066,10066,0,2047,1345
10067,10067,0,2046,519
10068,10068,0,2047,45
10069,10069,0,2046,36
10070,10070,0,2046,493
10071,10071,0,2046,1310
10072,10072,0,2047,2296
10073,10073,0,2046,3222
10074,10074,0,2046,3873
10075,10075,0,2046,4095
10076,10076,0,2047,3841
10077,10077,0,2047,3165
10078,10078,0,2046,2227
10079,10079,0,2046,1245
10080,10080,0,2046,449
10081,10081,0,2046,21
10082,10082,0,2046,64
10083,10083,0,2047,565
10084,10084,0,2047,1411
10085,10085,0,2046,2402
10086,10086,0,2047,3309
10087,10087,0,2046,3919
10088,10088,0,2046,4093
10089,10089,0,2047,3786
10090,10090,0,2046,3075
10091,10091,0,2046,2120
10092,10092,0,2046,1148
10093,10093,0,2046,382
10094,10094,0,2046,3
10095,10095,0,2046,96
10096,10096,0,2046,643
10097,10097,0,2046,1514
10098,10098,0,2047,2507
10099,10099,0,2046,3391
10100,10100,0,2047,3960
10101,10101,0,2046,4082
10102,10102,0,2046,3728
10103,10103,0,2047,2980
10104,10104,0,2046,2014
10105,10105,0,2047,1053
10106,10106,0,2046,321
10107,10107,0,2046,0
10108,10108,0,2046,135
10109,10109,0,2046,723
10110,10110,0,2046,1618
10111,10111,0,2047,2610
10112,10112,0,2047,3470
10113,10113,0,2047,3996
10114,10114,0,2046,4067
10115,10115,0,2046,3665
10116,10116,0,2047,2884
10117,10117,0,2046,1906
10118,10118,0,2047,960
10119,10119,0,2047,264
10120,10120,0,2046,0
10121,10121,0,2046,177
10122,10122,0,2046,807
10123,10123,0,2046,1723
10124,10124,0,2046,2712
10125,10125,0,2046,3545
10126,10126,0,2046,4026
10127,10127,0,2046,4045
10128,10128,0,2046,3596
10129,10129,0,2046,2785
10130,10130,0,2047,1800
10131,10131,0,2046,870
10132,10132,0,2046,212
10133,10133,0,2047,0
10134,10134,0,2047,226
10135,10135,0,2046,895
10136,10136,0,2046,1829
10137,10137,0,2047,2813
10138,10138,0,2047,3616
10139,10139,0,2046,4051
10140,10140,0,2046,4019
10141,10141,0,2046,3525
10142,10142,0,2046,2684
10143,10143,0,2046,1693
10144,10144,0,2046,784
10145,10145,0,2047,166
10146,10146,0,2046,0
10147,10147,0,2046,279
10148,10148,0,2046,985
10149,10149,0,2046,1936
10150,10150,0,2046,2911
10151,10151,0,2046,3682
10152,10152,0,2047,4071
10153,10153,0,2047,3986
10154,10154,0,2046,3448
10155,10155,0,2046,2582
10156,10156,0,2047,1589
10157,10157,0,2046,700
10158,10158,0,2046,124
10159,10159,0,2046,0
10160,10160,0,2046,337
10161,10161,0,2046,1078
10162,10162,0,2046,2043
10163,10163,0,2047,3008
10164,10164,0,2046,3744
10165,10165,0,2047,4086
10166,10166,0,2046,3950
10167,10167,0,2046,3368
10168,10168,0,2046,2478
10169,10169,0,2046,1485
10170,10170,0,2047,622
10171,10171,0,2047,87
10172,10172,0,2046,7
10173,10173,0,2046,400
10174,10174,0,2046,1174
10175,10175,0,2046,2150
10176,10176,0,2046,3100
10177,10177,0,2047,3803
10178,10178,0,2046,4094
10179,10179,0,2047,3907
10180,10180,0,2046,3285
10181,10181,0,2047,2373
10182,10182,0,2046,1383
10183,10183,0,2046,545
10184,10184,0,2046,55
10185,10185,0,2047,27
10186,10186,0,2046,467
10187,10187,0,2046,1273
10188,10188,0,2047,2257
10189,10189,0,2047,3190
10190,10190,0,2046,3854
10191,10191,0,2046,4095
10192,10192,0,2046,3860
10193,10193,0,2046,3198
10194,10194,0,2046,2266
10195,10195,0,2046,1282
10196,10196,0,2046,474
10197,10197,0,2047,29
10198,10198,0,2046,52
10199,10199,0,2047,538
10200,10200,0,2046,1373
10201,10201,0,2047,2363
10202,10202,0,2046,3277
10203,10203,0,2046,3903
10204,10204,0,2046,4095
10205,10205,0,2046,3808
10206,10206,0,2046,3108
10207,10207,0,2046,2160
10208,10208,0,2046,1184
10209,10209,0,2047,406
10210,10210,0,2046,9
10211,10211,0,2046,83
10212,10212,0,2047,613
10213,10213,0,2046,1475
10214,10214,0,2046,2469
10215,10215,0,2046,3361
10216,10216,0,2047,3946
10217,10217,0,2046,4087
10218,10218,0,2047,3751
10219,10219,0,2046,3015
10220,10220,0,2046,2054
10221,10221,0,2046,1089
10222,10222,0,2046,344
10223,10223,0,2047,0
10224,10224,0,2046,119
10225,10225,0,2047,692
10226,10226,0,2047,1579
10227,10227,0,2047,2573
10228,10228,0,2046,3441
10229,10229,0,2046,3983
10230,10230,0,2046,4072
10231,10231,0,2047,3688
10232,10232,0,2047,2920
10233,10233,0,2046,1946
10234,10234,0,2046,994
10235,10235,0,2047,284
10236,10236,0,2047,0
10237,10237,0,2046,160
10238,10238,0,2047,775
10239,10239,0,2046,1684
10240,10240,0,2047,2675
10241,10241,0,2046,3518
10242,10242,0,2047,4016
10243,10243,0,2046,4054
10244,10244,0,2046,3622
10245,10245,0,2046,2822
10246,10246,0,2046,1839
10247,10247,0,2047,903
10248,10248,0,2047,231
10249,10249,0,2046,0
10250,10250,0,2046,208
10251,10251,0,2047,862
10252,10252,0,2046,1790
10253,10253,0,2046,2775
10254,10254,0,2047,3590
10255,10255,0,2046,4043
10256,10256,0,2047,4029
10257,10257,0,2046,3552
10258,10258,0,2046,2722
10259,10259,0,2046,1733
10260,10260,0,2046,815
10261,10261,0,2047,181
10262,10262,0,2047,0
10263,10263,0,2047,259
10264,10264,0,2046,951
10265,10265,0,2047,1897
10266,10266,0,2047,2874
10267,10267,0,2046,3659
10268,10268,0,2046,4064
10269,10269,0,2046,3999
10270,10270,0,2046,3477
10271,10271,0,2046,2621
10272,10272,0,2046,1628
10273,10273,0,2046,731
10274,10274,0,2047,139
10275,10275,0,2046,0
10276,10276,0,2046,315
10277,10277,0,2047,1044
10278,10278,0,2046,2003
10279,10279,0,2046,2971
10280,10280,0,2047,3721
10281,10281,0,2046,4081
10282,10282,0,2047,3964
10283,10283,0,2046,3398
10284,10284,0,2046,2517
10285,10285,0,2046,1523
10286,10286,0,2046,650
10287,10287,0,2046,100
10288,10288,0,2047,1
10289,10289,0,2046,377
10290,10290,0,2046,1139
10291,10291,0,2046,2110
10292,10292,0,2047,3065
10293,10293,0,2047,3782
10294,10294,0,2047,4091
10295,10295,0,2046,3924
10296,10296,0,2046,3317
10297,10297,0,2047,2412
10298,10298,0,2046,1420
10299,10299,0,2047,573
10300,10300,0,2046,66
10301,10301,0,2046,19
10302,10302,0,2046,442
10303,10303,0,2046,1237
10304,10304,0,2047,2218
10305,10305,0,2047,3156
10306,10306,0,2047,3836
10307,10307,0,2047,4095
10308,10308,0,2046,3877
10309,10309,0,2046,3231
10310,10310,0,2047,2306
10311,10311,0,2047,1319
10312,10312,0,2046,500
10313,10313,0,2046,38
10314,10314,0,2047,42
10315,10315,0,2046,511
10316,10316,0,2046,1335
10317,10317,0,2046,2324
10318,10318,0,2046,3244
10319,10319,0,2046,3886
10320,10320,0,2046,4095
10321,10321,0,2046,3828
10322,10322,0,2047,3142
10323,10323,0,2046,2199
10324,10324,0,2046,1220
10325,10325,0,2046,431
10326,10326,0,2047,15
10327,10327,0,2047,71
10328,10328,0,2046,585
10329,10329,0,2046,1438
10330,10330,0,2047,2429
10331,10331,0,2046,3330
10332,10332,0,2047,3931
10333,10333,0,2046,4090
10334,10334,0,2047,3772
10335,10335,0,2047,3050
10336,10336,0,2047,2094
10337,10337,0,2046,1123
10338,10338,0,2046,367
10339,10339,0,2047,0
10340,10340,0,2047,106
10341,10341,0,2047,663
10342,10342,0,2047,1541
10343,10343,0,2047,2533
10344,10344,0,2047,3412
10345,10345,0,2047,3970
10346,10346,0,2047,4078
10347,10347,0,2047,3712
10348,10348,0,2046,2956
10349,10349,0,2047,1986
10350,10350,0,2046,1029
10351,10351,0,2046,306
10352,10352,0,2046,0
10353,10353,0,2047,145
10354,10354,0,2046,745
10355,10355,0,2047,1645
10356,10356,0,2046,2637
10357,10357,0,2046,3489
10358,10358,0,2046,4004
10359,10359,0,2046,4062
10360,10360,0,2046,3648
10361,10361,0,2046,2859
10362,10362,0,2047,1879
10363,10363,0,2046,936
10364,10364,0,2046,250
10365,10365,0,2046,0
10366,10366,0,2047,190
10367,10367,0,2046,829
10368,10368,0,2046,1750
10369,10369,0,2047,2738
10370,10370,0,2046,3564
10371,10371,0,2046,4033
10372,10372,0,2047,4039
10373,10373,0,2046,3578
10374,10374,0,2046,2760
10375,10375,0,2046,1772
10376,10376,0,2047,847
10377,10377,0,2047,200
10378,10378,0,2047,0
10379,10379,0,2046,240
10380,10380,0,2046,918
10381,10381,0,2046,1857
10382,10382,0,2046,2838
10383,10383,0,2047,3633
10384,10384,0,2047,4057
10385,10385,0,2046,4011
10386,10386,0,2047,3506
10387,10387,0,2046,2659
10388,10388,0,2046,1666
10389,10389,0,2046,762
10390,10390,0,2046,154
10391,10391,0,2046,0
10392,10392,0,2047,294
10393,10393,0,2046,1009
10394,10394,0,2047,1964
10395,10395,0,2047,2936
10396,10396,0,2047,3699
10397,10397,0,2047,4075
10398,10398,0,2046,3978
10399,10399,0,2047,3428
10400,10400,0,2047,2555
10401,10401,0,2047,1563
10402,10402,0,2047,680
10403,10403,0,2046,114
10404,10404,0,2047,0
10405,10405,0,2046,353
10406,10406,0,2047,1103
10407,10407,0,2047,2071
10408,10408,0,2046,3031
10409,10409,0,2047,3759
10410,10410,0,2046,4088
10411,10411,0,2047,3939
10412,10412,0,2047,3348
10413,10413,0,2046,2451
10414,10414,0,2046,1459
10415,10415,0,2047,601
10416,10416,0,2047,78
10417,10417,0,2047,12
10418,10418,0,2046,417
10419,10419,0,2047,1200
10420,10420,0,2046,2177
10421,10421,0,2046,3123
10422,10422,0,2047,3816
10423,10423,0,2046,4095
10424,10424,0,2047,3895
10425,10425,0,2047,3264
10426,10426,0,2047,2346
10427,10427,0,2047,1357
10428,10428,0,2046,527
10429,10429,0,2047,48
10430,10430,0,2046,33
10431,10431,0,2046,485
10432,10432,0,2046,1299
10433,10433,0,2047,2284
10434,10434,0,2046,3213
10435,10435,0,2047,3868
10436,10436,0,2046,4095
10437,10437,0,2046,3847
10438,10438,0,2046,3176
10439,10439,0,2046,2240
10440,10440,0,2047,1257
10441,10441,0,2046,457
10442,10442,0,2046,24
10443,10443,0,2047,60
10444,10444,0,2047,558
10445,10445,0,2047,1400
10446,10446,0,2047,2390
10447,10447,0,2047,3299
10448,10448,0,2046,3915
10449,10449,0,2046,4093
10450,10450,0,2047,3793
10451,10451,0,2046,3085
10452,10452,0,2047,2132
10453,10453,0,2046,1159
10454,10454,0,2046,390
10455,10455,0,2046,5
10456,10456,0,2047,92
10457,10457,0,2046,633
10458,10458,0,2047,1502
10459,10459,0,2046,2495
10460,10460,0,2046,3383
10461,10461,0,2046,3956
10462,10462,0,2046,4084
10463,10463,0,2046,3734
10464,10464,0,2047,2991
10465,10465,0,2047,2026
10466,10466,0,2047,1064
10467,10467,0,2046,328
10468,10468,0,2046,0
10469,10469,0,2047,130
10470,10470,0,2046,713
10471,10471,0,2046,1606
10472,10472,0,2046,2599
10473,10473,0,2046,3461
10474,10474,0,2047,3992
10475,10475,0,2047,4069
10476,10476,0,2046,3672
10477,10477,0,2046,2895
10478,10478,0,2046,1918
10479,10479,0,2046,971
10480,10480,0,2047,271
10481,10481,0,2047,0
10482,10482,0,2047,173
10483,10483,0,2046,798
10484,10484,0,2046,1712
10485,10485,0,2046,2700
10486,10486,0,2046,3536
10487,10487,0,2046,4024
10488,10488,0,2046,4048
10489,10489,0,2047,3605
10490,10490,0,2046,2797
10491,10491,0,2046,1812
10492,10492,0,2047,881
10493,10493,0,2046,219
10494,10494,0,2046,0
10495,10495,0,2046,220
10496,10496,0,2047,884
10497,10497,0,2046,1817
10498,10498,0,2047,2802
10499,10499,0,2046,3608
10500,10500,0,2047,4049
10501,10501,0,2047,4022
10502,10502,0,2046,3533
10503,10503,0,2046,2696
10504,10504,0,2047,1706
10505,10505,0,2047,794
10506,10506,0,2046,171
10507,10507,0,2046,0
10508,10508,0,2046,274
10509,10509,0,2047,975
10510,10510,0,2047,1924
10511,10511,0,2046,2900
10512,10512,0,2047,3675
10513,10513,0,2046,4069
10514,10514,0,2047,3991
10515,10515,0,2047,3458
10516,10516,0,2047,2593
10517,10517,0,2047,1601
10518,10518,0,2047,710
10519,10519,0,2046,128
10520,10520,0,2046,0
10521,10521,0,2046,331
10522,10522,0,2047,1068
10523,10523,0,2047,2031
10524,10524,0,2046,2996
10525,10525,0,2047,3738
10526,10526,0,2046,4085
10527,10527,0,2046,3954
10528,10528,0,2047,3378
10529,10529,0,2046,2491
10530,10530,0,2047,1498
10531,10531,0,2047,630
10532,10532,0,2046,91
10533,10533,0,2046,5
10534,10534,0,2047,393
10535,10535,0,2046,1164
10536,10536,0,2046,2137
10537,10537,0,2047,3089
10538,10538,0,2046,3796
10539,10539,0,2046,4093
10540,10540,0,2046,3912
10541,10541,0,2047,3295
10542,10542,0,2046,2385
10543,10543,0,2047,1395
10544,10544,0,2046,554
10545,10545,0,2046,59
10546,10546,0,2046,24
10547,10547,0,2046,459
10548,10548,0,2047,1262
10549,10549,0,2046,2244
10550,10550,0,2047,3179
10551,10551,0,2046,3850
10552,10552,0,2046,4095
10553,10553,0,2046,3865
10554,10554,0,2046,3208
10555,10555,0,2046,2279
10556,10556,0,2047,1294
10557,10557,0,2046,482
10558,10558,0,2047,31
10559,10559,0,2047,50
10560,10560,0,2046,530
10561,10561,0,2046,1362
10562,10562,0,2046,2351
10563,10563,0,2046,3266
10564,10564,0,2046,3898
10565,10565,0,2046,4095
10566,10566,0,2047,3814
10567,10567,0,2046,3118
10568,10568,0,2046,2172
10569,10569,0,2046,1195
10570,10570,0,2046,414
10571,10571,0,2047,11
10572,10572,0,2046,80
10573,10573,0,2047,605
10574,10574,0,2046,1463
10575,10575,0,2047,2457
10576,10576,0,2046,3352
10577,10577,0,2046,3942
10578,10578,0,2046,4087
10579,10579,0,2046,3757
10580,10580,0,2046,3026
10581,10581,0,2047,2066
10582,10582,0,2046,1098
10583,10583,0,2047,350
10584,10584,0,2046,0
10585,10585,0,2047,115
10586,10586,0,2046,683
10587,10587,0,2046,1567
10588,10588,0,2046,2560
10589,10589,0,2046,3432
10590,10590,0,2047,3979
10591,10591,0,2047,4075
10592,10592,0,2046,3695
10593,10593,0,2046,2930
10594,10594,0,2046,1958
10595,10595,0,2047,1005
10596,10596,0,2047,291
10597,10597,0,2046,0
10598,10598,0,2046,156
10599,10599,0,2047,765
10600,10600,0,2047,1672
10601,10601,0,2046,2664
10602,10602,0,2046,3509
10603,10603,0,2046,4013
10604,10604,0,2047,4057
10605,10605,0,2046,3630
10606,10606,0,2047,2833
10607,10607,0,2046,1852
10608,10608,0,2046,913
10609,10609,0,2046,238
10610,10610,0,2046,0
10611,10611,0,2046,202
10612,10612,0,2046,852
10613,10613,0,2047,1778
10614,10614,0,2047,2764
10615,10615,0,2047,3581
10616,10616,0,2047,4040
10617,10617,0,2046,4033
10618,10618,0,2046,3560
10619,10619,0,2046,2733
10620,10620,0,2047,1745
10621,10621,0,2046,825
10622,10622,0,2047,187
10623,10623,0,2046,0
10624,10624,0,2047,253
10625,10625,0,2047,941
10626,10626,0,2047,1884
10627,10627,0,2046,2863
10628,10628,0,2046,3650
10629,10629,0,2046,4062
10630,10630,0,2046,4003
10631,10631,0,2047,3486
10632,10632,0,2047,2633
10633,10633,0,2047,1640
10634,10634,0,2046,740
10635,10635,0,2046,143
10636,10636,0,2046,0
10637,10637,0,2047,308
10638,10638,0,2047,1032
10639,10639,0,2047,1991
10640,10640,0,2046,2961
10641,10641,0,2046,3714
10642,10642,0,2047,4079
10643,10643,0,2047,3968
10644,10644,0,2047,3408
10645,10645,0,2047,2528
10646,10646,0,2047,1536
10647,10647,0,2047,660
10648,10648,0,2046,104
10649,10649,0,2047,0
10650,10650,0,2046,369
10651,10651,0,2047,1128
10652,10652,0,2046,2099
10653,10653,0,2047,3055
10654,10654,0,2047,3775
10655,10655,0,2047,4091
10656,10656,0,2047,3929
10657,10657,0,2047,3326
10658,10658,0,2046,2424
10659,10659,0,2047,1432
10660,10660,0,2046,582
10661,10661,0,2047,69
10662,10662,0,2046,16
10663,10663,0,2047,434
10664,10664,0,2047,1225
10665,10665,0,2047,2205
10666,10666,0,2047,3146
10667,10667,0,2047,3830
10668,10668,0,2047,4095
10669,10669,0,2047,3883
10670,10670,0,2047,3241
10671,10671,0,2046,2319
10672,10672,0,2047,1331
10673,10673,0,2046,508
10674,10674,0,2047,41
10675,10675,0,2047,40
10676,10676,0,2047,503
10677,10677,0,2047,1325
10678,10678,0,2046,2311
10679,10679,0,2046,3235
10680,10680,0,2046,3880
10681,10681,0,2046,4095
10682,10682,0,2047,3834
10683,10683,0,2046,3153
10684,10684,0,2046,2211
10685,10685,0,2045,1232
10686,10686,0,2047,439
10687,10687,0,2047,18
10688,10688,0,2047,68
10689,10689,0,2046,577
10690,10690,0,2047,1425
10691,10691,0,2046,2417
10692,10692,0,2047,3320
10693,10693,0,2046,3925
10694,10694,0,2047,4091
10695,10695,0,2047,3778
10696,10696,0,2046,3060
10697,10697,0,2046,2105
10698,10698,0,2046,1134
10699,10699,0,2047,373
10700,10700,0,2047,0
10701,10701,0,2046,101
10702,10702,0,2046,654
10703,10703,0,2046,1528
10704,10704,0,2046,2522
10705,10705,0,2047,3402
10706,10706,0,2047,3965
10707,10707,0,2046,4080
10708,10708,0,2046,3719
10709,10709,0,2046,2966
10710,10710,0,2047,1998
10711,10711,0,2046,1040
10712,10712,0,2047,313
10713,10713,0,2046,0
10714,10714,0,2047,140
10715,10715,0,2046,735
10716,10716,0,2046,1633
10717,10717,0,2045,2625
10718,10718,0,2046,3481
10719,10719,0,2046,4000
10720,10720,0,2047,4063
10721,10721,0,2046,3656
10722,10722,0,2047,2870
10723,10723,0,2047,1892
10724,10724,0,2046,947
10725,10725,0,2046,257
10726,10726,0,2046,0
10727,10727,0,2046,184
10728,10728,0,2047,819
10729,10729,0,2047,1738
10730,10730,0,2046,2727
10731,10731,0,2047,3555
10732,10732,0,2046,4030
10733,10733,0,2046,4042
10734,10734,0,2046,3587
10735,10735,0,2046,2771
10736,10736,0,2046,1785
10737,10737,0,2046,858
10738,10738,0,2046,205
10739,10739,0,2047,0
10740,10740,0,2046,233
10741,10741,0,2047,907
10742,10742,0,2046,1845
10743,10743,0,2046,2827
10744,10744,0,2047,3625
10745,10745,0,2046,4054
10746,10746,0,2047,4015
10747,10747,0,2047,3514
10748,10748,0,2047,2670
10749,10749,0,2047,1679
10750,10750,0,2046,772
10751,10751,0,2046,159
10752,10752,0,2046,0
10753,10753,0,2047,288
10754,10754,0,2047,998
10755,10755,0,2047,1951
10756,10756,0,2047,2925
10757,10757,0,2046,3692
10758,10758,0,2047,4074
10759,10759,0,2046,3982
10760,10760,0,2046,3437
10761,10761,0,2047,2567
10762,10762,0,2046,1574
10763,10763,0,2046,689
10764,10764,0,2046,118
10765,10765,0,2046,0
10766,10766,0,2047,345
10767,10767,0,2046,1091
10768,10768,0,2046,2059
10769,10769,0,2046,3020
10770,10770,0,2046,3753
10771,10771,0,2046,4086
10772,10772,0,2046,3944
10773,10773,0,2047,3357
10774,10774,0,2047,2463
10775,10775,0,2047,1471
10776,10776,0,2047,609
10777,10777,0,2047,82
10778,10778,0,2046,9
10779,10779,0,2047,409
10780,10780,0,2047,1188
10781,10781,0,2046,2165
10782,10782,0,2046,3113
10783,10783,0,2046,3810
10784,10784,0,2047,4094
10785,10785,0,2046,3900
10786,10786,0,2047,3273
10787,10787,0,2047,2358
10788,10788,0,2047,1369
10789,10789,0,2047,535
10790,10790,0,2047,51
10791,10791,0,2047,30
10792,10792,0,2046,477
10793,10793,0,2046,1287
10794,10794,0,2047,2271
10795,10795,0,2046,3203
10796,10796,0,2047,3862
10797,10797,0,2046,4095
10798,10798,0,2047,3853
10799,10799,0,2046,3185
10800,10800,0,2046,2252
10801,10801,0,2047,1268
10802,10802,0,2046,464
10803,10803,0,2046,26
10804,10804,0,2046,56
10805,10805,0,2046,548
10806,10806,0,2047,1388
10807,10807,0,2047,2377
10808,10808,0,2046,3289
10809,10809,0,2046,3909
10810,10810,0,2046,4094
10811,10811,0,2047,3799
10812,10812,0,2046,3095
10813,10813,0,2047,2145
10814,10814,0,2046,1170
10815,10815,0,2046,397
10816,10816,0,2047,6
10817,10817,0,2046,88
10818,10818,0,2046,625
10819,10819,0,2046,1491
10820,10820,0,2047,2484
10821,10821,0,2047,3373
10822,10822,0,2047,3951
10823,10823,0,2046,4084
10824,10824,0,2046,3742
10825,10825,0,2047,3002
10826,10826,0,2046,2038
10827,10827,0,2046,1074
10828,10828,0,2046,335
10829,10829,0,2046,0
10830,10830,0,2046,125
10831,10831,0,2046,705
10832,10832,0,2047,1595
10833,10833,0,2046,2588
10834,10834,0,2047,3452
10835,10835,0,2047,3988
10836,10836,0,2047,4070
10837,10837,0,2046,3679
10838,10838,0,2047,2906
10839,10839,0,2046,1931
10840,10840,0,2046,981
10841,10841,0,2047,277
10842,10842,0,2047,0
10843,10843,0,2047,167
10844,10844,0,2046,788
10845,10845,0,2047,1699
10846,10846,0,2046,2689
10847,10847,0,2046,3528
10848,10848,0,2046,4020
10849,10849,0,2046,4051
10850,10850,0,2046,3612
10851,10851,0,2046,2807
10852,10852,0,2046,1824
10853,10853,0,2047,890
10854,10854,0,2047,224
10855,10855,0,2047,0
10856,10856,0,2046,214
10857,10857,0,2047,874
10858,10858,0,2046,1804
10859,10859,0,2046,2790
10860,10860,0,2046,3599
10861,10861,0,2046,4046
10862,10862,0,2047,4025
10863,10863,0,2047,3542
10864,10864,0,2046,2707
10865,10865,0,2046,1718
10866,10866,0,2046,803
10867,10867,0,2046,176
10868,10868,0,2046,0
10869,10869,0,2047,267
10870,10870,0,2046,964
10871,10871,0,2047,1911
10872,10872,0,2046,2889
10873,10873,0,2046,3668
10874,10874,0,2047,4067
10875,10875,0,2047,3994
10876,10876,0,2047,3465
10877,10877,0,2046,2606
10878,10878,0,2047,1613
10879,10879,0,2046,719
10880,10880,0,2047,133
10881,10881,0,2047,0
10882,10882,0,2046,324
10883,10883,0,2047,1057
10884,10884,0,2046,2019
10885,10885,0,2047,2984
10886,10886,0,2046,3731
10887,10887,0,2047,4083
10888,10888,0,2046,3959
10889,10889,0,2046,3387
10890,10890,0,2046,2501
10891,10891,0,2046,1509
10892,10892,0,2047,639
10893,10893,0,2046,94
10894,10894,0,2047,3
10895,10895,0,2046,385
10896,10896,0,2046,1153
10897,10897,0,2047,2126
10898,10898,0,2047,3078
10899,10899,0,2047,3790
10900,10900,0,2046,4092
10901,10901,0,2046,3917
10902,10902,0,2047,3304
10903,10903,0,2046,2396
10904,10904,0,2046,1406
10905,10905,0,2046,562
10906,10906,0,2046,62
10907,10907,0,2047,22
10908,10908,0,2047,452
10909,10909,0,2047,1250
10910,10910,0,2047,2232
10911,10911,0,2047,3169
10912,10912,0,2046,3843
10913,10913,0,2047,4095
10914,10914,0,2047,3871
10915,10915,0,2046,3218
10916,10916,0,2046,2290
10917,10917,0,2046,1305
10918,10918,0,2046,489
10919,10919,0,2046,34
10920,10920,0,2046,46
10921,10921,0,2047,522
10922,10922,0,2047,1350
10923,10923,0,2046,2339
10924,10924,0,2047,3258
10925,10925,0,2046,3893
10926,10926,0,2047,4095
10927,10927,0,2046,3820
10928,10928,0,2047,3129
10929,10929,0,2046,2185
10930,10930,0,2047,1206
10931,10931,0,2046,422
10932,10932,0,2047,14
10933,10933,0,2046,76
10934,10934,0,2046,595
10935,10935,0,2047,1452
10936,10936,0,2047,2445
10937,10937,0,2047,3342
10938,10938,0,2047,3936
10939,10939,0,2047,4090
10940,10940,0,2046,3764
10941,10941,0,2046,3037
10942,10942,0,2046,2078
10943,10943,0,2046,1109
10944,10944,0,2047,357
10945,10945,0,2046,0
10946,10946,0,2046,112
10947,10947,0,2046,675
10948,10948,0,2047,1555
10949,10949,0,2046,2549
10950,10950,0,2047,3423
10951,10951,0,2047,3975
10952,10952,0,2046,4076
10953,10953,0,2047,3703
10954,10954,0,2047,2942
10955,10955,0,2047,1970
10956,10956,0,2046,1015
10957,10957,0,2046,297
10958,10958,0,2046,0
10959,10959,0,2046,151
10960,10960,0,2046,756
10961,10961,0,2046,1660
10962,10962,0,2046,2652
10963,10963,0,2046,3500
10964,10964,0,2046,4009
10965,10965,0,2046,4058
10966,10966,0,2047,3638
10967,10967,0,2046,2844
10968,10968,0,2046,1864
10969,10969,0,2047,923
10970,10970,0,2046,243
10971,10971,0,2046,0
10972,10972,0,2046,196
10973,10973,0,2047,841
10974,10974,0,2047,1766
10975,10975,0,2047,2753
10976,10976,0,2046,3574
10977,10977,0,2046,4037
10978,10978,0,2046,4035
10979,10979,0,2047,3569
10980,10980,0,2047,2745
10981,10981,0,2046,1757
10982,10982,0,2046,835
10983,10983,0,2046,193
10984,10984,0,2047,0
10985,10985,0,2047,247
10986,10986,0,2046,930
10987,10987,0,2047,1872
10988,10988,0,2046,2852
10989,10989,0,2047,3643
10990,10990,0,2047,4060
10991,10991,0,2046,4006
10992,10992,0,2047,3494
10993,10993,0,2046,2643
10994,10994,0,2046,1652
10995,10995,0,2047,750
10996,10996,0,2047,148
10997,10997,0,2046,0
10998,10998,0,2046,302
10999,10999,0,2047,1022
11000,11000,0,2046,1979
11001,11001,0,2046,2950
11002,11002,0,2047,3707
11003,11003,0,2047,4078
11004,11004,0,2046,3973
11005,11005,0,2046,3417
11006,11006,0,2046,2541
11007,11007,0,2046,1547
11008,11008,0,2046,668
11009,11009,0,2047,109
11010,11010,0,2047,0
11011,11011,0,2047,362
11012,11012,0,2047,1117
11013,11013,0,2046,2086
11014,11014,0,2046,3044
11015,11015,0,2047,3768
11016,11016,0,2046,4090
11017,11017,0,2046,3933
11018,11018,0,2047,3336
11019,11019,0,2047,2435
11020,11020,0,2047,1444
11021,11021,0,2046,591
11022,11022,0,2047,74
11023,11023,0,2046,14
11024,11024,0,2047,427
11025,11025,0,2047,1214
11026,11026,0,2046,2193
11027,11027,0,2046,3136
11028,11028,0,2046,3824
11029,11029,0,2046,4095
11030,11030,0,2046,3888
11031,11031,0,2047,3250
11032,11032,0,2046,2330
11033,11033,0,2046,1342
11034,11034,0,2047,516
11035,11035,0,2047,44
11036,11036,0,2047,37
11037,11037,0,2046,495
11038,11038,0,2046,1313
11039,11039,0,2046,2300
11040,11040,0,2046,3225
11041,11041,0,2046,3874
11042,11042,0,2047,4095
11043,11043,0,2046,3839
11044,11044,0,2046,3163
11045,11045,0,2047,2224
11046,11046,0,2046,1243
11047,11047,0,2047,446
11048,11048,0,2046,20
11049,11049,0,2047,64
11050,11050,0,2046,568
11051,11051,0,2046,1414
11052,11052,0,2046,2405
11053,11053,0,2047,3311
11054,11054,0,2046,3921
11055,11055,0,2047,4093
11056,11056,0,2047,3785
11057,11057,0,2046,3071
11058,11058,0,2046,2117
11059,11059,0,2046,1145
11060,11060,0,2046,380
11061,11061,0,2046,2
11062,11062,0,2046,97
11063,11063,0,2047,645
11064,11064,0,2046,1517
11065,11065,0,2046,2510
11066,11066,0,2046,3394
11067,11067,0,2047,3961
11068,11068,0,2046,4082
11069,11069,0,2046,3726
11070,11070,0,2046,2978
11071,11071,0,2047,2010
11072,11072,0,2046,1051
11073,11073,0,2046,319
11074,11074,0,2046,0
11075,11075,0,2046,136
11076,11076,0,2047,726
11077,11077,0,2046,1621
11078,11078,0,2046,2613
11079,11079,0,2047,3471
11080,11080,0,2047,3997
11081,11081,0,2046,4066
11082,11082,0,2047,3663
11083,11083,0,2046,2880
11084,11084,0,2046,1904
11085,11085,0,2046,957
11086,11086,0,2046,263
11087,11087,0,2046,0
11088,11088,0,2046,179
11089,11089,0,2046,810
11090,11090,0,2046,1726
11091,11091,0,2046,2715
11092,11092,0,2046,3547
11093,11093,0,2047,4027
11094,11094,0,2046,4045
11095,11095,0,2046,3594
11096,11096,0,2046,2782
11097,11097,0,2046,1797
11098,11098,0,2046,867
11099,11099,0,2047,211
11100,11100,0,2047,0
11101,11101,0,2046,228
11102,11102,0,2046,897
11103,11103,0,2046,1833
11104,11104,0,2046,2816
11105,11105,0,2046,3618
11106,11106,0,2047,4052
11107,11107,0,2046,4018
11108,11108,0,2047,3522
11109,11109,0,2046,2682
11110,11110,0,2046,1691
11111,11111,0,2047,781
11112,11112,0,2047,164
11113,11113,0,2047,0
11114,11114,0,2047,281
11115,11115,0,2046,987
11116,11116,0,2047,1939
11117,11117,0,2047,2914
11118,11118,0,2047,3684
11119,11119,0,2047,4071
11120,11120,0,2046,3986
11121,11121,0,2047,3446
11122,11122,0,2047,2579
11123,11123,0,2046,1586
11124,11124,0,2046,698
11125,11125,0,2047,122
11126,11126,0,2047,0
11127,11127,0,2046,339
11128,11128,0,2046,1081
11129,11129,0,2047,2047
11130,11130,0,2047,3010
11131,11131,0,2047,3746
11132,11132,0,2047,4086
11133,11133,0,2046,3948
11134,11134,0,2046,3366
11135,11135,0,2046,2475
11136,11136,0,2046,1482
11137,11137,0,2046,619
11138,11138,0,2046,87
11139,11139,0,2047,8
11140,11140,0,2047,401
11141,11141,0,2046,1178
11142,11142,0,2046,2153
11143,11143,0,2046,3103
11144,11144,0,2047,3804
11145,11145,0,2046,4094
11146,11146,0,2047,3905
11147,11147,0,2046,3283
11148,11148,0,2046,2370
11149,11149,0,2046,1380
11150,11150,0,2046,543
11151,11151,0,2047,54
11152,11152,0,2046,27
11153,11153,0,2047,469
11154,11154,0,2046,1276
11155,11155,0,2046,2260
11156,11156,0,2046,3192
11157,11157,0,2046,3856
11158,11158,0,2046,4095
11159,11159,0,2047,3858
11160,11160,0,2046,3196
11161,11161,0,2046,2263
11162,11162,0,2046,1279
11163,11163,0,2047,471
11164,11164,0,2046,29
11165,11165,0,2047,53
11166,11166,0,2047,540
11167,11167,0,2046,1376
11168,11168,0,2046,2366
11169,11169,0,2046,3279
11170,11170,0,2047,3904
11171,11171,0,2047,4095
11172,11172,0,2047,3806
11173,11173,0,2047,3106
11174,11174,0,2046,2157
11175,11175,0,2046,1181
11176,11176,0,2046,405
11177,11177,0,2047,8
11178,11178,0,2046,84
11179,11179,0,2047,616
11180,11180,0,2046,1478
11181,11181,0,2046,2471
11182,11182,0,2046,3363
11183,11183,0,2046,3946
11184,11184,0,2046,4086
11185,11185,0,2047,3749
11186,11186,0,2047,3013
11187,11187,0,2047,2050
11188,11188,0,2046,1084
11189,11189,0,2047,342
11190,11190,0,2046,0
11191,11191,0,2046,121
11192,11192,0,2047,695
11193,11193,0,2047,1583
11194,11194,0,2047,2575
11195,11195,0,2046,3443
11196,11196,0,2046,3984
11197,11197,0,2047,4072
11198,11198,0,2047,3687
11199,11199,0,2047,2916
11200,11200,0,2046,1943
11201,11201,0,2046,992
11202,11202,0,2046,283
11203,11203,0,2047,0
11204,11204,0,2047,162
11205,11205,0,2046,778
11206,11206,0,2046,1687
11207,11207,0,2047,2678
11208,11208,0,2046,3519
11209,11209,0,2047,4017
11210,11210,0,2046,4053
11211,11211,0,2046,3620
11212,11212,0,2047,2819
11213,11213,0,2047,1836
11214,11214,0,2046,900
11215,11215,0,2047,230
11216,11216,0,2047,0
11217,11217,0,2047,209
11218,11218,0,2047,865
11219,11219,0,2046,1793
11220,11220,0,2046,2778
11221,11221,0,2047,3592
11222,11222,0,2046,4043
11223,11223,0,2046,4029
11224,11224,0,2046,3549
11225,11225,0,2047,2719
11226,11226,0,2046,1730
11227,11227,0,2046,813
11228,11228,0,2046,181
11229,11229,0,2047,0
11230,11230,0,2046,261
11231,11231,0,2046,954
11232,11232,0,2046,1899
11233,11233,0,2047,2877
11234,11234,0,2046,3660
11235,11235,0,2046,4065
11236,11236,0,2046,3998
11237,11237,0,2046,3475
11238,11238,0,2046,2617
11239,11239,0,2047,1625
11240,11240,0,2046,729
11241,11241,0,2047,137
11242,11242,0,2047,0
11243,11243,0,2047,317
11244,11244,0,2046,1046
11245,11245,0,2047,2007
11246,11246,0,2047,2974
11247,11247,0,2046,3723
11248,11248,0,2046,4082
11249,11249,0,2046,3963
11250,11250,0,2047,3396
11251,11251,0,2047,2514
11252,11252,0,2046,1520
11253,11253,0,2046,648
11254,11254,0,2047,99
11255,11255,0,2047,1
11256,11256,0,2047,378
11257,11257,0,2046,1141
11258,11258,0,2046,2114
11259,11259,0,2046,3068
11260,11260,0,2047,3783
11261,11261,0,2046,4092
11262,11262,0,2046,3923
11263,11263,0,2047,3314
11264,11264,0,2046,2409
11265,11265,0,2046,1418
11266,11266,0,2047,570
11267,11267,0,2046,65
11268,11268,0,2046,20
11269,11269,0,2046,445
11270,11270,0,2046,1239
11271,11271,0,2046,2220
11272,11272,0,2046,3159
11273,11273,0,2046,3837
11274,11274,0,2047,4095
11275,11275,0,2047,3877
11276,11276,0,2047,3229
11277,11277,0,2046,2303
11278,11278,0,2047,1317
11279,11279,0,2046,498
11280,11280,0,2046,37
11281,11281,0,2046,43
11282,11282,0,2046,513
11283,11283,0,2047,1339
11284,11284,0,2047,2327
11285,11285,0,2046,3248
11286,11286,0,2047,3887
11287,11287,0,2047,4095
11288,11288,0,2046,3826
11289,11289,0,2047,3139
11290,11290,0,2047,2197
11291,11291,0,2047,1217
11292,11292,0,2047,429
11293,11293,0,2046,14
11294,11294,0,2047,73
11295,11295,0,2046,587
11296,11296,0,2046,1440
11297,11297,0,2047,2432
11298,11298,0,2046,3332
11299,11299,0,2046,3932
11300,11300,0,2047,4090
11301,11301,0,2046,3771
11302,11302,0,2047,3048
11303,11303,0,2047,2090
11304,11304,0,2047,1119
11305,11305,0,2047,364
11306,11306,0,2047,0
11307,11307,0,2047,106
11308,11308,0,2047,666
11309,11309,0,2046,1544
11310,11310,0,2047,2537
11311,11311,0,2047,3415
11312,11312,0,2046,3971
11313,11313,0,2047,4079
11314,11314,0,2047,3710
11315,11315,0,2046,2953
11316,11316,0,2046,1983
11317,11317,0,2047,1026
11318,11318,0,2046,304
11319,11319,0,2047,0
11320,11320,0,2047,146
11321,11321,0,2047,747
11322,11322,0,2047,1648
11323,11323,0,2047,2640
11324,11324,0,2047,3491
11325,11325,0,2047,4005
11326,11326,0,2047,4061
11327,11327,0,2046,3646
11328,11328,0,2046,2856
11329,11329,0,2046,1875
11330,11330,0,2046,934
11331,11331,0,2047,249
11332,11332,0,2046,0
11333,11333,0,2047,191
11334,11334,0,2047,832
11335,11335,0,2047,1754
11336,11336,0,2046,2742
11337,11337,0,2046,3566
11338,11338,0,2047,4034
11339,11339,0,2047,4039
11340,11340,0,2047,3576
11341,11341,0,2047,2756
11342,11342,0,2047,1770
11343,11343,0,2046,845
11344,11344,0,2046,198
11345,11345,0,2047,0
11346,11346,0,2047,241
11347,11347,0,2046,921
11348,11348,0,2046,1860
11349,11349,0,2047,2841
11350,11350,0,2047,3635
11351,11351,0,2046,4058
11352,11352,0,2047,4010
11353,11353,0,2047,3503
11354,11354,0,2046,2655
11355,11355,0,2047,1663
11356,11356,0,2047,760
11357,11357,0,2047,153
11358,11358,0,2047,0
11359,11359,0,2047,296
11360,11360,0,2046,1011
11361,11361,0,2046,1967
11362,11362,0,2047,2939
11363,11363,0,2046,3701
11364,11364,0,2047,4076
11365,11365,0,2047,3977
11366,11366,0,2046,3426
11367,11367,0,2046,2552
11368,11368,0,2046,1559
11369,11369,0,2046,677
11370,11370,0,2046,112
11371,11371,0,2047,0
11372,11372,0,2047,354
11373,11373,0,2046,1105
11374,11374,0,2047,2073
11375,11375,0,2047,3033
11376,11376,0,2047,3762
11377,11377,0,2046,4089
11378,11378,0,2046,3938
11379,11379,0,2046,3346
11380,11380,0,2047,2448
11381,11381,0,2046,1455
11382,11382,0,2047,598
11383,11383,0,2046,77
11384,11384,0,2046,12
11385,11385,0,2046,419
11386,11386,0,2047,1203
11387,11387,0,2047,2181
11388,11388,0,2046,3126
11389,11389,0,2046,3818
11390,11390,0,2046,4095
11391,11391,0,2046,3894
11392,11392,0,2046,3260
11393,11393,0,2047,2342
11394,11394,0,2047,1353
11395,11395,0,2046,524
11396,11396,0,2047,47
11397,11397,0,2047,34
11398,11398,0,2046,487
11399,11399,0,2047,1301
11400,11400,0,2047,2287
11401,11401,0,2046,3215
11402,11402,0,2046,3869
11403,11403,0,2046,4095
11404,11404,0,2047,3844
11405,11405,0,2046,3173
11406,11406,0,2047,2236
11407,11407,0,2047,1254
11408,11408,0,2046,454
11409,11409,0,2047,22
11410,11410,0,2047,61
11411,11411,0,2047,559
11412,11412,0,2046,1402
11413,11413,0,2045,2393
11414,11414,0,2047,3302
11415,11415,0,2046,3916
11416,11416,0,2046,4093
11417,11417,0,2046,3792
11418,11418,0,2046,3082
11419,11419,0,2046,2129
11420,11420,0,2046,1155
11421,11421,0,2046,388
11422,11422,0,2046,4
11423,11423,0,2047,93
11424,11424,0,2046,636
11425,11425,0,2047,1506
11426,11426,0,2046,2498
11427,11427,0,2046,3384
11428,11428,0,2046,3957
11429,11429,0,2046,4083
11430,11430,0,2047,3733
11431,11431,0,2046,2988
11432,11432,0,2046,2022
11433,11433,0,2047,1060
11434,11434,0,2046,325
11435,11435,0,2047,0
11436,11436,0,2047,131
11437,11437,0,2046,716
11438,11438,0,2047,1609
11439,11439,0,2047,2602
11440,11440,0,2046,3463
11441,11441,0,2047,3993
11442,11442,0,2047,4068
11443,11443,0,2046,3670
11444,11444,0,2047,2892
11445,11445,0,2046,1915
11446,11446,0,2047,968
11447,11447,0,2046,269
11448,11448,0,2047,0
11449,11449,0,2047,174
11450,11450,0,2046,800
11451,11451,0,2047,1714
11452,11452,0,2047,2704
11453,11453,0,2047,3539
11454,11454,0,2046,4024
11455,11455,0,2047,4047
11456,11456,0,2046,3602
11457,11457,0,2047,2793
11458,11458,0,2046,1809
11459,11459,0,2046,877
11460,11460,0,2047,216
11461,11461,0,2047,0
11462,11462,0,2047,222
11463,11463,0,2046,888
11464,11464,0,2046,1820
11465,11465,0,2047,2805
11466,11466,0,2047,3611
11467,11467,0,2046,4049
11468,11468,0,2047,4021
11469,11469,0,2047,3531
11470,11470,0,2046,2693
11471,11471,0,2046,1702
11472,11472,0,2046,791
11473,11473,0,2047,169
11474,11474,0,2046,0
11475,11475,0,2046,275
11476,11476,0,2046,977
11477,11477,0,2047,1927
11478,11478,0,2046,2903
11479,11479,0,2047,3677
11480,11480,0,2047,4070
11481,11481,0,2046,3990
11482,11482,0,2047,3455
11483,11483,0,2046,2590
11484,11484,0,2047,1598
11485,11485,0,2046,707
11486,11486,0,2047,127
11487,11487,0,2046,0
11488,11488,0,2047,332
11489,11489,0,2047,1071
11490,11490,0,2047,2035
11491,11491,0,2047,2999
11492,11492,0,2046,3739
11493,11493,0,2047,4084
11494,11494,0,2047,3953
11495,11495,0,2046,3375
11496,11496,0,2047,2487
11497,11497,0,2047,1494
11498,11498,0,2046,627
11499,11499,0,2047,90
11500,11500,0,2047,5
11501,11501,0,2047,394
11502,11502,0,2047,1166
11503,11503,0,2046,2142
11504,11504,0,2046,3092
11505,11505,0,2047,3797
11506,11506,0,2047,4093
11507,11507,0,2046,3911
11508,11508,0,2047,3293
11509,11509,0,2047,2382
11510,11510,0,2046,1391
11511,11511,0,2046,551
11512,11512,0,2046,58
11513,11513,0,2046,25
11514,11514,0,2046,462
11515,11515,0,2046,1264
11516,11516,0,2047,2248
11517,11517,0,2046,3183
11518,11518,0,2047,3851
11519,11519,0,2047,4095
11520,11520,0,2046,3864
11521,11521,0,2047,3206
11522,11522,0,2047,2276
11523,11523,0,2046,1290
11524,11524,0,2046,480
11525,11525,0,2047,31
11526,11526,0,2047,51
11527,11527,0,2047,532
11528,11528,0,2047,1366
11529,11529,0,2046,2354
11530,11530,0,2047,3270
11531,11531,0,2046,3899
11532,11532,0,2046,4095
11533,11533,0,2047,3812
11534,11534,0,2046,3116
11535,11535,0,2046,2169
11536,11536,0,2047,1192
11537,11537,0,2046,412
11538,11538,0,2046,10
11539,11539,0,2047,81
11540,11540,0,2046,608
11541,11541,0,2047,1466
11542,11542,0,2047,2459
11543,11543,0,2046,3354
11544,11544,0,2047,3942
11545,11545,0,2046,4087
11546,11546,0,2047,3755
11547,11547,0,2047,3023
11548,11548,0,2046,2062
11549,11549,0,2046,1095
11550,11550,0,2047,348
11551,11551,0,2047,0
11552,11552,0,2047,116
11553,11553,0,2047,686
11554,11554,0,2046,1570
11555,11555,0,2047,2564
11556,11556,0,2046,3435
11557,11557,0,2046,3980
11558,11558,0,2047,4074
11559,11559,0,2046,3694
11560,11560,0,2046,2928
11561,11561,0,2047,1956
11562,11562,0,2046,1001
11563,11563,0,2046,289
11564,11564,0,2046,0
11565,11565,0,2046,158
11566,11566,0,2046,769
11567,11567,0,2047,1675
11568,11568,0,2046,2667
11569,11569,0,2047,3511
11570,11570,0,2047,4013
11571,11571,0,2047,4055
11572,11572,0,2046,3628
11573,11573,0,2047,2830
11574,11574,0,2046,1848
11575,11575,0,2046,911
11576,11576,0,2047,235
11577,11577,0,2046,0
11578,11578,0,2047,204
11579,11579,0,2046,854
11580,11580,0,2046,1781
11581,11581,0,2047,2768
11582,11582,0,2046,3584
11583,11583,0,2046,4041
11584,11584,0,2047,4031
11585,11585,0,2046,3558
11586,11586,0,2046,2730
11587,11587,0,2046,1741
11588,11588,0,2047,823
11589,11589,0,2047,185
11590,11590,0,2047,0
11591,11591,0,2046,255
11592,11592,0,2046,943
11593,11593,0,2047,1888
11594,11594,0,2047,2866
11595,11595,0,2047,3653
11596,11596,0,2046,4063
11597,11597,0,2046,4002
11598,11598,0,2046,3483
11599,11599,0,2047,2628
11600,11600,0,2046,1636
11601,11601,0,2046,738
11602,11602,0,2046,142
11603,11603,0,2047,0
11604,11604,0,2047,311
11605,11605,0,2046,1035
11606,11606,0,2047,1994
11607,11607,0,2046,2964
11608,11608,0,2046,3717
11609,11609,0,2047,4080
11610,11610,0,2047,3967
11611,11611,0,2047,3405
11612,11612,0,2046,2525
11613,11613,0,2047,1532
11614,11614,0,2046,657
11615,11615,0,2047,103
11616,11616,0,2046,0
11617,11617,0,2046,371
11618,11618,0,2047,1131
11619,11619,0,2046,2102
11620,11620,0,2047,3057
11621,11621,0,2047,3777
11622,11622,0,2047,4091
11623,11623,0,2047,3928
11624,11624,0,2047,3324
11625,11625,0,2047,2420
11626,11626,0,2046,1428
11627,11627,0,2046,579
11628,11628,0,2046,69
11629,11629,0,2047,18
11630,11630,0,2046,436
11631,11631,0,2047,1227
11632,11632,0,2047,2209
11633,11633,0,2046,3150
11634,11634,0,2047,3832
11635,11635,0,2046,4095
11636,11636,0,2046,3882
11637,11637,0,2046,3238
11638,11638,0,2046,2315
11639,11639,0,2046,1328
11640,11640,0,2046,505
11641,11641,0,2046,40
11642,11642,0,2046,40
11643,11643,0,2046,505
11644,11644,0,2046,1328
11645,11645,0,2046,2315
11646,11646,0,2047,3238
11647,11647,0,2047,3882
11648,11648,0,2046,4095
11649,11649,0,2047,3832
11650,11650,0,2046,3149
11651,11651,0,2046,2209
11652,11652,0,2046,1228
11653,11653,0,2046,436
11654,11654,0,2046,17
11655,11655,0,2046,69
11656,11656,0,2047,579
11657,11657,0,2047,1429
11658,11658,0,2046,2420
11659,11659,0,2046,3323
11660,11660,0,2046,3927
11661,11661,0,2046,4090
11662,11662,0,2047,3776
11663,11663,0,2047,3058
11664,11664,0,2046,2102
11665,11665,0,2046,1131
11666,11666,0,2047,372
11667,11667,0,2046,0
11668,11668,0,2047,103
11669,11669,0,2046,656
11670,11670,0,2047,1532
11671,11671,0,2047,2525
11672,11672,0,2047,3405
11673,11673,0,2047,3966
11674,11674,0,2046,4080
11675,11675,0,2046,3717
11676,11676,0,2047,2963
11677,11677,0,2047,1995
11678,11678,0,2046,1036
11679,11679,0,2046,311
11680,11680,0,2046,0
11681,11681,0,2047,142
11682,11682,0,2046,738
11683,11683,0,2046,1636
11684,11684,0,2047,2628
11685,11685,0,2047,3482
11686,11686,0,2047,4002
11687,11687,0,2047,4063
11688,11688,0,2047,3653
11689,11689,0,2047,2867
11690,11690,0,2046,1888
11691,11691,0,2047,944
11692,11692,0,2045,255
11693,11693,0,2046,0
11694,11694,0,2047,186
11695,11695,0,2046,821
11696,11696,0,2046,1741
11697,11697,0,2046,2730
11698,11698,0,2047,3558
11699,11699,0,2047,4031
11700,11700,0,2047,4041
11701,11701,0,2046,3585
11702,11702,0,2046,2768
11703,11703,0,2046,1781
11704,11704,0,2047,854
11705,11705,0,2046,204
11706,11706,0,2046,0
11707,11707,0,2047,235
11708,11708,0,2046,911
11709,11709,0,2047,1848
11710,11710,0,2047,2829
11711,11711,0,2046,3628
11712,11712,0,2047,4055
11713,11713,0,2047,4014
11714,11714,0,2047,3512
11715,11715,0,2047,2667
11716,11716,0,2047,1675
11717,11717,0,2047,769
11718,11718,0,2046,158
11719,11719,0,2047,0
11720,11720,0,2047,289
11721,11721,0,2046,1001
11722,11722,0,2047,1956
11723,11723,0,2047,2927
11724,11724,0,2046,3693
11725,11725,0,2046,4074
11726,11726,0,2047,3980
11727,11727,0,2046,3434
11728,11728,0,2047,2563
11729,11729,0,2046,1570
11730,11730,0,2047,686
11731,11731,0,2046,117
11732,11732,0,2046,0
11733,11733,0,2047,348
11734,11734,0,2047,1095
11735,11735,0,2046,2062
11736,11736,0,2046,3023
11737,11737,0,2046,3755
11738,11738,0,2046,4088
11739,11739,0,2046,3943
11740,11740,0,2047,3355
11741,11741,0,2046,2460
11742,11742,0,2047,1468
11743,11743,0,2047,608
11744,11744,0,2046,81
11745,11745,0,2046,10
11746,11746,0,2047,411
11747,11747,0,2046,1192
11748,11748,0,2047,2168
11749,11749,0,2046,3116
11750,11750,0,2046,3812
11751,11751,0,2046,4095
11752,11752,0,2046,3899
11753,11753,0,2047,3271
11754,11754,0,2047,2355
11755,11755,0,2046,1365
11756,11756,0,2046,533
11757,11757,0,2047,51
11758,11758,0,2046,31
11759,11759,0,2046,479
11760,11760,0,2046,1290
11761,11761,0,2046,2275
11762,11762,0,2047,3205
11763,11763,0,2046,3864
11764,11764,0,2046,4095
11765,11765,0,2046,3851
11766,11766,0,2046,3183
11767,11767,0,2046,2248
11768,11768,0,2046,1265
11769,11769,0,2046,461
11770,11770,0,2046,25
11771,11771,0,2047,57
11772,11772,0,2047,551
11773,11773,0,2047,1391
11774,11774,0,2046,2381
11775,11775,0,2047,3292
11776,11776,0,2046,3911
11777,11777,0,2046,4093
11778,11778,0,2047,3798
11779,11779,0,2046,3093
11780,11780,0,2047,2142
11781,11781,0,2047,1167
11782,11782,0,2046,395
11783,11783,0,2046,6
11784,11784,0,2047,89
11785,11785,0,2047,627
11786,11786,0,2046,1493
11787,11787,0,2047,2487
11788,11788,0,2046,3375
11789,11789,0,2047,3952
11790,11790,0,2046,4084
11791,11791,0,2047,3740
11792,11792,0,2046,2999
11793,11793,0,2046,2034
11794,11794,0,2046,1071
11795,11795,0,2046,333
11796,11796,0,2047,0
11797,11797,0,2047,127
11798,11798,0,2047,707
11799,11799,0,2046,1598
11800,11800,0,2046,2589
11801,11801,0,2046,3454
11802,11802,0,2047,3989
11803,11803,0,2046,4069
11804,11804,0,2047,3678
11805,11805,0,2046,2903
11806,11806,0,2046,1928
11807,11807,0,2046,979
11808,11808,0,2046,275
11809,11809,0,2047,0
11810,11810,0,2047,170
11811,11811,0,2046,790
11812,11812,0,2047,1702
11813,11813,0,2046,2693
11814,11814,0,2046,3530
11815,11815,0,2047,4020
11816,11816,0,2047,4050
11817,11817,0,2046,3610
11818,11818,0,2047,2805
11819,11819,0,2047,1821
11820,11820,0,2046,888
11821,11821,0,2046,222
11822,11822,0,2046,0
11823,11823,0,2047,216
11824,11824,0,2047,877
11825,11825,0,2046,1808
11826,11826,0,2047,2793
11827,11827,0,2047,3602
11828,11828,0,2047,4047
11829,11829,0,2047,4025
11830,11830,0,2047,3539
11831,11831,0,2047,2704
11832,11832,0,2046,1715
11833,11833,0,2046,801
11834,11834,0,2046,173
11835,11835,0,2046,0
11836,11836,0,2047,268
11837,11837,0,2047,967
11838,11838,0,2046,1916
11839,11839,0,2046,2891
11840,11840,0,2046,3670
11841,11841,0,2046,4068
11842,11842,0,2047,3994
11843,11843,0,2046,3464
11844,11844,0,2047,2603
11845,11845,0,2047,1610
11846,11846,0,2046,717
11847,11847,0,2046,131
11848,11848,0,2046,0
11849,11849,0,2046,326
11850,11850,0,2046,1060
11851,11851,0,2046,2022
11852,11852,0,2046,2988
11853,11853,0,2046,3733
11854,11854,0,2047,4083
11855,11855,0,2047,3957
11856,11856,0,2046,3385
11857,11857,0,2047,2498
11858,11858,0,2047,1506
11859,11859,0,2046,636
11860,11860,0,2047,94
11861,11861,0,2047,3
11862,11862,0,2047,386
11863,11863,0,2047,1155
11864,11864,0,2046,2130
11865,11865,0,2047,3081
11866,11866,0,2047,3792
11867,11867,0,2046,4093
11868,11868,0,2046,3916
11869,11869,0,2046,3302
11870,11870,0,2047,2394
11871,11871,0,2046,1403
11872,11872,0,2046,561
11873,11873,0,2046,61
11874,11874,0,2046,23
11875,11875,0,2047,453
11876,11876,0,2047,1253
11877,11877,0,2046,2235
11878,11878,0,2047,3172
11879,11879,0,2047,3845
11880,11880,0,2046,4095
11881,11881,0,2046,3869
11882,11882,0,2046,3215
11883,11883,0,2046,2287
11884,11884,0,2046,1302
11885,11885,0,2046,487
11886,11886,0,2047,34
11887,11887,0,2046,47
11888,11888,0,2046,524
11889,11889,0,2047,1353
11890,11890,0,2047,2342
11891,11891,0,2046,3260
11892,11892,0,2047,3894
11893,11893,0,2047,4095
11894,11894,0,2046,3818
11895,11895,0,2046,3126
11896,11896,0,2046,2181
11897,11897,0,2046,1203
11898,11898,0,2047,419
11899,11899,0,2046,13
11900,11900,0,2047,77
11901,11901,0,2047,599
11902,11902,0,2046,1455
11903,11903,0,2047,2448
11904,11904,0,2046,3345
11905,11905,0,2046,3938
11906,11906,0,2046,4088
11907,11907,0,2047,3762
11908,11908,0,2047,3034
11909,11909,0,2046,2074
11910,11910,0,2046,1106
11911,11911,0,2046,355
11912,11912,0,2046,0
11913,11913,0,2046,112
11914,11914,0,2047,677
11915,11915,0,2046,1558
11916,11916,0,2047,2552
11917,11917,0,2047,3425
11918,11918,0,2047,3976
11919,11919,0,2046,4075
11920,11920,0,2047,3701
11921,11921,0,2047,2939
11922,11922,0,2047,1967
11923,11923,0,2047,1012
11924,11924,0,2046,296
11925,11925,0,2046,0
11926,11926,0,2046,153
11927,11927,0,2046,759
11928,11928,0,2047,1663
11929,11929,0,2046,2655
11930,11930,0,2046,3503
11931,11931,0,2046,4010
11932,11932,0,2047,4058
11933,11933,0,2047,3636
11934,11934,0,2047,2842
11935,11935,0,2047,1860
11936,11936,0,2047,921
11937,11937,0,2047,241
11938,11938,0,2046,0
11939,11939,0,2046,198
11940,11940,0,2046,844
11941,11941,0,2047,1769
11942,11942,0,2046,2755
11943,11943,0,2047,3576
11944,11944,0,2047,4038
11945,11945,0,2047,4034
11946,11946,0,2046,3566
11947,11947,0,2047,2742
11948,11948,0,2046,1755
11949,11949,0,2046,833
11950,11950,0,2047,192
11951,11951,0,2047,0
11952,11952,0,2046,248
11953,11953,0,2047,934
11954,11954,0,2047,1876
11955,11955,0,2047,2855
11956,11956,0,2047,3645
11957,11957,0,2046,4060
11958,11958,0,2047,4005
11959,11959,0,2047,3492
11960,11960,0,2047,2640
11961,11961,0,2046,1648
11962,11962,0,2047,747
11963,11963,0,2046,147
11964,11964,0,2046,0
11965,11965,0,2046,304
11966,11966,0,2046,1025
11967,11967,0,2047,1983
11968,11968,0,2047,2952
11969,11969,0,2046,3710
11970,11970,0,2046,4077
11971,11971,0,2047,3971
11972,11972,0,2046,3415
11973,11973,0,2047,2537
11974,11974,0,2046,1543
11975,11975,0,2046,665
11976,11976,0,2046,107
11977,11977,0,2046,0
11978,11978,0,2047,364
11979,11979,0,2046,1119
11980,11980,0,2046,2090
11981,11981,0,2047,3047
11982,11982,0,2047,3770
11983,11983,0,2047,4090
11984,11984,0,2046,3931
11985,11985,0,2046,3333
11986,11986,0,2046,2433
11987,11987,0,2047,1440
11988,11988,0,2047,588
11989,11989,0,2046,73
11990,11990,0,2046,15
11991,11991,0,2046,428
11992,11992,0,2047,1216
11993,11993,0,2046,2196
11994,11994,0,2046,3139
11995,11995,0,2047,3826
11996,11996,0,2047,4095
11997,11997,0,2047,3887
11998,11998,0,2046,3248
11999,11999,0,2047,2327
12000,12000,0,2046,1339
12001,12001,0,2046,514
12002,12002,0,2046,44
12003,12003,0,2047,38
12004,12004,0,2046,498
12005,12005,0,2046,1316
12006,12006,0,2047,2304
12007,12007,0,2047,3228
12008,12008,0,2047,3877
12009,12009,0,2047,4095
12010,12010,0,2047,3838
12011,12011,0,2047,3160
12012,12012,0,2047,2220
12013,12013,0,2047,1239
12014,12014,0,2047,445
12015,12015,0,2046,19
12016,12016,0,2046,65
12017,12017,0,2046,570
12018,12018,0,2047,1417
12019,12019,0,2047,2409
12020,12020,0,2046,3314
12021,12021,0,2046,3922
12022,12022,0,2046,4091
12023,12023,0,2046,3784
12024,12024,0,2046,3068
12025,12025,0,2046,2114
12026,12026,0,2046,1142
12027,12027,0,2046,378
12028,12028,0,2047,2
12029,12029,0,2046,99
12030,12030,0,2047,648
12031,12031,0,2046,1520
12032,12032,0,2046,2514
12033,12033,0,2046,3396
12034,12034,0,2046,3963
12035,12035,0,2047,4082
12036,12036,0,2046,3724
12037,12037,0,2046,2975
12038,12038,0,2046,2007
12039,12039,0,2046,1047
12040,12040,0,2046,318
12041,12041,0,2047,0
12042,12042,0,2046,137
12043,12043,0,2047,728
12044,12044,0,2046,1624
12045,12045,0,2047,2617
12046,12046,0,2046,3475
12047,12047,0,2047,3998
12048,12048,0,2046,4066
12049,12049,0,2046,3660
12050,12050,0,2046,2878
12051,12051,0,2047,1899
12052,12052,0,2046,954
12053,12053,0,2046,260
12054,12054,0,2047,0
12055,12055,0,2046,181
12056,12056,0,2046,813
12057,12057,0,2047,1730
12058,12058,0,2047,2719
12059,12059,0,2047,3550
12060,12060,0,2046,4028
12061,12061,0,2047,4044
12062,12062,0,2046,3592
12063,12063,0,2046,2779
12064,12064,0,2046,1792
12065,12065,0,2046,864
12066,12066,0,2047,209
12067,12067,0,2046,0
12068,12068,0,2047,229
12069,12069,0,2047,899
12070,12070,0,2046,1836
12071,12071,0,2047,2818
12072,12072,0,2046,3620
12073,12073,0,2046,4052
12074,12074,0,2047,4017
12075,12075,0,2046,3520
12076,12076,0,2047,2678
12077,12077,0,2046,1687
12078,12078,0,2047,778
12079,12079,0,2046,162
12080,12080,0,2047,0
12081,12081,0,2046,283
12082,12082,0,2047,990
12083,12083,0,2047,1943
12084,12084,0,2046,2917
12085,12085,0,2046,3686
12086,12086,0,2046,4072
12087,12087,0,2047,3985
12088,12088,0,2046,3442
12089,12089,0,2046,2576
12090,12090,0,2046,1582
12091,12091,0,2046,695
12092,12092,0,2047,121
12093,12093,0,2047,0
12094,12094,0,2047,341
12095,12095,0,2047,1084
12096,12096,0,2046,2050
12097,12097,0,2046,3013
12098,12098,0,2047,3748
12099,12099,0,2046,4086
12100,12100,0,2046,3947
12101,12101,0,2046,3364
12102,12102,0,2046,2472
12103,12103,0,2046,1478
12104,12104,0,2047,617
12105,12105,0,2047,84
12106,12106,0,2047,8
12107,12107,0,2046,404
12108,12108,0,2046,1181
12109,12109,0,2047,2157
12110,12110,0,2046,3105
12111,12111,0,2046,3806
12112,12112,0,2047,4094
12113,12113,0,2046,3904
12114,12114,0,2047,3280
12115,12115,0,2047,2367
12116,12116,0,2046,1377
12117,12117,0,2046,540
12118,12118,0,2045,53
12119,12119,0,2046,28
12120,12120,0,2046,471
12121,12121,0,2047,1279
12122,12122,0,2047,2264
12123,12123,0,2047,3195
12124,12124,0,2047,3858
12125,12125,0,2047,4095
12126,12126,0,2047,3856
12127,12127,0,2046,3192
12128,12128,0,2046,2260
12129,12129,0,2046,1276
12130,12130,0,2046,470
12131,12131,0,2046,27
12132,12132,0,2046,53
12133,12133,0,2047,543
12134,12134,0,2047,1379
12135,12135,0,2046,2370
12136,12136,0,2046,3283
12137,12137,0,2047,3905
12138,12138,0,2047,4094
12139,12139,0,2046,3804
12140,12140,0,2046,3103
12141,12141,0,2046,2153
12142,12142,0,2046,1177
12143,12143,0,2046,402
12144,12144,0,2046,7
12145,12145,0,2047,85
12146,12146,0,2047,618
12147,12147,0,2047,1482
12148,12148,0,2047,2475
12149,12149,0,2047,3366
12150,12150,0,2047,3948
12151,12151,0,2046,4086
12152,12152,0,2047,3747
12153,12153,0,2046,3009
12154,12154,0,2046,2046
12155,12155,0,2046,1082
12156,12156,0,2046,339
12157,12157,0,2047,0
12158,12158,0,2047,123
12159,12159,0,2047,698
12160,12160,0,2047,1586
12161,12161,0,2046,2579
12162,12162,0,2046,3446
12163,12163,0,2046,3986
12164,12164,0,2047,4071
12165,12165,0,2046,3685
12166,12166,0,2047,2914
12167,12167,0,2046,1939
12168,12168,0,2047,988
12169,12169,0,2047,281
12170,12170,0,2046,0
12171,12171,0,2046,164
12172,12172,0,2047,781
12173,12173,0,2047,1690
12174,12174,0,2047,2681
12175,12175,0,2047,3522
12176,12176,0,2046,4018
12177,12177,0,2046,4052
12178,12178,0,2046,3619
12179,12179,0,2046,2815
12180,12180,0,2046,1833
12181,12181,0,2046,897
12182,12182,0,2046,228
12183,12183,0,2047,0
12184,12184,0,2046,211
12185,12185,0,2046,867
12186,12186,0,2046,1796
12187,12187,0,2047,2782
12188,12188,0,2047,3595
12189,12189,0,2046,4044
12190,12190,0,2046,4027
12191,12191,0,2047,3548
12192,12192,0,2047,2716
12193,12193,0,2046,1727
12194,12194,0,2046,810
12195,12195,0,2046,179
12196,12196,0,2046,0
12197,12197,0,2046,263
12198,12198,0,2046,957
12199,12199,0,2046,1903
12200,12200,0,2046,2880
12201,12201,0,2047,3662
12202,12202,0,2046,4066
12203,12203,0,2046,3998
12204,12204,0,2046,3472
12205,12205,0,2046,2613
12206,12206,0,2046,1621
12207,12207,0,2047,726
12208,12208,0,2047,136
12209,12209,0,2046,0
12210,12210,0,2046,319
12211,12211,0,2046,1049
12212,12212,0,2047,2010
12213,12213,0,2046,2977
12214,12214,0,2046,3725
12215,12215,0,2047,4081
12216,12216,0,2046,3962
12217,12217,0,2046,3393
12218,12218,0,2046,2511
12219,12219,0,2046,1518
12220,12220,0,2046,645
12221,12221,0,2046,98
12222,12222,0,2047,1
12223,12223,0,2046,380
12224,12224,0,2046,1144
12225,12225,0,2046,2117
12226,12226,0,2047,3071
12227,12227,0,2046,3785
12228,12228,0,2047,4092
12229,12229,0,2047,3921
12230,12230,0,2046,3311
12231,12231,0,2046,2405
12232,12232,0,2046,1414
12233,12233,0,2046,568
12234,12234,0,2047,64
12235,12235,0,2046,20
12236,12236,0,2047,446
12237,12237,0,2046,1242
12238,12238,0,2046,2224
12239,12239,0,2046,3162
12240,12240,0,2046,3839
12241,12241,0,2046,4095
12242,12242,0,2047,3874
12243,12243,0,2047,3226
12244,12244,0,2046,2300
12245,12245,0,2047,1313
12246,12246,0,2047,496
12247,12247,0,2046,37
12248,12248,0,2046,44
12249,12249,0,2047,516
12250,12250,0,2046,1342
12251,12251,0,2046,2330
12252,12252,0,2047,3250
12253,12253,0,2047,3889
12254,12254,0,2046,4095
12255,12255,0,2046,3825
12256,12256,0,2046,3136
12257,12257,0,2046,2193
12258,12258,0,2046,1214
12259,12259,0,2046,427
12260,12260,0,2046,14
12261,12261,0,2047,73
12262,12262,0,2046,590
12263,12263,0,2046,1444
12264,12264,0,2047,2436
12265,12265,0,2046,3335
12266,12266,0,2046,3933
12267,12267,0,2046,4089
12268,12268,0,2046,3768
12269,12269,0,2047,3045
12270,12270,0,2046,2087
12271,12271,0,2046,1117
12272,12272,0,2047,362
12273,12273,0,2046,0
12274,12274,0,2046,108
12275,12275,0,2046,668
12276,12276,0,2047,1546
12277,12277,0,2046,2540
12278,12278,0,2046,3417
12279,12279,0,2046,3973
12280,12280,0,2047,4078
12281,12281,0,2047,3708
12282,12282,0,2046,2950
12283,12283,0,2046,1979
12284,12284,0,2047,1022
12285,12285,0,2046,302
12286,12286,0,2047,0
12287,12287,0,2046,148
12288,12288,0,2047,750
12289,12289,0,2047,1651
12290,12290,0,2046,2643
12291,12291,0,2046,3494
12292,12292,0,2046,4007
12293,12293,0,2046,4060
12294,12294,0,2047,3644
12295,12295,0,2046,2853
12296,12296,0,2047,1872
12297,12297,0,2046,931
12298,12298,0,2046,247
12299,12299,0,2047,0
12300,12300,0,2047,192
12301,12301,0,2047,835
12302,12302,0,2047,1757
12303,12303,0,2046,2745
12304,12304,0,2046,3567
12305,12305,0,2047,4035
12306,12306,0,2047,4037
12307,12307,0,2047,3574
12308,12308,0,2046,2753
12309,12309,0,2047,1766
12310,12310,0,2047,843
12311,12311,0,2046,197
12312,12312,0,2047,0
12313,12313,0,2046,242
12314,12314,0,2046,923
12315,12315,0,2046,1863
12316,12316,0,2047,2844
12317,12317,0,2047,3638
12318,12318,0,2046,4058
12319,12319,0,2047,4009
12320,12320,0,2046,3501
12321,12321,0,2047,2652
12322,12322,0,2046,1661
12323,12323,0,2047,757
12324,12324,0,2046,152
12325,12325,0,2047,0
12326,12326,0,2047,297
12327,12327,0,2046,1014
12328,12328,0,2047,1970
12329,12329,0,2047,2942
12330,12330,0,2047,3703
12331,12331,0,2046,4076
12332,12332,0,2046,3975
12333,12333,0,2047,3423
12334,12334,0,2047,2549
12335,12335,0,2046,1556
12336,12336,0,2046,675
12337,12337,0,2046,111
12338,12338,0,2047,0
12339,12339,0,2047,357
12340,12340,0,2047,1108
12341,12341,0,2046,2077
12342,12342,0,2047,3037
12343,12343,0,2047,3763
12344,12344,0,2047,4089
12345,12345,0,2047,3937
12346,12346,0,2046,3343
12347,12347,0,2047,2445
12348,12348,0,2047,1453
12349,12349,0,2047,596
12350,12350,0,2046,76
12351,12351,0,2047,12
12352,12352,0,2046,420
12353,12353,0,2047,1206
12354,12354,0,2047,2184
12355,12355,0,2047,3129
12356,12356,0,2046,3819
12357,12357,0,2046,4095
12358,12358,0,2047,3892
12359,12359,0,2046,3258
12360,12360,0,2046,2339
12361,12361,0,2046,1351
12362,12362,0,2046,522
12363,12363,0,2046,46
12364,12364,0,2047,34
12365,12365,0,2046,489
12366,12366,0,2046,1305
12367,12367,0,2046,2291
12368,12368,0,2047,3218
12369,12369,0,2046,3870
12370,12370,0,2047,4095
12371,12371,0,2046,3844
12372,12372,0,2046,3170
12373,12373,0,2046,2232
12374,12374,0,2046,1251
12375,12375,0,2046,452
12376,12376,0,2047,22
12377,12377,0,2046,62
12378,12378,0,2046,562
12379,12379,0,2047,1406
12380,12380,0,2046,2397
12381,12381,0,2047,3304
12382,12382,0,2047,3917
12383,12383,0,2046,4093
12384,12384,0,2047,3790
12385,12385,0,2046,3080
12386,12386,0,2047,2126
12387,12387,0,2046,1153
12388,12388,0,2046,386
12389,12389,0,2046,3
12390,12390,0,2046,94
12391,12391,0,2047,638
12392,12392,0,2046,1509
12393,12393,0,2046,2501
12394,12394,0,2046,3386
12395,12395,0,2046,3958
12396,12396,0,2046,4083
12397,12397,0,2047,3731
12398,12398,0,2046,2985
12399,12399,0,2046,2019
12400,12400,0,2047,1058
12401,12401,0,2046,324
12402,12402,0,2046,0
12403,12403,0,2047,132
12404,12404,0,2047,718
12405,12405,0,2046,1612
12406,12406,0,2047,2605
12407,12407,0,2047,3465
12408,12408,0,2046,3994
12409,12409,0,2046,4067
12410,12410,0,2046,3668
12411,12411,0,2047,2889
12412,12412,0,2047,1912
12413,12413,0,2046,965
12414,12414,0,2046,268
12415,12415,0,2046,0
12416,12416,0,2046,175
12417,12417,0,2046,803
12418,12418,0,2047,1718
12419,12419,0,2046,2707
12420,12420,0,2046,3541
12421,12421,0,2046,4025
12422,12422,0,2046,4047
12423,12423,0,2046,3600
12424,12424,0,2046,2790
12425,12425,0,2046,1806
12426,12426,0,2046,875
12427,12427,0,2046,215
12428,12428,0,2046,0
12429,12429,0,2047,223
12430,12430,0,2047,890
12431,12431,0,2046,1824
12432,12432,0,2045,2807
12433,12433,0,2046,3612
12434,12434,0,2046,4050
12435,12435,0,2047,4021
12436,12436,0,2046,3529
12437,12437,0,2047,2690
12438,12438,0,2047,1700
12439,12439,0,2047,789
12440,12440,0,2047,167
12441,12441,0,2046,0
12442,12442,0,2046,277
12443,12443,0,2046,980
12444,12444,0,2046,1930
12445,12445,0,2046,2906
12446,12446,0,2046,3678
12447,12447,0,2047,4070
12448,12448,0,2046,3989
12449,12449,0,2047,3453
12450,12450,0,2047,2588
12451,12451,0,2046,1594
12452,12452,0,2047,705
12453,12453,0,2046,126
12454,12454,0,2046,0
12455,12455,0,2046,334
12456,12456,0,2047,1073
12457,12457,0,2046,2037
12458,12458,0,2046,3001
12459,12459,0,2047,3741
12460,12460,0,2046,4085
12461,12461,0,2047,3952
12462,12462,0,2046,3373
12463,12463,0,2046,2483
12464,12464,0,2047,1491
12465,12465,0,2047,624
12466,12466,0,2047,88
12467,12467,0,2046,7
12468,12468,0,2046,397
12469,12469,0,2046,1170
12470,12470,0,2047,2144
12471,12471,0,2047,3095
12472,12472,0,2047,3799
12473,12473,0,2047,4094
12474,12474,0,2047,3910
12475,12475,0,2046,3290
12476,12476,0,2047,2379
12477,12477,0,2046,1388
12478,12478,0,2046,549
12479,12479,0,2047,57
12480,12480,0,2046,25
12481,12481,0,2046,464
12482,12482,0,2047,1267
12483,12483,0,2046,2251
12484,12484,0,2047,3185
12485,12485,0,2046,3852
12486,12486,0,2047,4095
12487,12487,0,2046,3862
12488,12488,0,2046,3203
12489,12489,0,2046,2273
12490,12490,0,2046,1289
12491,12491,0,2046,478
12492,12492,0,2046,30
12493,12493,0,2046,51
12494,12494,0,2047,534
12495,12495,0,2046,1368
12496,12496,0,2047,2357
12497,12497,0,2046,3272
12498,12498,0,2046,3901
12499,12499,0,2047,4095
12500,12500,0,2047,3811
12501,12501,0,2047,3113
12502,12502,0,2046,2165
12503,12503,0,2047,1188
12504,12504,0,2046,410
12505,12505,0,2046,9
12506,12506,0,2046,81
12507,12507,0,2047,609
12508,12508,0,2047,1469
12509,12509,0,2046,2463
12510,12510,0,2046,3357
12511,12511,0,2047,3943
12512,12512,0,2046,4087
12513,12513,0,2047,3753
12514,12514,0,2047,3021
12515,12515,0,2046,2059
12516,12516,0,2046,1092
12517,12517,0,2047,346
12518,12518,0,2046,0
12519,12519,0,2046,118
12520,12520,0,2046,688
12521,12521,0,2046,1573
12522,12522,0,2047,2566
12523,12523,0,2046,3437
12524,12524,0,2046,3981
12525,12525,0,2047,4074
12526,12526,0,2046,3693
12527,12527,0,2047,2925
12528,12528,0,2046,1952
12529,12529,0,2047,999
12530,12530,0,2046,288
12531,12531,0,2046,0
12532,12532,0,2047,158
12533,12533,0,2047,771
12534,12534,0,2046,1679
12535,12535,0,2047,2669
12536,12536,0,2046,3514
12537,12537,0,2046,4014
12538,12538,0,2046,4055
12539,12539,0,2047,3626
12540,12540,0,2046,2827
12541,12541,0,2046,1845
12542,12542,0,2046,908
12543,12543,0,2046,234
12544,12544,0,2047,0
12545,12545,0,2046,205
12546,12546,0,2046,857
12547,12547,0,2046,1784
12548,12548,0,2046,2771
12549,12549,0,2046,3586
12550,12550,0,2046,4042
12551,12551,0,2046,4031
12552,12552,0,2046,3556
12553,12553,0,2046,2728
12554,12554,0,2046,1739
12555,12555,0,2046,820
12556,12556,0,2047,184
12557,12557,0,2046,0
12558,12558,0,2046,256
12559,12559,0,2046,946
12560,12560,0,2047,1890
12561,12561,0,2046,2870
12562,12562,0,2047,3654
12563,12563,0,2046,4064
12564,12564,0,2047,4001
12565,12565,0,2046,3482
12566,12566,0,2046,2626
12567,12567,0,2046,1633
12568,12568,0,2047,735
12569,12569,0,2046,140
12570,12570,0,2046,0
12571,12571,0,2046,312
12572,12572,0,2046,1038
12573,12573,0,2047,1998
12574,12574,0,2047,2966
12575,12575,0,2047,3718
12576,12576,0,2046,4080
12577,12577,0,2046,3966
12578,12578,0,2047,3403
12579,12579,0,2046,2522
12580,12580,0,2047,1529
12581,12581,0,2047,654
12582,12582,0,2046,102
12583,12583,0,2046,0
12584,12584,0,2047,373
12585,12585,0,2046,1134
12586,12586,0,2046,2105
12587,12587,0,2046,3061
12588,12588,0,2046,3779
12589,12589,0,2047,4090
12590,12590,0,2046,3926
12591,12591,0,2046,3321
12592,12592,0,2046,2417
12593,12593,0,2047,1426
12594,12594,0,2046,577
12595,12595,0,2046,68
12596,12596,0,2046,18
12597,12597,0,2047,438
12598,12598,0,2046,1231
12599,12599,0,2047,2211
12600,12600,0,2047,3152
12601,12601,0,2046,3833
12602,12602,0,2047,4095
12603,12603,0,2047,3880
12604,12604,0,2047,3236
12605,12605,0,2047,2312
12606,12606,0,2047,1325
12607,12607,0,2046,504
12608,12608,0,2046,39
12609,12609,0,2046,41
12610,12610,0,2046,507
12611,12611,0,2046,1330
12612,12612,0,2046,2318
12613,12613,0,2046,3241
12614,12614,0,2046,3883
12615,12615,0,2046,4095
12616,12616,0,2047,3831
12617,12617,0,2047,3146
12618,12618,0,2046,2205
12619,12619,0,2047,1226
12620,12620,0,2046,435
12621,12621,0,2046,17
12622,12622,0,2047,70
12623,12623,0,2047,582
12624,12624,0,2046,1432
12625,12625,0,2047,2424
12626,12626,0,2046,3326
12627,12627,0,2046,3928
12628,12628,0,2046,4091
12629,12629,0,2046,3775
12630,12630,0,2046,3055
12631,12631,0,2047,2098
12632,12632,0,2046,1128
12633,12633,0,2047,370
12634,12634,0,2046,0
12635,12635,0,2047,103
12636,12636,0,2047,659
12637,12637,0,2046,1536
12638,12638,0,2047,2528
12639,12639,0,2046,3407
12640,12640,0,2046,3968
12641,12641,0,2046,4079
12642,12642,0,2046,3715
12643,12643,0,2046,2960
12644,12644,0,2047,1991
12645,12645,0,2046,1033
12646,12646,0,2046,309
12647,12647,0,2046,0
12648,12648,0,2046,143
12649,12649,0,2046,740
12650,12650,0,2047,1639
12651,12651,0,2046,2632
12652,12652,0,2046,3485
12653,12653,0,2046,4002
12654,12654,0,2047,4062
12655,12655,0,2046,3651
12656,12656,0,2046,2864
12657,12657,0,2047,1885
12658,12658,0,2046,942
12659,12659,0,2045,253
12660,12660,0,2047,0
12661,12661,0,2046,188
12662,12662,0,2047,825
12663,12663,0,2046,1745
12664,12664,0,2046,2733
12665,12665,0,2046,3560
12666,12666,0,2047,4032
12667,12667,0,2046,4040
12668,12668,0,2046,3582
12669,12669,0,2046,2765
12670,12670,0,2046,1778
12671,12671,0,2046,852
12672,12672,0,2047,202
12673,12673,0,2046,0
12674,12674,0,2047,236
12675,12675,0,2047,912
12676,12676,0,2047,1851
12677,12677,0,2046,2833
12678,12678,0,2046,3630
12679,12679,0,2046,4056
12680,12680,0,2046,4012
12681,12681,0,2047,3509
12682,12682,0,2046,2664
12683,12683,0,2046,1672
12684,12684,0,2046,766
12685,12685,0,2047,156
12686,12686,0,2046,0
12687,12687,0,2046,291
12688,12688,0,2046,1004
12689,12689,0,2046,1958
12690,12690,0,2047,2930
12691,12691,0,2047,3695
12692,12692,0,2047,4075
12693,12693,0,2047,3979
12694,12694,0,2046,3432
12695,12695,0,2047,2561
12696,12696,0,2046,1567
12697,12697,0,2047,683
12698,12698,0,2046,116
12699,12699,0,2046,0
12700,12700,0,2046,350
12701,12701,0,2047,1098
12702,12702,0,2046,2065
12703,12703,0,2046,3026
12704,12704,0,2047,3756
12705,12705,0,2046,4088
12706,12706,0,2047,3941
12707,12707,0,2046,3352
12708,12708,0,2046,2456
12709,12709,0,2047,1464
12710,12710,0,2046,606
12711,12711,0,2047,79
12712,12712,0,2046,11
12713,12713,0,2047,413
12714,12714,0,2046,1195
12715,12715,0,2046,2173
12716,12716,0,2047,3118
12717,12717,0,2046,3813
12718,12718,0,2047,4095
12719,12719,0,2047,3898
12720,12720,0,2047,3268
12721,12721,0,2046,2352
12722,12722,0,2046,1362
12723,12723,0,2046,530
12724,12724,0,2046,49
12725,12725,0,2046,32
12726,12726,0,2046,481
12727,12727,0,2046,1293
12728,12728,0,2047,2279
12729,12729,0,2046,3208
12730,12730,0,2047,3866
12731,12731,0,2046,4095
12732,12732,0,2046,3849
12733,12733,0,2047,3180
12734,12734,0,2046,2244
12735,12735,0,2046,1262
12736,12736,0,2046,459
12737,12737,0,2046,24
12738,12738,0,2047,58
12739,12739,0,2046,553
12740,12740,0,2047,1394
12741,12741,0,2046,2385
12742,12742,0,2046,3294
12743,12743,0,2047,3912
12744,12744,0,2046,4093
12745,12745,0,2046,3796
12746,12746,0,2047,3090
12747,12747,0,2046,2138
12748,12748,0,2046,1163
12749,12749,0,2047,393
12750,12750,0,2046,5
12751,12751,0,2046,91
12752,12752,0,2047,629
12753,12753,0,2047,1497
12754,12754,0,2046,2490
12755,12755,0,2046,3378
12756,12756,0,2047,3954
12757,12757,0,2046,4084
12758,12758,0,2046,3738
12759,12759,0,2047,2996
12760,12760,0,2046,2032
12761,12761,0,2047,1068
12762,12762,0,2046,330
12763,12763,0,2046,0
12764,12764,0,2046,127
12765,12765,0,2047,710
12766,12766,0,2047,1601
12767,12767,0,2046,2594
12768,12768,0,2046,3457
12769,12769,0,2046,3990
12770,12770,0,2046,4070
12771,12771,0,2046,3675
12772,12772,0,2046,2900
12773,12773,0,2046,1924
12774,12774,0,2046,976
12775,12775,0,2046,273
12776,12776,0,2046,0
12777,12777,0,2046,170
12778,12778,0,2046,793
12779,12779,0,2047,1706
12780,12780,0,2046,2696
12781,12781,0,2047,3533
12782,12782,0,2046,4022
12783,12783,0,2047,4049
12784,12784,0,2047,3608
12785,12785,0,2046,2802
12786,12786,0,2046,1817
12787,12787,0,2046,885
12788,12788,0,2046,220
12789,12789,0,2046,0
12790,12790,0,2047,218
12791,12791,0,2047,880
12792,12792,0,2047,1812
12793,12793,0,2046,2797
12794,12794,0,2047,3604
12795,12795,0,2046,4048
12796,12796,0,2046,4023
12797,12797,0,2047,3537
12798,12798,0,2046,2701
12799,12799,0,2047,1711
12800,12800,0,2046,797
12801,12801,0,2046,172
12802,12802,0,2047,0
12803,12803,0,2047,270
12804,12804,0,2046,970
12805,12805,0,2046,1919
12806,12806,0,2046,2895
12807,12807,0,2046,3672
12808,12808,0,2047,4068
12809,12809,0,2047,3993
12810,12810,0,2046,3461
12811,12811,0,2046,2599
12812,12812,0,2046,1606
12813,12813,0,2046,714
12814,12814,0,2047,130
12815,12815,0,2047,0
12816,12816,0,2047,327
12817,12817,0,2046,1063
12818,12818,0,2047,2026
12819,12819,0,2047,2991
12820,12820,0,2046,3734
12821,12821,0,2046,4084
12822,12822,0,2047,3956
12823,12823,0,2046,3382
12824,12824,0,2046,2495
12825,12825,0,2046,1502
12826,12826,0,2047,634
12827,12827,0,2047,92
12828,12828,0,2046,3
12829,12829,0,2047,389
12830,12830,0,2046,1159
12831,12831,0,2046,2133
12832,12832,0,2047,3084
12833,12833,0,2046,3793
12834,12834,0,2046,4093
12835,12835,0,2046,3914
12836,12836,0,2047,3299
12837,12837,0,2046,2390
12838,12838,0,2046,1399
12839,12839,0,2046,557
12840,12840,0,2046,60
12841,12841,0,2046,23
12842,12842,0,2047,456
12843,12843,0,2047,1257
12844,12844,0,2046,2239
12845,12845,0,2047,3175
12846,12846,0,2046,3847
12847,12847,0,2047,4095
12848,12848,0,2046,3868
12849,12849,0,2047,3213
12850,12850,0,2046,2283
12851,12851,0,2046,1298
12852,12852,0,2047,484
12853,12853,0,2046,32
12854,12854,0,2046,48
12855,12855,0,2047,526
12856,12856,0,2047,1357
12857,12857,0,2045,2346
12858,12858,0,2045,3263
12859,12859,0,2047,3896
12860,12860,0,2047,4095
12861,12861,0,2046,3816
12862,12862,0,2046,3123
12863,12863,0,2046,2178
12864,12864,0,2046,1199
12865,12865,0,2046,417
12866,12866,0,2047,11
12867,12867,0,2046,78
12868,12868,0,2046,600
12869,12869,0,2047,1458
12870,12870,0,2047,2451
12871,12871,0,2046,3347
12872,12872,0,2046,3939
12873,12873,0,2046,4088
12874,12874,0,2046,3760
12875,12875,0,2046,3031
12876,12876,0,2046,2071
12877,12877,0,2046,1103
12878,12878,0,2046,353
12879,12879,0,2046,0
12880,12880,0,2047,113
12881,12881,0,2046,679
12882,12882,0,2047,1562
12883,12883,0,2046,2555
12884,12884,0,2046,3428
12885,12885,0,2047,3977
12886,12886,0,2047,4075
12887,12887,0,2047,3699
12888,12888,0,2046,2936
12889,12889,0,2046,1963
12890,12890,0,2046,1009
12891,12891,0,2046,294
12892,12892,0,2046,0
12893,12893,0,2046,153
12894,12894,0,2046,762
12895,12895,0,2047,1667
12896,12896,0,2046,2659
12897,12897,0,2047,3505
12898,12898,0,2047,4010
12899,12899,0,2047,4057
12900,12900,0,2047,3633
12901,12901,0,2046,2839
12902,12902,0,2047,1857
12903,12903,0,2046,917
12904,12904,0,2046,239
12905,12905,0,2047,0
12906,12906,0,2047,200
12907,12907,0,2046,848
12908,12908,0,2047,1773
12909,12909,0,2047,2760
12910,12910,0,2047,3578
12911,12911,0,2046,4039
12912,12912,0,2046,4034
12913,12913,0,2047,3564
12914,12914,0,2047,2739
12915,12915,0,2047,1750
12916,12916,0,2047,830
12917,12917,0,2046,190
12918,12918,0,2047,0
12919,12919,0,2046,251
12920,12920,0,2046,936
12921,12921,0,2046,1879
12922,12922,0,2046,2859
12923,12923,0,2046,3647
12924,12924,0,2046,4061
12925,12925,0,2046,4005
12926,12926,0,2047,3489
12927,12927,0,2046,2637
12928,12928,0,2046,1644
12929,12929,0,2046,744
12930,12930,0,2047,145
12931,12931,0,2046,0
12932,12932,0,2046,306
12933,12933,0,2047,1028
12934,12934,0,2047,1986
12935,12935,0,2046,2956
12936,12936,0,2047,3712
12937,12937,0,2047,4078
12938,12938,0,2046,3969
12939,12939,0,2047,3412
12940,12940,0,2046,2533
12941,12941,0,2046,1540
12942,12942,0,2046,663
12943,12943,0,2047,106
12944,12944,0,2046,0
12945,12945,0,2047,365
12946,12946,0,2047,1123
12947,12947,0,2047,2093
12948,12948,0,2047,3050
12949,12949,0,2046,3772
12950,12950,0,2046,4090
12951,12951,0,2046,3931
12952,12952,0,2047,3330
12953,12953,0,2046,2429
12954,12954,0,2046,1437
12955,12955,0,2046,585
12956,12956,0,2047,71
12957,12957,0,2046,15
12958,12958,0,2046,431
12959,12959,0,2047,1220
12960,12960,0,2047,2200
12961,12961,0,2046,3142
12962,12962,0,2047,3827
12963,12963,0,2046,4095
12964,12964,0,2047,3886
12965,12965,0,2046,3245
12966,12966,0,2047,2324
12967,12967,0,2047,1336
12968,12968,0,2046,511
12969,12969,0,2046,43
12970,12970,0,2047,38
12971,12971,0,2046,499
12972,12972,0,2047,1319
12973,12973,0,2047,2307
12974,12974,0,2046,3231
12975,12975,0,2046,3878
12976,12976,0,2046,4095
12977,12977,0,2046,3836
12978,12978,0,2046,3157
12979,12979,0,2047,2217
12980,12980,0,2047,1237
12981,12981,0,2047,442
12982,12982,0,2046,19
12983,12983,0,2047,66
12984,12984,0,2047,572
12985,12985,0,2046,1421
12986,12986,0,2046,2412
12987,12987,0,2046,3316
12988,12988,0,2048,3924
12989,12989,0,2047,4091
12990,12990,0,2047,3781
12991,12991,0,2047,3065
12992,12992,0,2046,2110
12993,12993,0,2046,1139
12994,12994,0,2046,376
12995,12995,0,2046,1
12996,12996,0,2046,100
12997,12997,0,2047,650
12998,12998,0,2046,1523
12999,12999,0,2046,2517
13000,13000,0,2047,3399
13001,13001,0,2046,3964
13002,13002,0,2047,4080
13003,13003,0,2046,3723
13004,13004,0,2046,2972
13005,13005,0,2047,2003
13006,13006,0,2046,1044
13007,13007,0,2046,315
13008,13008,0,2047,0
13009,13009,0,2046,138
13010,13010,0,2047,731
13011,13011,0,2047,1627
13012,13012,0,2046,2620
13013,13013,0,2047,3477
13014,13014,0,2046,3998
13015,13015,0,2046,4064
13016,13016,0,2046,3658
13017,13017,0,2046,2875
13018,13018,0,2046,1896
13019,13019,0,2047,952
13020,13020,0,2047,259
13021,13021,0,2047,0
13022,13022,0,2047,182
13023,13023,0,2047,815
13024,13024,0,2047,1733
13025,13025,0,2047,2722
13026,13026,0,2047,3551
13027,13027,0,2046,4029
13028,13028,0,2047,4043
13029,13029,0,2047,3590
13030,13030,0,2046,2775
13031,13031,0,2046,1790
13032,13032,0,2047,862
13033,13033,0,2046,208
13034,13034,0,2047,0
13035,13035,0,2047,231
13036,13036,0,2047,903
13037,13037,0,2047,1839
13038,13038,0,2047,2821
13039,13039,0,2046,3622
13040,13040,0,2046,4053
13041,13041,0,2046,4016
13042,13042,0,2047,3518
13043,13043,0,2047,2674
13044,13044,0,2046,1684
13045,13045,0,2047,776
13046,13046,0,2047,160
13047,13047,0,2047,0
13048,13048,0,2047,285
13049,13049,0,2046,993
13050,13050,0,2047,1946
13051,13051,0,2046,2919
13052,13052,0,2047,3689
13053,13053,0,2047,4072
13054,13054,0,2047,3983
13055,13055,0,2046,3441
13056,13056,0,2047,2573
13057,13057,0,2046,1579
13058,13058,0,2047,693
13059,13059,0,2046,119
13060,13060,0,2046,0
13061,13061,0,2046,343
13062,13062,0,2047,1087
13063,13063,0,2046,2053
13064,13064,0,2047,3016
13065,13065,0,2047,3750
13066,13066,0,2047,4086
13067,13067,0,2047,3946
13068,13068,0,2047,3361
13069,13069,0,2046,2468
13070,13070,0,2046,1475
13071,13071,0,2046,614
13072,13072,0,2046,83
13073,13073,0,2047,8
13074,13074,0,2046,406
13075,13075,0,2046,1184
13076,13076,0,2046,2161
13077,13077,0,2046,3109
13078,13078,0,2047,3808
13079,13079,0,2047,4094
13080,13080,0,2047,3903
13081,13081,0,2046,3277
13082,13082,0,2046,2363
13083,13083,0,2047,1373
13084,13084,0,2046,539
13085,13085,0,2046,52
13086,13086,0,2046,28
13087,13087,0,2046,474
13088,13088,0,2047,1282
13089,13089,0,2047,2267
13090,13090,0,2046,3198
13091,13091,0,2046,3860
13092,13092,0,2046,4095
13093,13093,0,2047,3855
13094,13094,0,2046,3190
13095,13095,0,2047,2257
13096,13096,0,2047,1272
13097,13097,0,2047,467
13098,13098,0,2046,26
13099,13099,0,2046,55
13100,13100,0,2046,546
13101,13101,0,2046,1383
13102,13102,0,2046,2373
13103,13103,0,2047,3285
13104,13104,0,2046,3908
13105,13105,0,2047,4094
13106,13106,0,2047,3803
13107,13107,0,2046,3100
13108,13108,0,2046,2150
13109,13109,0,2046,1175
13110,13110,0,2046,400
13111,13111,0,2046,6
13112,13112,0,2047,86
13113,13113,0,2047,622
13114,13114,0,2047,1486
13115,13115,0,2046,2478
13116,13116,0,2047,3369
13117,13117,0,2046,3950
13118,13118,0,2046,4085
13119,13119,0,2046,3745
13120,13120,0,2046,3007
13121,13121,0,2046,2043
13122,13122,0,2047,1079
13123,13123,0,2046,337
13124,13124,0,2046,0
13125,13125,0,2046,123
13126,13126,0,2046,700
13127,13127,0,2047,1589
13128,13128,0,2047,2582
13129,13129,0,2046,3449
13130,13130,0,2047,3986
13131,13131,0,2046,4072
13132,13132,0,2046,3683
13133,13133,0,2047,2910
13134,13134,0,2046,1936
13135,13135,0,2046,986
13136,13136,0,2047,279
13137,13137,0,2047,0
13138,13138,0,2046,165
13139,13139,0,2047,784
13140,13140,0,2047,1693
13141,13141,0,2046,2684
13142,13142,0,2047,3524
13143,13143,0,2046,4019
13144,13144,0,2046,4052
13145,13145,0,2046,3616
13146,13146,0,2046,2813
13147,13147,0,2047,1829
13148,13148,0,2046,895
13149,13149,0,2047,226
13150,13150,0,2047,0
13151,13151,0,2047,213
13152,13152,0,2046,870
13153,13153,0,2046,1800
13154,13154,0,2046,2785
13155,13155,0,2047,3596
13156,13156,0,2046,4046
13157,13157,0,2047,4027
13158,13158,0,2047,3545
13159,13159,0,2046,2713
13160,13160,0,2047,1724
13161,13161,0,2047,807
13162,13162,0,2047,178
13163,13163,0,2046,0
13164,13164,0,2047,264
13165,13165,0,2046,960
13166,13166,0,2047,1907
13167,13167,0,2046,2884
13168,13168,0,2047,3664
13169,13169,0,2047,4067
13170,13170,0,2047,3996
13171,13171,0,2047,3470
13172,13172,0,2047,2610
13173,13173,0,2046,1618
13174,13174,0,2047,724
13175,13175,0,2046,135
13176,13176,0,2047,0
13177,13177,0,2047,320
13178,13178,0,2047,1052
13179,13179,0,2046,2013
13180,13180,0,2047,2980
13181,13181,0,2046,3728
13182,13182,0,2047,4082
13183,13183,0,2046,3960
13184,13184,0,2046,3390
13185,13185,0,2047,2507
13186,13186,0,2046,1514
13187,13187,0,2047,643
13188,13188,0,2046,97
13189,13189,0,2046,3
13190,13190,0,2046,382
13191,13191,0,2046,1148
13192,13192,0,2046,2121
13193,13193,0,2047,3074
13194,13194,0,2047,3786
13195,13195,0,2046,4091
13196,13196,0,2046,3919
13197,13197,0,2047,3308
13198,13198,0,2046,2402
13199,13199,0,2047,1412
13200,13200,0,2047,566
13201,13201,0,2047,63
13202,13202,0,2046,21
13203,13203,0,2046,448
13204,13204,0,2046,1245
13205,13205,0,2046,2227
13206,13206,0,2046,3165
13207,13207,0,2046,3841
13208,13208,0,2047,4095
13209,13209,0,2046,3874
13210,13210,0,2046,3223
13211,13211,0,2047,2297
13212,13212,0,2047,1310
13213,13213,0,2047,493
13214,13214,0,2046,35
13215,13215,0,2047,45
13216,13216,0,2047,518
13217,13217,0,2047,1345
13218,13218,0,2046,2334
13219,13219,0,2047,3253
13220,13220,0,2046,3891
13221,13221,0,2047,4095
13222,13222,0,2046,3822
13223,13223,0,2046,3133
13224,13224,0,2046,2190
13225,13225,0,2046,1211
13226,13226,0,2046,425
13227,13227,0,2047,14
13228,13228,0,2046,74
13229,13229,0,2047,592
13230,13230,0,2047,1447
13231,13231,0,2046,2439
13232,13232,0,2046,3338
13233,13233,0,2046,3935
13234,13234,0,2046,4090
13235,13235,0,2046,3767
13236,13236,0,2046,3043
13237,13237,0,2046,2083
13238,13238,0,2047,1114
13239,13239,0,2047,360
13240,13240,0,2047,0
13241,13241,0,2047,109
13242,13242,0,2046,670
13243,13243,0,2046,1550
13244,13244,0,2046,2543
13245,13245,0,2046,3419
13246,13246,0,2046,3973
13247,13247,0,2047,4077
13248,13248,0,2046,3706
13249,13249,0,2047,2946
13250,13250,0,2047,1976
13251,13251,0,2047,1020
13252,13252,0,2046,300
13253,13253,0,2046,0
13254,13254,0,2047,149
13255,13255,0,2046,752
13256,13256,0,2047,1655
13257,13257,0,2047,2646
13258,13258,0,2047,3497
13259,13259,0,2047,4007
13260,13260,0,2047,4059
13261,13261,0,2046,3641
13262,13262,0,2046,2850
13263,13263,0,2047,1869
13264,13264,0,2047,928
13265,13265,0,2046,245
13266,13266,0,2046,0
13267,13267,0,2046,194
13268,13268,0,2046,838
13269,13269,0,2047,1761
13270,13270,0,2047,2748
13271,13271,0,2046,3570
13272,13272,0,2046,4036
13273,13273,0,2047,4038
13274,13274,0,2047,3572
13275,13275,0,2047,2750
13276,13276,0,2046,1763
13277,13277,0,2047,840
13278,13278,0,2047,194
13279,13279,0,2046,0
13280,13280,0,2046,244
13281,13281,0,2047,926
13282,13282,0,2046,1866
13283,13283,0,2047,2847
13284,13284,0,2047,3639
13285,13285,0,2047,4059
13286,13286,0,2047,4008
13287,13287,0,2046,3498
13288,13288,0,2046,2648
13289,13289,0,2047,1657
13290,13290,0,2047,754
13291,13291,0,2047,150
13292,13292,0,2046,0
13293,13293,0,2046,299
13294,13294,0,2046,1018
13295,13295,0,2046,1974
13296,13296,0,2047,2945
13297,13297,0,2047,3704
13298,13298,0,2046,4077
13299,13299,0,2047,3974
13300,13300,0,2046,3421
13301,13301,0,2046,2545
13302,13302,0,2046,1552
13303,13303,0,2046,672
13304,13304,0,2046,111
13305,13305,0,2046,0
13306,13306,0,2047,359
13307,13307,0,2047,1111
13308,13308,0,2047,2080
13309,13309,0,2047,3039
13310,13310,0,2047,3765
13311,13311,0,2046,4089
13312,13312,0,2047,3935
13313,13313,0,2047,3340
13314,13314,0,2047,2441
13315,13315,0,2046,1449
13316,13316,0,2047,595
13317,13317,0,2046,76
13318,13318,0,2046,13
13319,13319,0,2046,423
13320,13320,0,2046,1209
13321,13321,0,2047,2187
13322,13322,0,2046,3131
13323,13323,0,2047,3822
13324,13324,0,2046,4095
13325,13325,0,2046,3891
13326,13326,0,2046,3255
13327,13327,0,2047,2336
13328,13328,0,2047,1347
13329,13329,0,2046,520
13330,13330,0,2046,45
13331,13331,0,2046,35
13332,13332,0,2047,492
13333,13333,0,2046,1308
13334,13334,0,2047,2294
13335,13335,0,2047,3221
13336,13336,0,2047,3872
13337,13337,0,2046,4095
13338,13338,0,2047,3842
13339,13339,0,2047,3167
13340,13340,0,2046,2230
13341,13341,0,2047,1248
13342,13342,0,2047,449
13343,13343,0,2046,21
13344,13344,0,2046,63
13345,13345,0,2046,564
13346,13346,0,2047,1409
13347,13347,0,2046,2401
13348,13348,0,2047,3306
13349,13349,0,2047,3918
13350,13350,0,2046,4093
13351,13351,0,2047,3788
13352,13352,0,2047,3076
13353,13353,0,2047,2123
13354,13354,0,2046,1150
13355,13355,0,2046,384
13356,13356,0,2046,3
13357,13357,0,2046,96
13358,13358,0,2046,641
13359,13359,0,2047,1512
13360,13360,0,2046,2505
13361,13361,0,2047,3389
13362,13362,0,2047,3959
13363,13363,0,2047,4082
13364,13364,0,2047,3729
13365,13365,0,2046,2982
13366,13366,0,2046,2016
13367,13367,0,2047,1055
13368,13368,0,2047,322
13369,13369,0,2047,0
13370,13370,0,2046,133
13371,13371,0,2047,721
13372,13372,0,2047,1616
13373,13373,0,2046,2608
13374,13374,0,2047,3468
13375,13375,0,2046,3995
13376,13376,0,2047,4067
13377,13377,0,2046,3666
13378,13378,0,2047,2886
13379,13379,0,2047,1909
13380,13380,0,2047,962
13381,13381,0,2047,266
13382,13382,0,2046,0
13383,13383,0,2046,177
13384,13384,0,2046,806
13385,13385,0,2046,1721
13386,13386,0,2046,2710
13387,13387,0,2047,3544
13388,13388,0,2046,4025
13389,13389,0,2046,4046
13390,13390,0,2047,3598
13391,13391,0,2046,2787
13392,13392,0,2048,1802
13393,13393,0,2046,872
13394,13394,0,2047,214
13395,13395,0,2046,0
13396,13396,0,2047,225
13397,13397,0,2046,893
13398,13398,0,2046,1827
13399,13399,0,2046,2810
13400,13400,0,2046,3614
13401,13401,0,2047,4051
13402,13402,0,2047,4019
13403,13403,0,2046,3526
13404,13404,0,2047,2687
13405,13405,0,2047,1697
13406,13406,0,2046,785
13407,13407,0,2047,166
13408,13408,0,2046,0
13409,13409,0,2047,278
13410,13410,0,2047,983
13411,13411,0,2047,1934
13412,13412,0,2046,2909
13413,13413,0,2046,3681
13414,13414,0,2046,4070
13415,13415,0,2045,3987
13416,13416,0,2047,3450
13417,13417,0,2046,2583
13418,13418,0,2046,1591
13419,13419,0,2046,702
13420,13420,0,2046,125
13421,13421,0,2046,0
13422,13422,0,2046,336
13423,13423,0,2046,1077
13424,13424,0,2046,2041
13425,13425,0,2046,3005
13426,13426,0,2047,3744
13427,13427,0,2046,4085
13428,13428,0,2047,3950
13429,13429,0,2046,3371
13430,13430,0,2047,2480
13431,13431,0,2047,1488
13432,13432,0,2047,623
13433,13433,0,2047,87
13434,13434,0,2046,6
13435,13435,0,2047,399
13436,13436,0,2046,1173
13437,13437,0,2047,2149
13438,13438,0,2047,3098
13439,13439,0,2046,3801
13440,13440,0,2046,4093
13441,13441,0,2046,3909
13442,13442,0,2047,3287
13443,13443,0,2046,2375
13444,13444,0,2046,1385
13445,13445,0,2047,546
13446,13446,0,2046,56
13447,13447,0,2047,26
13448,13448,0,2046,466
13449,13449,0,2046,1271
13450,13450,0,2046,2255
13451,13451,0,2046,3188
13452,13452,0,2046,3853
13453,13453,0,2046,4095
13454,13454,0,2047,3861
13455,13455,0,2046,3200
13456,13456,0,2046,2269
13457,13457,0,2046,1284
13458,13458,0,2047,475
13459,13459,0,2047,30
13460,13460,0,2047,52
13461,13461,0,2047,536
13462,13462,0,2047,1371
13463,13463,0,2047,2361
13464,13464,0,2046,3275
13465,13465,0,2046,3902
13466,13466,0,2046,4095
13467,13467,0,2047,3809
13468,13468,0,2046,3110
13469,13469,0,2047,2162
13470,13470,0,2047,1185
13471,13471,0,2046,407
13472,13472,0,2046,9
13473,13473,0,2046,82
13474,13474,0,2047,612
13475,13475,0,2047,1473
13476,13476,0,2046,2466
13477,13477,0,2047,3359
13478,13478,0,2046,3945
13479,13479,0,2046,4087
13480,13480,0,2047,3752
13481,13481,0,2047,3018
13482,13482,0,2047,2055
13483,13483,0,2046,1090
13484,13484,0,2046,345
13485,13485,0,2046,0
13486,13486,0,2047,119
13487,13487,0,2046,692
13488,13488,0,2046,1576
13489,13489,0,2046,2570
13490,13490,0,2046,3440
13491,13491,0,2046,3982
13492,13492,0,2047,4073
13493,13493,0,2046,3689
13494,13494,0,2047,2922
13495,13495,0,2047,1948
13496,13496,0,2046,996
13497,13497,0,2046,286
13498,13498,0,2046,0
13499,13499,0,2046,160
13500,13500,0,2046,774
13501,13501,0,2047,1681
13502,13502,0,2046,2672
13503,13503,0,2046,3515
13504,13504,0,2047,4015
13505,13505,0,2046,4054
13506,13506,0,2046,3624
13507,13507,0,2046,2823
13508,13508,0,2046,1841
13509,13509,0,2046,905
13510,13510,0,2046,232
13511,13511,0,2046,0
13512,13512,0,2047,206
13513,13513,0,2046,860
13514,13514,0,2046,1788
13515,13515,0,2046,2774
13516,13516,0,2047,3588
13517,13517,0,2046,4042
13518,13518,0,2046,4029
13519,13519,0,2047,3553
13520,13520,0,2046,2724
13521,13521,0,2046,1735
13522,13522,0,2047,817
13523,13523,0,2046,183
13524,13524,0,2046,0
13525,13525,0,2046,258
13526,13526,0,2047,949
13527,13527,0,2047,1894
13528,13528,0,2046,2872
13529,13529,0,2046,3656
13530,13530,0,2046,4064
13531,13531,0,2047,4000
13532,13532,0,2046,3479
13533,13533,0,2046,2622
13534,13534,0,2047,1630
13535,13535,0,2046,733
13536,13536,0,2047,140
13537,13537,0,2046,0
13538,13538,0,2047,314
13539,13539,0,2046,1042
13540,13540,0,2047,2001
13541,13541,0,2046,2970
13542,13542,0,2047,3720
13543,13543,0,2046,4080
13544,13544,0,2046,3965
13545,13545,0,2047,3400
13546,13546,0,2046,2519
13547,13547,0,2046,1526
13548,13548,0,2046,651
13549,13549,0,2046,101
13550,13550,0,2046,0
13551,13551,0,2047,375
13552,13552,0,2046,1137
13553,13553,0,2047,2109
13554,13554,0,2046,3063
13555,13555,0,2046,3781
13556,13556,0,2046,4091
13557,13557,0,2046,3924
13558,13558,0,2046,3319
13559,13559,0,2047,2414
13560,13560,0,2046,1422
13561,13561,0,2046,575
13562,13562,0,2047,67
13563,13563,0,2046,18
13564,13564,0,2046,441
13565,13565,0,2047,1234
13566,13566,0,2046,2216
13567,13567,0,2046,3155
13568,13568,0,2046,3835
13569,13569,0,2047,4095
13570,13570,0,2046,3879
13571,13571,0,2047,3233
13572,13572,0,2046,2308
13573,13573,0,2046,1322
13574,13574,0,2047,501
13575,13575,0,2046,38
13576,13576,0,2047,42
13577,13577,0,2047,509
13578,13578,0,2047,1334
13579,13579,0,2046,2321
13580,13580,0,2047,3242
13581,13581,0,2047,3885
13582,13582,0,2046,4095
13583,13583,0,2046,3829
13584,13584,0,2046,3144
13585,13585,0,2047,2202
13586,13586,0,2046,1222
13587,13587,0,2047,432
13588,13588,0,2046,16
13589,13589,0,2047,71
13590,13590,0,2047,584
13591,13591,0,2047,1435
13592,13592,0,2047,2427
13593,13593,0,2046,3328
13594,13594,0,2047,3930
13595,13595,0,2046,4091
13596,13596,0,2046,3774
13597,13597,0,2047,3053
13598,13598,0,2046,2095
13599,13599,0,2046,1125
13600,13600,0,2046,367
13601,13601,0,2047,0
13602,13602,0,2046,105
13603,13603,0,2047,661
13604,13604,0,2046,1539
13605,13605,0,2046,2532
13606,13606,0,2046,3410
13607,13607,0,2046,3970
13608,13608,0,2046,4079
13609,13609,0,2046,3714
13610,13610,0,2047,2958
13611,13611,0,2046,1988
13612,13612,0,2046,1031
13613,13613,0,2046,307
13614,13614,0,2047,0
13615,13615,0,2046,144
13616,13616,0,2046,743
13617,13617,0,2046,1642
13618,13618,0,2046,2635
13619,13619,0,2047,3489
13620,13620,0,2046,4004
13621,13621,0,2046,4062
13622,13622,0,2046,3649
13623,13623,0,2046,2861
13624,13624,0,2046,1881
13625,13625,0,2046,938
13626,13626,0,2046,251
13627,13627,0,2047,0
13628,13628,0,2046,189
13629,13629,0,2046,827
13630,13630,0,2046,1748
13631,13631,0,2046,2737
13632,13632,0,2047,3562
13633,13633,0,2047,4034
13634,13634,0,2047,4040
13635,13635,0,2046,3580
13636,13636,0,2046,2762
13637,13637,0,2047,1775
13638,13638,0,2047,849
13639,13639,0,2045,200
13640,13640,0,2046,0
13641,13641,0,2047,239
13642,13642,0,2046,916
13643,13643,0,2047,1854
13644,13644,0,2046,2836
13645,13645,0,2046,3631
13646,13646,0,2047,4056
13647,13647,0,2046,4012
13648,13648,0,2047,3507
13649,13649,0,2046,2660
13650,13650,0,2047,1669
13651,13651,0,2046,763
13652,13652,0,2046,155
13653,13653,0,2046,0
13654,13654,0,2046,293
13655,13655,0,2046,1007
13656,13656,0,2046,1962
13657,13657,0,2046,2934
13658,13658,0,2046,3697
13659,13659,0,2046,4075
13660,13660,0,2046,3978
13661,13661,0,2047,3430
13662,13662,0,2047,2557
13663,13663,0,2046,1564
13664,13664,0,2046,682
13665,13665,0,2046,115
13666,13666,0,2046,0
13667,13667,0,2047,352
13668,13668,0,2046,1101
13669,13669,0,2047,2068
13670,13670,0,2047,3029
13671,13671,0,2046,3758
13672,13672,0,2047,4088
13673,13673,0,2046,3939
13674,13674,0,2046,3349
13675,13675,0,2046,2453
13676,13676,0,2046,1461
13677,13677,0,2046,603
13678,13678,0,2046,79
13679,13679,0,2047,11
13680,13680,0,2046,416
13681,13681,0,2046,1197
13682,13682,0,2046,2176
13683,13683,0,2047,3122
13684,13684,0,2046,3815
13685,13685,0,2047,4095
13686,13686,0,2047,3896
13687,13687,0,2046,3265
13688,13688,0,2047,2348
13689,13689,0,2046,1359
13690,13690,0,2046,528
13691,13691,0,2047,48
13692,13692,0,2046,33
13693,13693,0,2047,484
13694,13694,0,2047,1297
13695,13695,0,2046,2281
13696,13696,0,2046,3211
13697,13697,0,2047,3867
13698,13698,0,2046,4095
13699,13699,0,2047,3848
13700,13700,0,2046,3178
13701,13701,0,2046,2242
13702,13702,0,2047,1259
13703,13703,0,2046,458
13704,13704,0,2047,23
13705,13705,0,2047,59
13706,13706,0,2047,556
13707,13707,0,2046,1398
13708,13708,0,2047,2388
13709,13709,0,2047,3298
13710,13710,0,2047,3914
13711,13711,0,2047,4093
13712,13712,0,2047,3795
13713,13713,0,2046,3086
13714,13714,0,2046,2135
13715,13715,0,2046,1160
13716,13716,0,2046,392
13717,13717,0,2046,5
13718,13718,0,2046,92
13719,13719,0,2046,632
13720,13720,0,2047,1500
13721,13721,0,2047,2493
13722,13722,0,2046,3380
13723,13723,0,2047,3956
13724,13724,0,2046,4083
13725,13725,0,2046,3736
13726,13726,0,2046,2993
13727,13727,0,2046,2028
13728,13728,0,2046,1066
13729,13729,0,2046,329
13730,13730,0,2046,0
13731,13731,0,2046,129
13732,13732,0,2047,712
13733,13733,0,2046,1604
13734,13734,0,2046,2596
13735,13735,0,2047,3460
13736,13736,0,2047,3991
13737,13737,0,2046,4069
13738,13738,0,2046,3674
13739,13739,0,2046,2896
13740,13740,0,2047,1921
13741,13741,0,2047,973
13742,13742,0,2047,271
13743,13743,0,2046,0
13744,13744,0,2047,171
13745,13745,0,2047,796
13746,13746,0,2047,1709
13747,13747,0,2047,2699
13748,13748,0,2047,3535
13749,13749,0,2046,4022
13750,13750,0,2046,4048
13751,13751,0,2046,3606
13752,13752,0,2046,2799
13753,13753,0,2046,1814
13754,13754,0,2047,882
13755,13755,0,2046,219
13756,13756,0,2047,0
13757,13757,0,2046,219
13758,13758,0,2047,883
13759,13759,0,2047,1815
13760,13760,0,2047,2799
13761,13761,0,2046,3607
13762,13762,0,2046,4048
13763,13763,0,2046,4023
13764,13764,0,2047,3534
13765,13765,0,2046,2697
13766,13766,0,2047,1708
13767,13767,0,2047,796
13768,13768,0,2047,172
13769,13769,0,2047,0
13770,13770,0,2046,272
13771,13771,0,2046,973
13772,13772,0,2046,1922
13773,13773,0,2046,2898
13774,13774,0,2047,3674
13775,13775,0,2047,4069
13776,13776,0,2047,3992
13777,13777,0,2046,3459
13778,13778,0,2047,2595
13779,13779,0,2047,1603
13780,13780,0,2047,711
13781,13781,0,2046,129
13782,13782,0,2046,0
13783,13783,0,2047,329
13784,13784,0,2046,1066
13785,13785,0,2046,2029
13786,13786,0,2046,2994
13787,13787,0,2046,3736
13788,13788,0,2046,4084
13789,13789,0,2047,3955
13790,13790,0,2047,3380
13791,13791,0,2046,2492
13792,13792,0,2047,1499
13793,13793,0,2046,632
13794,13794,0,2047,92
13795,13795,0,2046,4
13796,13796,0,2047,392
13797,13797,0,2047,1162
13798,13798,0,2046,2136
13799,13799,0,2046,3087
13800,13800,0,2046,3795
13801,13801,0,2046,4093
13802,13802,0,2047,3913
13803,13803,0,2046,3297
13804,13804,0,2046,2387
13805,13805,0,2046,1396
13806,13806,0,2047,555
13807,13807,0,2046,59
13808,13808,0,2046,23
13809,13809,0,2046,458
13810,13810,0,2046,1259
13811,13811,0,2046,2243
13812,13812,0,2045,3178
13813,13813,0,2046,3848
13814,13814,0,2046,4095
13815,13815,0,2046,3866
13816,13816,0,2046,3210
13817,13817,0,2047,2281
13818,13818,0,2047,1296
13819,13819,0,2046,484
13820,13820,0,2046,32
13821,13821,0,2046,50
13822,13822,0,2046,529
13823,13823,0,2046,1359
13824,13824,0,2046,2349
13825,13825,0,2046,3265
13826,13826,0,2046,3897
13827,13827,0,2046,4095
13828,13828,0,2047,3814
13829,13829,0,2046,3120
13830,13830,0,2046,2175
13831,13831,0,2046,1197
13832,13832,0,2046,415
13833,13833,0,2046,11
13834,13834,0,2046,79
13835,13835,0,2046,603
13836,13836,0,2047,1462
13837,13837,0,2046,2454
13838,13838,0,2047,3350
13839,13839,0,2047,3940
13840,13840,0,2046,4088
13841,13841,0,2046,3758
13842,13842,0,2046,3028
13843,13843,0,2046,2068
13844,13844,0,2046,1100
13845,13845,0,2047,351
13846,13846,0,2047,0
13847,13847,0,2046,115
13848,13848,0,2046,682
13849,13849,0,2046,1565
13850,13850,0,2046,2558
13851,13851,0,2046,3430
13852,13852,0,2047,3978
13853,13853,0,2046,4075
13854,13854,0,2046,3696
13855,13855,0,2046,2933
13856,13856,0,2047,1961
13857,13857,0,2046,1006
13858,13858,0,2046,293
13859,13859,0,2047,0
13860,13860,0,2046,156
13861,13861,0,2047,764
13862,13862,0,2046,1670
13863,13863,0,2047,2662
13864,13864,0,2047,3507
13865,13865,0,2046,4012
13866,13866,0,2046,4057
13867,13867,0,2047,3632
13868,13868,0,2047,2835
13869,13869,0,2046,1854
13870,13870,0,2046,915
13871,13871,0,2046,238
13872,13872,0,2046,0
13873,13873,0,2046,201
13874,13874,0,2047,850
13875,13875,0,2046,1775
13876,13876,0,2046,2762
13877,13877,0,2046,3581
13878,13878,0,2046,4040
13879,13879,0,2047,4034
13880,13880,0,2047,3562
13881,13881,0,2047,2736
13882,13882,0,2046,1747
13883,13883,0,2047,827
13884,13884,0,2047,188
13885,13885,0,2047,0
13886,13886,0,2047,252
13887,13887,0,2046,939
13888,13888,0,2046,1882
13889,13889,0,2046,2861
13890,13890,0,2046,3649
13891,13891,0,2046,4062
13892,13892,0,2046,4004
13893,13893,0,2046,3487
13894,13894,0,2046,2634
13895,13895,0,2046,1642
13896,13896,0,2046,742
13897,13897,0,2046,144
13898,13898,0,2046,0
13899,13899,0,2046,307
13900,13900,0,2046,1031
13901,13901,0,2047,1989
13902,13902,0,2046,2958
13903,13903,0,2046,3714
13904,13904,0,2047,4079
13905,13905,0,2047,3970
13906,13906,0,2046,3409
13907,13907,0,2046,2531
13908,13908,0,2047,1538
13909,13909,0,2047,661
13910,13910,0,2046,106
13911,13911,0,2047,0
13912,13912,0,2047,368
13913,13913,0,2046,1125
13914,13914,0,2046,2096
13915,13915,0,2046,3053
13916,13916,0,2047,3773
13917,13917,0,2046,4091
13918,13918,0,2046,3929
13919,13919,0,2047,3328
13920,13920,0,2047,2426
13921,13921,0,2047,1435
13922,13922,0,2046,584
13923,13923,0,2046,70
13924,13924,0,2046,16
13925,13925,0,2046,433
13926,13926,0,2047,1223
13927,13927,0,2046,2203
13928,13928,0,2047,3146
13929,13929,0,2046,3829
13930,13930,0,2046,4095
13931,13931,0,2046,3884
13932,13932,0,2047,3242
13933,13933,0,2046,2320
13934,13934,0,2046,1333
13935,13935,0,2047,509
13936,13936,0,2047,41
13937,13937,0,2046,38
13938,13938,0,2047,502
13939,13939,0,2047,1322
13940,13940,0,2047,2310
13941,13941,0,2046,3233
13942,13942,0,2047,3879
13943,13943,0,2046,4095
13944,13944,0,2046,3835
13945,13945,0,2047,3155
13946,13946,0,2047,2214
13947,13947,0,2046,1234
13948,13948,0,2046,441
13949,13949,0,2047,19
13950,13950,0,2047,67
13951,13951,0,2047,575
13952,13952,0,2047,1424
13953,13953,0,2046,2415
13954,13954,0,2046,3319
13955,13955,0,2047,3925
13956,13956,0,2047,4091
13957,13957,0,2046,3779
13958,13958,0,2046,3063
13959,13959,0,2046,2107
13960,13960,0,2047,1135
13961,13961,0,2046,374
13962,13962,0,2047,0
13963,13963,0,2047,101
13964,13964,0,2046,652
13965,13965,0,2046,1526
13966,13966,0,2047,2520
13967,13967,0,2047,3401
13968,13968,0,2046,3964
13969,13969,0,2046,4081
13970,13970,0,2046,3721
13971,13971,0,2046,2968
13972,13972,0,2047,2000
13973,13973,0,2046,1041
13974,13974,0,2046,314
13975,13975,0,2046,0
13976,13976,0,2047,140
13977,13977,0,2047,733
13978,13978,0,2046,1631
13979,13979,0,2047,2623
13980,13980,0,2047,3479
13981,13981,0,2046,3999
13982,13982,0,2046,4065
13983,13983,0,2046,3657
13984,13984,0,2046,2871
13985,13985,0,2047,1894
13986,13986,0,2046,948
13987,13987,0,2046,258
13988,13988,0,2046,0
13989,13989,0,2046,183
13990,13990,0,2046,818
13991,13991,0,2046,1736
13992,13992,0,2046,2725
13993,13993,0,2046,3554
13994,13994,0,2046,4029
13995,13995,0,2047,4043
13996,13996,0,2047,3588
13997,13997,0,2047,2773
13998,13998,0,2046,1787
13999,13999,0,2046,859
14000,14000,0,2047,206
14001,14001,0,2047,0
14002,14002,0,2047,233
14003,14003,0,2047,905
14004,14004,0,2047,1842
14005,14005,0,2047,2825
14006,14006,0,2047,3624
14007,14007,0,2046,4054
14008,14008,0,2046,4015
14009,14009,0,2046,3515
14010,14010,0,2046,2672
14011,14011,0,2046,1681
14012,14012,0,2046,773
14013,14013,0,2046,160
14014,14014,0,2046,0
14015,14015,0,2047,286
14016,14016,0,2047,996
14017,14017,0,2046,1949
14018,14018,0,2047,2923
14019,14019,0,2046,3690
14020,14020,0,2046,4073
14021,14021,0,2047,3983
14022,14022,0,2046,3439
14023,14023,0,2046,2570
14024,14024,0,2047,1576
14025,14025,0,2047,690
14026,14026,0,2047,119
14027,14027,0,2046,0
14028,14028,0,2046,345
14029,14029,0,2047,1090
14030,14030,0,2047,2056
14031,14031,0,2047,3018
14032,14032,0,2047,3752
14033,14033,0,2046,4087
14034,14034,0,2047,3944
14035,14035,0,2046,3358
14036,14036,0,2046,2465
14037,14037,0,2046,1473
14038,14038,0,2046,612
14039,14039,0,2047,82
14040,14040,0,2047,9
14041,14041,0,2047,407
14042,14042,0,2046,1187
14043,14043,0,2047,2164
14044,14044,0,2046,3111
14045,14045,0,2046,3809
14046,14046,0,2046,4095
14047,14047,0,2047,3902
14048,14048,0,2046,3275
14049,14049,0,2047,2360
14050,14050,0,2046,1371
14051,14051,0,2047,536
14052,14052,0,2047,51
14053,14053,0,2046,30
14054,14054,0,2047,476
14055,14055,0,2046,1285
14056,14056,0,2047,2270
14057,14057,0,2046,3201
14058,14058,0,2047,3861
14059,14059,0,2047,4095
14060,14060,0,2046,3854
14061,14061,0,2047,3188
14062,14062,0,2047,2253
14063,14063,0,2046,1270
14064,14064,0,2046,466
14065,14065,0,2047,26
14066,14066,0,2047,56
14067,14067,0,2046,547
14068,14068,0,2047,1386
14069,14069,0,2047,2376
14070,14070,0,2047,3287
14071,14071,0,2047,3909
14072,14072,0,2046,4094
14073,14073,0,2047,3801
14074,14074,0,2047,3097
14075,14075,0,2046,2147
14076,14076,0,2046,1172
14077,14077,0,2047,399
14078,14078,0,2046,7
14079,14079,0,2046,87
14080,14080,0,2047,624
14081,14081,0,2046,1488
14082,14082,0,2047,2481
14083,14083,0,2046,3371
14084,14084,0,2047,3951
14085,14085,0,2046,4085
14086,14086,0,2047,3743
14087,14087,0,2047,3004
14088,14088,0,2046,2040
14089,14089,0,2047,1076
14090,14090,0,2046,336
14091,14091,0,2047,0
14092,14092,0,2046,124
14093,14093,0,2046,703
14094,14094,0,2047,1592
14095,14095,0,2046,2585
14096,14096,0,2047,3451
14097,14097,0,2047,3987
14098,14098,0,2046,4071
14099,14099,0,2046,3680
14100,14100,0,2047,2908
14101,14101,0,2046,1933
14102,14102,0,2047,983
14103,14103,0,2046,277
14104,14104,0,2047,0
14105,14105,0,2047,167
14106,14106,0,2046,786
14107,14107,0,2047,1697
14108,14108,0,2047,2688
14109,14109,0,2046,3527
14110,14110,0,2047,4020
14111,14111,0,2047,4051
14112,14112,0,2046,3614
14113,14113,0,2047,2810
14114,14114,0,2046,1827
14115,14115,0,2046,892
14116,14116,0,2046,224
14117,14117,0,2047,0
14118,14118,0,2047,213
14119,14119,0,2047,873
14120,14120,0,2047,1803
14121,14121,0,2046,2788
14122,14122,0,2047,3598
14123,14123,0,2046,4046
14124,14124,0,2046,4026
14125,14125,0,2046,3542
14126,14126,0,2047,2710
14127,14127,0,2046,1720
14128,14128,0,2046,805
14129,14129,0,2046,176
14130,14130,0,2046,0
14131,14131,0,2047,266
14132,14132,0,2046,963
14133,14133,0,2046,1910
14134,14134,0,2047,2887
14135,14135,0,2047,3666
14136,14136,0,2046,4067
14137,14137,0,2046,3996
14138,14138,0,2046,3468
14139,14139,0,2047,2608
14140,14140,0,2047,1614
14141,14141,0,2046,721
14142,14142,0,2046,133
14143,14143,0,2047,0
14144,14144,0,2047,322
14145,14145,0,2046,1055
14146,14146,0,2047,2017
14147,14147,0,2046,2983
14148,14148,0,2047,3729
14149,14149,0,2046,4082
14150,14150,0,2046,3959
14151,14151,0,2046,3388
14152,14152,0,2047,2504
14153,14153,0,2047,1511
14154,14154,0,2046,641
14155,14155,0,2046,96
14156,14156,0,2047,3
14157,14157,0,2046,384
14158,14158,0,2046,1151
14159,14159,0,2046,2124
14160,14160,0,2046,3077
14161,14161,0,2047,3788
14162,14162,0,2046,4093
14163,14163,0,2046,3918
14164,14164,0,2047,3306
14165,14165,0,2046,2399
14166,14166,0,2046,1408
14167,14167,0,2046,564
14168,14168,0,2046,63
14169,14169,0,2047,22
14170,14170,0,2047,450
14171,14171,0,2047,1248
14172,14172,0,2047,2230
14173,14173,0,2047,3168
14174,14174,0,2046,3842
14175,14175,0,2046,4095
14176,14176,0,2047,3872
14177,14177,0,2047,3220
14178,14178,0,2046,2294
14179,14179,0,2046,1307
14180,14180,0,2047,492
14181,14181,0,2046,35
14182,14182,0,2046,46
14183,14183,0,2047,520
14184,14184,0,2047,1348
14185,14185,0,2047,2336
14186,14186,0,2047,3256
14187,14187,0,2046,3891
14188,14188,0,2046,4095
14189,14189,0,2047,3821
14190,14190,0,2046,3131
14191,14191,0,2046,2186
14192,14192,0,2046,1208
14193,14193,0,2047,423
14194,14194,0,2047,13
14195,14195,0,2047,75
14196,14196,0,2046,594
14197,14197,0,2046,1450
14198,14198,0,2047,2442
14199,14199,0,2047,3341
14200,14200,0,2046,3936
14201,14201,0,2046,4090
14202,14202,0,2047,3765
14203,14203,0,2047,3039
14204,14204,0,2046,2080
14205,14205,0,2046,1111
14206,14206,0,2046,358
14207,14207,0,2047,0
14208,14208,0,2047,111
14209,14209,0,2046,673
14210,14210,0,2047,1553
14211,14211,0,2046,2547
14212,14212,0,2047,3422
14213,14213,0,2047,3975
14214,14214,0,2046,4077
14215,14215,0,2046,3704
14216,14216,0,2047,2944
14217,14217,0,2046,1972
14218,14218,0,2046,1017
14219,14219,0,2046,299
14220,14220,0,2046,0
14221,14221,0,2047,150
14222,14222,0,2046,755
14223,14223,0,2046,1658
14224,14224,0,2047,2649
14225,14225,0,2047,3499
14226,14226,0,2047,4008
14227,14227,0,2046,4058
14228,14228,0,2046,3639
14229,14229,0,2046,2847
14230,14230,0,2047,1866
14231,14231,0,2047,925
14232,14232,0,2046,244
14233,14233,0,2046,0
14234,14234,0,2046,196
14235,14235,0,2047,840
14236,14236,0,2047,1763
14237,14237,0,2047,2751
14238,14238,0,2047,3572
14239,14239,0,2046,4037
14240,14240,0,2046,4036
14241,14241,0,2047,3570
14242,14242,0,2046,2747
14243,14243,0,2047,1760
14244,14244,0,2047,837
14245,14245,0,2046,194
14246,14246,0,2046,0
14247,14247,0,2046,246
14248,14248,0,2046,929
14249,14249,0,2046,1870
14250,14250,0,2046,2850
14251,14251,0,2047,3641
14252,14252,0,2046,4060
14253,14253,0,2047,4007
14254,14254,0,2046,3496
14255,14255,0,2046,2646
14256,14256,0,2047,1653
14257,14257,0,2046,751
14258,14258,0,2047,148
14259,14259,0,2046,0
14260,14260,0,2046,301
14261,14261,0,2047,1020
14262,14262,0,2047,1977
14263,14263,0,2046,2947
14264,14264,0,2046,3706
14265,14265,0,2047,4077
14266,14266,0,2047,3974
14267,14267,0,2047,3418
14268,14268,0,2046,2543
14269,14269,0,2047,1549
14270,14270,0,2046,670
14271,14271,0,2047,109
14272,14272,0,2046,0
14273,14273,0,2047,360
14274,14274,0,2046,1116
14275,14275,0,2046,2085
14276,14276,0,2046,3042
14277,14277,0,2046,3766
14278,14278,0,2046,4089
14279,14279,0,2047,3934
14280,14280,0,2047,3337
14281,14281,0,2046,2437
14282,14282,0,2047,1445
14283,14283,0,2046,592
14284,14284,0,2046,74
14285,14285,0,2047,13
14286,14286,0,2046,425
14287,14287,0,2046,1212
14288,14288,0,2046,2191
14289,14289,0,2046,3135
14290,14290,0,2046,3822
14291,14291,0,2046,4095
14292,14292,0,2047,3890
14293,14293,0,2046,3252
14294,14294,0,2046,2332
14295,14295,0,2046,1344
14296,14296,0,2046,518
14297,14297,0,2047,45
14298,14298,0,2046,36
14299,14299,0,2046,493
14300,14300,0,2047,1311
14301,14301,0,2046,2297
14302,14302,0,2047,3223
14303,14303,0,2046,3874
14304,14304,0,2046,4095
14305,14305,0,2047,3841
14306,14306,0,2046,3165
14307,14307,0,2046,2227
14308,14308,0,2046,1245
14309,14309,0,2047,447
14310,14310,0,2046,21
14311,14311,0,2047,64
14312,14312,0,2046,566
14313,14313,0,2046,1412
14314,14314,0,2046,2403
14315,14315,0,2046,3309
14316,14316,0,2047,3920
14317,14317,0,2046,4093
14318,14318,0,2046,3786
14319,14319,0,2046,3073
14320,14320,0,2046,2119
14321,14321,0,2046,1147
14322,14322,0,2046,382
14323,14323,0,2046,2
14324,14324,0,2046,96
14325,14325,0,2047,644
14326,14326,0,2047,1516
14327,14327,0,2046,2508
14328,14328,0,2046,3392
14329,14329,0,2047,3960
14330,14330,0,2046,4081
14331,14331,0,2046,3727
14332,14332,0,2047,2980
14333,14333,0,2047,2012
14334,14334,0,2047,1052
14335,14335,0,2046,321
14336,14336,0,2046,0
14337,14337,0,2046,135
14338,14338,0,2046,724
14339,14339,0,2047,1619
14340,14340,0,2047,2611
14341,14341,0,2046,3471
14342,14342,0,2046,3995
14343,14343,0,2046,4066
14344,14344,0,2046,3664
14345,14345,0,2047,2883
14346,14346,0,2047,1906
14347,14347,0,2046,959
14348,14348,0,2047,264
14349,14349,0,2046,0
14350,14350,0,2046,178
14351,14351,0,2046,808
14352,14352,0,2047,1724
14353,14353,0,2047,2714
14354,14354,0,2046,3546
14355,14355,0,2047,4027
14356,14356,0,2047,4045
14357,14357,0,2046,3596
14358,14358,0,2046,2784
14359,14359,0,2046,1799
14360,14360,0,2046,869
14361,14361,0,2047,211
14362,14362,0,2047,0
14363,14363,0,2047,226
14364,14364,0,2046,896
14365,14365,0,2047,1831
14366,14366,0,2046,2814
14367,14367,0,2046,3616
14368,14368,0,2047,4051
14369,14369,0,2047,4018
14370,14370,0,2046,3523
14371,14371,0,2046,2684
14372,14372,0,2047,1694
14373,14373,0,2046,784
14374,14374,0,2046,165
14375,14375,0,2046,0
14376,14376,0,2046,280
14377,14377,0,2047,986
14378,14378,0,2047,1938
14379,14379,0,2047,2912
14380,14380,0,2046,3683
14381,14381,0,2046,4072
14382,14382,0,2046,3987
14383,14383,0,2047,3448
14384,14384,0,2046,2581
14385,14385,0,2046,1588
14386,14386,0,2047,699
14387,14387,0,2047,123
14388,14388,0,2046,0
14389,14389,0,2046,338
14390,14390,0,2046,1079
14391,14391,0,2047,2044
14392,14392,0,2047,3008
14393,14393,0,2046,3745
14394,14394,0,2047,4085
14395,14395,0,2046,3949
14396,14396,0,2047,3368
14397,14397,0,2047,2477
14398,14398,0,2047,1484
14399,14399,0,2046,620
14400,14400,0,2046,87
14401,14401,0,2047,7
14402,14402,0,2047,400
14403,14403,0,2046,1176
14404,14404,0,2047,2151
14405,14405,0,2047,3101
14406,14406,0,2047,3802
14407,14407,0,2047,4094
14408,14408,0,2046,3907
14409,14409,0,2046,3285
14410,14410,0,2046,2372
14411,14411,0,2047,1382
14412,14412,0,2046,544
14413,14413,0,2047,54
14414,14414,0,2047,27
14415,14415,0,2047,467
14416,14416,0,2047,1274
14417,14417,0,2047,2258
14418,14418,0,2046,3191
14419,14419,0,2047,3855
14420,14420,0,2047,4095
14421,14421,0,2046,3859
14422,14422,0,2046,3198
14423,14423,0,2046,2265
14424,14424,0,2047,1282
14425,14425,0,2046,473
14426,14426,0,2047,29
14427,14427,0,2046,52
14428,14428,0,2047,538
14429,14429,0,2046,1374
14430,14430,0,2047,2364
14431,14431,0,2047,3277
14432,14432,0,2046,3904
14433,14433,0,2046,4095
14434,14434,0,2046,3807
14435,14435,0,2047,3108
14436,14436,0,2046,2159
14437,14437,0,2046,1183
14438,14438,0,2046,406
14439,14439,0,2046,8
14440,14440,0,2047,83
14441,14441,0,2047,614
14442,14442,0,2047,1477
14443,14443,0,2046,2469
14444,14444,0,2046,3362
14445,14445,0,2047,3947
14446,14446,0,2046,4086
14447,14447,0,2047,3749
14448,14448,0,2047,3014
14449,14449,0,2046,2052
14450,14450,0,2046,1087
14451,14451,0,2047,343
14452,14452,0,2047,0
14453,14453,0,2046,121
14454,14454,0,2047,693
14455,14455,0,2047,1580
14456,14456,0,2047,2573
14457,14457,0,2047,3442
14458,14458,0,2047,3984
14459,14459,0,2046,4072
14460,14460,0,2046,3689
14461,14461,0,2046,2919
14462,14462,0,2046,1946
14463,14463,0,2047,993
14464,14464,0,2047,284
14465,14465,0,2047,0
14466,14466,0,2046,161
14467,14467,0,2047,776
14468,14468,0,2046,1685
14469,14469,0,2047,2675
14470,14470,0,2046,3518
14471,14471,0,2046,4016
14472,14472,0,2047,4054
14473,14473,0,2047,3622
14474,14474,0,2046,2821
14475,14475,0,2046,1839
14476,14476,0,2047,902
14477,14477,0,2046,230
14478,14478,0,2047,0
14479,14479,0,2047,208
14480,14480,0,2047,862
14481,14481,0,2046,1791
14482,14482,0,2047,2777
14483,14483,0,2047,3591
14484,14484,0,2047,4043
14485,14485,0,2047,4029
14486,14486,0,2047,3552
14487,14487,0,2047,2721
14488,14488,0,2046,1732
14489,14489,0,2046,815
14490,14490,0,2046,181
14491,14491,0,2046,0
14492,14492,0,2046,259
14493,14493,0,2046,952
14494,14494,0,2046,1898
14495,14495,0,2046,2876
14496,14496,0,2047,3658
14497,14497,0,2046,4064
14498,14498,0,2047,3999
14499,14499,0,2046,3477
14500,14500,0,2046,2619
14501,14501,0,2047,1627
14502,14502,0,2047,730
14503,14503,0,2046,138
14504,14504,0,2046,0
14505,14505,0,2047,316
14506,14506,0,2046,1044
14507,14507,0,2047,2005
14508,14508,0,2047,2972
14509,14509,0,2046,3722
14510,14510,0,2046,4080
14511,14511,0,2047,3964
14512,14512,0,2047,3398
14513,14513,0,2047,2516
14514,14514,0,2047,1522
14515,14515,0,2047,650
14516,14516,0,2047,99
14517,14517,0,2047,1
14518,14518,0,2047,377
14519,14519,0,2047,1140
14520,14520,0,2047,2111
14521,14521,0,2046,3066
14522,14522,0,2047,3782
14523,14523,0,2046,4092
14524,14524,0,2047,3923
14525,14525,0,2046,3316
14526,14526,0,2047,2412
14527,14527,0,2046,1419
14528,14528,0,2046,572
14529,14529,0,2047,66
14530,14530,0,2047,19
14531,14531,0,2046,442
14532,14532,0,2047,1237
14533,14533,0,2046,2218
14534,14534,0,2046,3158
14535,14535,0,2046,3837
14536,14536,0,2047,4095
14537,14537,0,2046,3877
14538,14538,0,2046,3230
14539,14539,0,2046,2306
14540,14540,0,2047,1318
14541,14541,0,2046,498
14542,14542,0,2047,38
14543,14543,0,2046,43
14544,14544,0,2046,512
14545,14545,0,2047,1337
14546,14546,0,2047,2324
14547,14547,0,2047,3245
14548,14548,0,2046,3887
14549,14549,0,2047,4095
14550,14550,0,2047,3827
14551,14551,0,2047,3142
14552,14552,0,2047,2199
14553,14553,0,2046,1220
14554,14554,0,2046,431
14555,14555,0,2047,16
14556,14556,0,2046,71
14557,14557,0,2046,586
14558,14558,0,2046,1439
14559,14559,0,2047,2430
14560,14560,0,2047,3331
14561,14561,0,2047,3930
14562,14562,0,2046,4090
14563,14563,0,2047,3771
14564,14564,0,2046,3049
14565,14565,0,2046,2092
14566,14566,0,2047,1123
14567,14567,0,2046,365
14568,14568,0,2046,0
14569,14569,0,2047,105
14570,14570,0,2047,664
14571,14571,0,2047,1541
14572,14572,0,2046,2535
14573,14573,0,2047,3413
14574,14574,0,2047,3970
14575,14575,0,2047,4079
14576,14576,0,2046,3711
14577,14577,0,2047,2955
14578,14578,0,2046,1985
14579,14579,0,2046,1028
14580,14580,0,2047,306
14581,14581,0,2047,0
14582,14582,0,2047,146
14583,14583,0,2046,745
14584,14584,0,2047,1645
14585,14585,0,2047,2637
14586,14586,0,2047,3490
14587,14587,0,2046,4004
14588,14588,0,2047,4061
14589,14589,0,2046,3647
14590,14590,0,2046,2858
14591,14591,0,2046,1878
14592,14592,0,2046,936
14593,14593,0,2046,250
14594,14594,0,2047,0
14595,14595,0,2046,190
14596,14596,0,2046,830
14597,14597,0,2047,1752
14598,14598,0,2047,2740
14599,14599,0,2046,3565
14600,14600,0,2046,4034
14601,14601,0,2047,4039
14602,14602,0,2046,3578
14603,14603,0,2046,2758
14604,14604,0,2046,1772
14605,14605,0,2047,847
14606,14606,0,2046,199
14607,14607,0,2046,0
14608,14608,0,2046,240
14609,14609,0,2047,919
14610,14610,0,2046,1858
14611,14611,0,2046,2839
14612,14612,0,2046,3634
14613,14613,0,2047,4057
14614,14614,0,2046,4011
14615,14615,0,2046,3505
14616,14616,0,2047,2657
14617,14617,0,2046,1665
14618,14618,0,2046,762
14619,14619,0,2047,153
14620,14620,0,2047,0
14621,14621,0,2046,294
14622,14622,0,2047,1010
14623,14623,0,2047,1965
14624,14624,0,2046,2936
14625,14625,0,2047,3699
14626,14626,0,2046,4075
14627,14627,0,2046,3977
14628,14628,0,2046,3427
14629,14629,0,2047,2554
14630,14630,0,2047,1561
14631,14631,0,2046,679
14632,14632,0,2047,113
14633,14633,0,2047,0
14634,14634,0,2046,354
14635,14635,0,2047,1104
14636,14636,0,2047,2072
14637,14637,0,2047,3032
14638,14638,0,2046,3759
14639,14639,0,2046,4088
14640,14640,0,2046,3939
14641,14641,0,2046,3347
14642,14642,0,2046,2450
14643,14643,0,2047,1457
14644,14644,0,2046,600
14645,14645,0,2046,77
14646,14646,0,2047,12
14647,14647,0,2046,418
14648,14648,0,2047,1201
14649,14649,0,2046,2179
14650,14650,0,2046,3125
14651,14651,0,2046,3817
14652,14652,0,2047,4095
14653,14653,0,2046,3895
14654,14654,0,2046,3262
14655,14655,0,2047,2345
14656,14656,0,2046,1356
14657,14657,0,2047,526
14658,14658,0,2046,48
14659,14659,0,2046,33
14660,14660,0,2046,486
14661,14661,0,2046,1299
14662,14662,0,2046,2285
14663,14663,0,2047,3214
14664,14664,0,2047,3869
14665,14665,0,2046,4095
14666,14666,0,2047,3846
14667,14667,0,2047,3175
14668,14668,0,2046,2239
14669,14669,0,2046,1256
14670,14670,0,2046,455
14671,14671,0,2047,22
14672,14672,0,2047,61
14673,14673,0,2046,558
14674,14674,0,2047,1400
14675,14675,0,2046,2391
14676,14676,0,2047,3299
14677,14677,0,2046,3915
14678,14678,0,2047,4093
14679,14679,0,2046,3793
14680,14680,0,2046,3083
14681,14681,0,2046,2131
14682,14682,0,2047,1158
14683,14683,0,2046,389
14684,14684,0,2046,4
14685,14685,0,2047,92
14686,14686,0,2047,634
14687,14687,0,2046,1503
14688,14688,0,2046,2497
14689,14689,0,2046,3383
14690,14690,0,2046,3956
14691,14691,0,2046,4083
14692,14692,0,2046,3735
14693,14693,0,2046,2991
14694,14694,0,2046,2025
14695,14695,0,2046,1063
14696,14696,0,2047,327
14697,14697,0,2047,0
14698,14698,0,2047,130
14699,14699,0,2047,714
14700,14700,0,2046,1607
14701,14701,0,2046,2599
14702,14702,0,2047,3462
14703,14703,0,2047,3992
14704,14704,0,2046,4069
14705,14705,0,2047,3671
14706,14706,0,2047,2893
14707,14707,0,2047,1918
14708,14708,0,2047,969
14709,14709,0,2046,270
14710,14710,0,2046,0
14711,14711,0,2046,174
14712,14712,0,2047,798
14713,14713,0,2046,1712
14714,14714,0,2047,2702
14715,14715,0,2047,3537
14716,14716,0,2046,4024
14717,14717,0,2047,4048
14718,14718,0,2046,3604
14719,14719,0,2046,2795
14720,14720,0,2047,1811
14721,14721,0,2047,880
14722,14722,0,2046,217
14723,14723,0,2046,0
14724,14724,0,2046,221
14725,14725,0,2047,885
14726,14726,0,2047,1819
14727,14727,0,2047,2803
14728,14728,0,2046,3609
14729,14729,0,2047,4050
14730,14730,0,2046,4022
14731,14731,0,2047,3533
14732,14732,0,2046,2695
14733,14733,0,2046,1705
14734,14734,0,2047,792
14735,14735,0,2047,170
14736,14736,0,2047,0
14737,14737,0,2047,274
14738,14738,0,2047,975
14739,14739,0,2046,1925
14740,14740,0,2047,2901
14741,14741,0,2046,3676
14742,14742,0,2047,4070
14743,14743,0,2047,3990
14744,14744,0,2046,3457
14745,14745,0,2046,2593
14746,14746,0,2047,1600
14747,14747,0,2046,709
14748,14748,0,2046,128
14749,14749,0,2047,0
14750,14750,0,2047,330
14751,14751,0,2047,1068
14752,14752,0,2047,2032
14753,14753,0,2047,2997
14754,14754,0,2046,3739
14755,14755,0,2046,4085
14756,14756,0,2046,3955
14757,14757,0,2046,3377
14758,14758,0,2046,2488
14759,14759,0,2047,1496
14760,14760,0,2047,629
14761,14761,0,2047,91
14762,14762,0,2046,5
14763,14763,0,2047,393
14764,14764,0,2047,1165
14765,14765,0,2047,2139
14766,14766,0,2047,3090
14767,14767,0,2046,3797
14768,14768,0,2047,4094
14769,14769,0,2046,3912
14770,14770,0,2047,3294
14771,14771,0,2046,2384
14772,14772,0,2047,1393
14773,14773,0,2047,553
14774,14774,0,2047,58
14775,14775,0,2047,25
14776,14776,0,2047,460
14777,14777,0,2046,1263
14778,14778,0,2047,2246
14779,14779,0,2046,3181
14780,14780,0,2046,3850
14781,14781,0,2047,4095
14782,14782,0,2047,3865
14783,14783,0,2047,3208
14784,14784,0,2047,2278
14785,14785,0,2046,1293
14786,14786,0,2046,481
14787,14787,0,2046,31
14788,14788,0,2046,50
14789,14789,0,2046,531
14790,14790,0,2046,1362
14791,14791,0,2047,2352
14792,14792,0,2047,3268
14793,14793,0,2046,3898
14794,14794,0,2046,4095
14795,14795,0,2047,3813
14796,14796,0,2047,3118
14797,14797,0,2047,2171
14798,14798,0,2046,1194
14799,14799,0,2046,413
14800,14800,0,2046,11
14801,14801,0,2046,80
14802,14802,0,2047,606
14803,14803,0,2047,1465
14804,14804,0,2047,2457
14805,14805,0,2046,3352
14806,14806,0,2047,3941
14807,14807,0,2046,4087
14808,14808,0,2047,3756
14809,14809,0,2047,3025
14810,14810,0,2047,2065
14811,14811,0,2046,1098
14812,14812,0,2047,350
14813,14813,0,2046,0
14814,14814,0,2047,116
14815,14815,0,2047,685
14816,14816,0,2046,1568
14817,14817,0,2047,2562
14818,14818,0,2046,3433
14819,14819,0,2046,3980
14820,14820,0,2047,4075
14821,14821,0,2046,3695
14822,14822,0,2046,2930
14823,14823,0,2046,1957
14824,14824,0,2046,1004
14825,14825,0,2047,291
14826,14826,0,2047,0
14827,14827,0,2046,157
14828,14828,0,2046,767
14829,14829,0,2046,1673
14830,14830,0,2046,2664
14831,14831,0,2047,3509
14832,14832,0,2047,4013
14833,14833,0,2046,4056
14834,14834,0,2047,3630
14835,14835,0,2047,2832
14836,14836,0,2046,1850
14837,14837,0,2047,912
14838,14838,0,2046,236
14839,14839,0,2046,0
14840,14840,0,2046,202
14841,14841,0,2047,853
14842,14842,0,2046,1779
14843,14843,0,2046,2765
14844,14844,0,2047,3583
14845,14845,0,2046,4041
14846,14846,0,2046,4032
14847,14847,0,2047,3559
14848,14848,0,2047,2732
14849,14849,0,2046,1744
14850,14850,0,2047,825
14851,14851,0,2046,187
14852,14852,0,2046,0
14853,14853,0,2047,253
14854,14854,0,2046,941
14855,14855,0,2047,1886
14856,14856,0,2047,2864
14857,14857,0,2046,3651
14858,14858,0,2046,4063
14859,14859,0,2047,4003
14860,14860,0,2047,3485
14861,14861,0,2047,2631
14862,14862,0,2046,1639
14863,14863,0,2046,739
14864,14864,0,2047,143
14865,14865,0,2046,0
14866,14866,0,2047,309
14867,14867,0,2046,1034
14868,14868,0,2047,1993
14869,14869,0,2046,2961
14870,14870,0,2046,3716
14871,14871,0,2047,4079
14872,14872,0,2046,3968
14873,14873,0,2046,3407
14874,14874,0,2046,2527
14875,14875,0,2046,1534
14876,14876,0,2046,659
14877,14877,0,2046,103
14878,14878,0,2046,0
14879,14879,0,2046,370
14880,14880,0,2047,1129
14881,14881,0,2046,2100
14882,14882,0,2047,3056
14883,14883,0,2047,3776
14884,14884,0,2046,4091
14885,14885,0,2045,3928
14886,14886,0,2046,3325
14887,14887,0,2046,2423
14888,14888,0,2046,1432
14889,14889,0,2047,581
14890,14890,0,2046,69
14891,14891,0,2046,17
14892,14892,0,2047,434
14893,14893,0,2047,1227
14894,14894,0,2046,2206
14895,14895,0,2047,3147
14896,14896,0,2047,3830
14897,14897,0,2046,4095
14898,14898,0,2046,3883
14899,14899,0,2046,3240
14900,14900,0,2046,2317
14901,14901,0,2046,1329
14902,14902,0,2046,507
14903,14903,0,2047,40
14904,14904,0,2047,40
14905,14905,0,2046,504
14906,14906,0,2047,1326
14907,14907,0,2047,2313
14908,14908,0,2047,3236
14909,14909,0,2046,3881
14910,14910,0,2047,4095
14911,14911,0,2046,3833
14912,14912,0,2046,3152
14913,14913,0,2047,2211
14914,14914,0,2047,1231
14915,14915,0,2047,437
14916,14916,0,2047,17
14917,14917,0,2046,68
14918,14918,0,2047,578
14919,14919,0,2046,1427
14920,14920,0,2047,2418
14921,14921,0,2046,3321
14922,14922,0,2046,3926
14923,14923,0,2047,4091
14924,14924,0,2046,3778
14925,14925,0,2046,3060
14926,14926,0,2046,2104
14927,14927,0,2046,1133
14928,14928,0,2046,373
14929,14929,0,2046,0
14930,14930,0,2046,101
14931,14931,0,2046,655
14932,14932,0,2047,1530
14933,14933,0,2046,2523
14934,14934,0,2047,3404
14935,14935,0,2046,3966
14936,14936,0,2047,4080
14937,14937,0,2046,3719
14938,14938,0,2047,2966
14939,14939,0,2047,1997
14940,14940,0,2046,1039
14941,14941,0,2046,312
14942,14942,0,2046,0
14943,14943,0,2046,141
14944,14944,0,2047,735
14945,14945,0,2046,1634
14946,14946,0,2047,2626
14947,14947,0,2046,3482
14948,14948,0,2047,4001
14949,14949,0,2046,4063
14950,14950,0,2046,3654
14951,14951,0,2047,2869
14952,14952,0,2046,1890
14953,14953,0,2047,946
14954,14954,0,2046,257
14955,14955,0,2047,0
14956,14956,0,2046,185
14957,14957,0,2046,820
14958,14958,0,2047,1739
14959,14959,0,2047,2728
14960,14960,0,2047,3555
14961,14961,0,2046,4031
14962,14962,0,2046,4042
14963,14963,0,2047,3586
14964,14964,0,2046,2770
14965,14965,0,2045,1784
14966,14966,0,2046,856
14967,14967,0,2047,205
14968,14968,0,2047,0
14969,14969,0,2047,234
14970,14970,0,2047,908
14971,14971,0,2046,1846
14972,14972,0,2046,2828
14973,14973,0,2047,3626
14974,14974,0,2046,4056
14975,14975,0,2046,4014
14976,14976,0,2046,3513
14977,14977,0,2046,2669
14978,14978,0,2047,1678
14979,14979,0,2046,771
14980,14980,0,2046,158
14981,14981,0,2046,0
14982,14982,0,2047,288
14983,14983,0,2046,999
14984,14984,0,2046,1953
14985,14985,0,2046,2925
14986,14986,0,2047,3692
14987,14987,0,2046,4074
14988,14988,0,2046,3982
14989,14989,0,2046,3436
14990,14990,0,2047,2566
14991,14991,0,2046,1573
14992,14992,0,2046,688
14993,14993,0,2047,117
14994,14994,0,2047,0
14995,14995,0,2047,346
14996,14996,0,2046,1093
14997,14997,0,2047,2060
14998,14998,0,2047,3021
14999,14999,0,2047,3753
15000,15000,0,2046,4087
15001,15001,0,2046,3944
15002,15002,0,2046,3356
15003,15003,0,2046,2462
15004,15004,0,2046,1469
15005,15005,0,2046,609
15006,15006,0,2046,81
15007,15007,0,2047,9
15008,15008,0,2046,410
15009,15009,0,2046,1190
15010,15010,0,2047,2167
15011,15011,0,2047,3114
15012,15012,0,2047,3811
15013,15013,0,2047,4094
15014,15014,0,2047,3900
15015,15015,0,2046,3272
15016,15016,0,2046,2356
15017,15017,0,2047,1367
15018,15018,0,2046,534
15019,15019,0,2046,51
15020,15020,0,2047,30
15021,15021,0,2046,478
15022,15022,0,2047,1289
15023,15023,0,2046,2273
15024,15024,0,2046,3203
15025,15025,0,2046,3863
15026,15026,0,2046,4095
15027,15027,0,2047,3852
15028,15028,0,2046,3185
15029,15029,0,2046,2250
15030,15030,0,2047,1267
15031,15031,0,2046,463
15032,15032,0,2047,26
15033,15033,0,2046,57
15034,15034,0,2046,550
15035,15035,0,2046,1389
15036,15036,0,2046,2379
15037,15037,0,2047,3290
15038,15038,0,2046,3910
15039,15039,0,2047,4093
15040,15040,0,2047,3798
15041,15041,0,2046,3094
15042,15042,0,2046,2143
15043,15043,0,2047,1169
15044,15044,0,2046,396
15045,15045,0,2047,6
15046,15046,0,2047,89
15047,15047,0,2046,626
15048,15048,0,2047,1491
15049,15049,0,2046,2485
15050,15050,0,2046,3374
15051,15051,0,2046,3952
15052,15052,0,2046,4085
15053,15053,0,2047,3741
15054,15054,0,2046,3001
15055,15055,0,2047,2037
15056,15056,0,2046,1073
15057,15057,0,2047,333
15058,15058,0,2047,0
15059,15059,0,2047,126
15060,15060,0,2047,706
15061,15061,0,2046,1596
15062,15062,0,2046,2588
15063,15063,0,2047,3453
15064,15064,0,2046,3988
15065,15065,0,2046,4070
15066,15066,0,2046,3679
15067,15067,0,2047,2904
15068,15068,0,2046,1930
15069,15069,0,2046,979
15070,15070,0,2047,276
15071,15071,0,2046,0
15072,15072,0,2047,168
15073,15073,0,2047,788
15074,15074,0,2047,1700
15075,15075,0,2047,2691
15076,15076,0,2046,3529
15077,15077,0,2046,4020
15078,15078,0,2047,4050
15079,15079,0,2047,3612
15080,15080,0,2046,2807
15081,15081,0,2047,1823
15082,15082,0,2047,889
15083,15083,0,2046,223
15084,15084,0,2046,0
15085,15085,0,2046,215
15086,15086,0,2047,875
15087,15087,0,2046,1807
15088,15088,0,2046,2791
15089,15089,0,2046,3601
15090,15090,0,2047,4047
15091,15091,0,2047,4025
15092,15092,0,2046,3541
15093,15093,0,2046,2706
15094,15094,0,2046,1717
15095,15095,0,2047,803
15096,15096,0,2046,175
15097,15097,0,2046,0
15098,15098,0,2046,267
15099,15099,0,2046,965
15100,15100,0,2046,1913
15101,15101,0,2046,2889
15102,15102,0,2046,3668
15103,15103,0,2046,4067
15104,15104,0,2046,3994
15105,15105,0,2046,3465
15106,15106,0,2046,2604
15107,15107,0,2046,1612
15108,15108,0,2046,718
15109,15109,0,2047,132
15110,15110,0,2046,0
15111,15111,0,2046,324
15112,15112,0,2046,1057
15113,15113,0,2046,2020
15114,15114,0,2047,2986
15115,15115,0,2046,3731
15116,15116,0,2046,4083
15117,15117,0,2047,3958
15118,15118,0,2046,3386
15119,15119,0,2046,2501
15120,15120,0,2046,1507
15121,15121,0,2046,638
15122,15122,0,2046,95
15123,15123,0,2046,4
15124,15124,0,2046,386
15125,15125,0,2047,1153
15126,15126,0,2046,2127
15127,15127,0,2046,3079
15128,15128,0,2047,3790
15129,15129,0,2046,4092
15130,15130,0,2046,3916
15131,15131,0,2046,3304
15132,15132,0,2046,2396
15133,15133,0,2046,1405
15134,15134,0,2047,562
15135,15135,0,2047,61
15136,15136,0,2047,22
15137,15137,0,2046,453
15138,15138,0,2046,1252
15139,15139,0,2046,2234
15140,15140,0,2047,3170
15141,15141,0,2046,3844
15142,15142,0,2047,4095
15143,15143,0,2046,3871
15144,15144,0,2046,3218
15145,15145,0,2046,2289
15146,15146,0,2047,1304
15147,15147,0,2046,490
15148,15148,0,2046,34
15149,15149,0,2046,47
15150,15150,0,2046,522
15151,15151,0,2046,1351
15152,15152,0,2046,2340
15153,15153,0,2046,3258
15154,15154,0,2046,3893
15155,15155,0,2047,4095
15156,15156,0,2046,3819
15157,15157,0,2046,3128
15158,15158,0,2047,2183
15159,15159,0,2046,1204
15160,15160,0,2047,421
15161,15161,0,2047,13
15162,15162,0,2046,76
15163,15163,0,2047,597
15164,15164,0,2047,1454
15165,15165,0,2047,2445
15166,15166,0,2046,3343
15167,15167,0,2047,3937
15168,15168,0,2046,4089
15169,15169,0,2047,3763
15170,15170,0,2047,3035
15171,15171,0,2046,2076
15172,15172,0,2046,1108
15173,15173,0,2046,357
15174,15174,0,2047,0
15175,15175,0,2046,112
15176,15176,0,2047,676
15177,15177,0,2047,1556
15178,15178,0,2047,2550
15179,15179,0,2046,3424
15180,15180,0,2047,3976
15181,15181,0,2047,4077
15182,15182,0,2047,3703
15183,15183,0,2047,2941
15184,15184,0,2046,1969
15185,15185,0,2046,1013
15186,15186,0,2046,297
15187,15187,0,2046,0
15188,15188,0,2046,152
15189,15189,0,2046,758
15190,15190,0,2046,1661
15191,15191,0,2047,2652
15192,15192,0,2047,3501
15193,15193,0,2047,4010
15194,15194,0,2046,4058
15195,15195,0,2047,3637
15196,15196,0,2047,2843
15197,15197,0,2046,1862
15198,15198,0,2047,922
15199,15199,0,2046,242
15200,15200,0,2046,0
15201,15201,0,2046,198
15202,15202,0,2046,843
15203,15203,0,2046,1767
15204,15204,0,2046,2754
15205,15205,0,2046,3575
15206,15206,0,2047,4038
15207,15207,0,2047,4035
15208,15208,0,2046,3567
15209,15209,0,2047,2743
15210,15210,0,2046,1756
15211,15211,0,2047,835
15212,15212,0,2046,192
15213,15213,0,2046,0
15214,15214,0,2046,247
15215,15215,0,2047,932
15216,15216,0,2047,1874
15217,15217,0,2047,2854
15218,15218,0,2046,3645
15219,15219,0,2046,4060
15220,15220,0,2046,4006
15221,15221,0,2046,3494
15222,15222,0,2047,2642
15223,15223,0,2046,1650
15224,15224,0,2047,749
15225,15225,0,2046,148
15226,15226,0,2046,0
15227,15227,0,2046,302
15228,15228,0,2046,1023
15229,15229,0,2047,1980
15230,15230,0,2047,2950
15231,15231,0,2047,3708
15232,15232,0,2046,4077
15233,15233,0,2047,3972
15234,15234,0,2047,3416
15235,15235,0,2047,2539
15236,15236,0,2046,1546
15237,15237,0,2046,668
15238,15238,0,2046,108
15239,15239,0,2046,0
15240,15240,0,2046,363
15241,15241,0,2046,1118
15242,15242,0,2046,2088
15243,15243,0,2046,3045
15244,15244,0,2047,3769
15245,15245,0,2046,4090
15246,15246,0,2046,3933
15247,15247,0,2046,3335
15248,15248,0,2046,2435
15249,15249,0,2046,1443
15250,15250,0,2047,589
15251,15251,0,2046,73
15252,15252,0,2046,14
15253,15253,0,2046,428
15254,15254,0,2047,1215
15255,15255,0,2046,2195
15256,15256,0,2046,3138
15257,15257,0,2046,3825
15258,15258,0,2046,4095
15259,15259,0,2046,3888
15260,15260,0,2046,3250
15261,15261,0,2046,2329
15262,15262,0,2047,1341
15263,15263,0,2046,515
15264,15264,0,2047,43
15265,15265,0,2046,36
15266,15266,0,2047,496
15267,15267,0,2047,1315
15268,15268,0,2046,2301
15269,15269,0,2047,3227
15270,15270,0,2047,3875
15271,15271,0,2047,4095
15272,15272,0,2046,3838
15273,15273,0,2047,3162
15274,15274,0,2046,2222
15275,15275,0,2046,1241
15276,15276,0,2046,445
15277,15277,0,2046,20
15278,15278,0,2046,65
15279,15279,0,2046,569
15280,15280,0,2046,1415
15281,15281,0,2046,2407
15282,15282,0,2047,3312
15283,15283,0,2046,3921
15284,15284,0,2046,4092
15285,15285,0,2046,3785
15286,15286,0,2047,3070
15287,15287,0,2046,2116
15288,15288,0,2046,1144
15289,15289,0,2046,380
15290,15290,0,2046,2
15291,15291,0,2046,98
15292,15292,0,2047,645
15293,15293,0,2047,1518
15294,15294,0,2047,2511
15295,15295,0,2047,3395
15296,15296,0,2046,3961
15297,15297,0,2046,4082
15298,15298,0,2046,3726
15299,15299,0,2046,2976
15300,15300,0,2046,2009
15301,15301,0,2046,1050
15302,15302,0,2046,318
15303,15303,0,2046,0
15304,15304,0,2046,137
15305,15305,0,2046,727
15306,15306,0,2047,1623
15307,15307,0,2047,2614
15308,15308,0,2046,3473
15309,15309,0,2046,3997
15310,15310,0,2046,4066
15311,15311,0,2047,3662
15312,15312,0,2046,2880
15313,15313,0,2047,1902
15314,15314,0,2046,956
15315,15315,0,2047,263
15316,15316,0,2047,0
15317,15317,0,2046,180
15318,15318,0,2046,811
15319,15319,0,2046,1727
15320,15320,0,2047,2717
15321,15321,0,2046,3548
15322,15322,0,2047,4028
15323,15323,0,2047,4044
15324,15324,0,2046,3594
15325,15325,0,2046,2781
15326,15326,0,2046,1795
15327,15327,0,2047,866
15328,15328,0,2046,210
15329,15329,0,2047,0
15330,15330,0,2046,228
15331,15331,0,2047,897
15332,15332,0,2047,1834
15333,15333,0,2046,2817
15334,15334,0,2046,3618
15335,15335,0,2047,4053
15336,15336,0,2046,4018
15337,15337,0,2046,3521
15338,15338,0,2046,2680
15339,15339,0,2046,1689
15340,15340,0,2046,781
15341,15341,0,2046,163
15342,15342,0,2047,0
15343,15343,0,2046,282
15344,15344,0,2047,988
15345,15345,0,2047,1941
15346,15346,0,2047,2915
15347,15347,0,2047,3684
15348,15348,0,2047,4072
15349,15349,0,2047,3986
15350,15350,0,2046,3446
15351,15351,0,2047,2578
15352,15352,0,2047,1584
15353,15353,0,2047,697
15354,15354,0,2046,122
15355,15355,0,2047,0
15356,15356,0,2047,339
15357,15357,0,2046,1082
15358,15358,0,2047,2047
15359,15359,0,2047,3011
15360,15360,0,2046,3747
15361,15361,0,2047,4086
15362,15362,0,2047,3948
15363,15363,0,2046,3365
15364,15364,0,2046,2473
15365,15365,0,2046,1481
15366,15366,0,2047,618
15367,15367,0,2047,86
15368,15368,0,2046,8
15369,15369,0,2046,403
15370,15370,0,2047,1178
15371,15371,0,2047,2154
15372,15372,0,2046,3103
15373,15373,0,2046,3804
15374,15374,0,2046,4094
15375,15375,0,2047,3905
15376,15376,0,2046,3282
15377,15377,0,2047,2369
15378,15378,0,2046,1379
15379,15379,0,2046,542
15380,15380,0,2046,54
15381,15381,0,2047,28
15382,15382,0,2046,470
15383,15383,0,2046,1277
15384,15384,0,2046,2261
15385,15385,0,2047,3194
15386,15386,0,2046,3857
15387,15387,0,2046,4095
15388,15388,0,2046,3858
15389,15389,0,2046,3195
15390,15390,0,2046,2262
15391,15391,0,2046,1278
15392,15392,0,2046,471
15393,15393,0,2046,28
15394,15394,0,2046,54
15395,15395,0,2046,541
15396,15396,0,2047,1377
15397,15397,0,2046,2368
15398,15398,0,2046,3280
15399,15399,0,2046,3905
15400,15400,0,2046,4095
15401,15401,0,2046,3805
15402,15402,0,2047,3104
15403,15403,0,2047,2156
15404,15404,0,2047,1179
15405,15405,0,2046,404
15406,15406,0,2047,8
15407,15407,0,2047,84
15408,15408,0,2046,617
15409,15409,0,2047,1480
15410,15410,0,2046,2473
15411,15411,0,2047,3365
15412,15412,0,2046,3948
15413,15413,0,2046,4086
15414,15414,0,2047,3748
15415,15415,0,2046,3011
15416,15416,0,2046,2049
15417,15417,0,2046,1084
15418,15418,0,2047,340
15419,15419,0,2046,0
15420,15420,0,2046,121
15421,15421,0,2046,696
15422,15422,0,2047,1583
15423,15423,0,2046,2577
15424,15424,0,2046,3445
15425,15425,0,2046,3984
15426,15426,0,2047,4072
15427,15427,0,2046,3686
15428,15428,0,2046,2917
15429,15429,0,2046,1942
15430,15430,0,2047,990
15431,15431,0,2047,282
15432,15432,0,2046,0
15433,15433,0,2047,163
15434,15434,0,2046,779
15435,15435,0,2046,1688
15436,15436,0,2046,2679
15437,15437,0,2046,3520
15438,15438,0,2046,4017
15439,15439,0,2047,4052
15440,15440,0,2047,3620
15441,15441,0,2047,2818
15442,15442,0,2046,1835
15443,15443,0,2046,899
15444,15444,0,2046,229
15445,15445,0,2046,0
15446,15446,0,2047,210
15447,15447,0,2046,865
15448,15448,0,2046,1795
15449,15449,0,2046,2780
15450,15450,0,2047,3593
15451,15451,0,2047,4045
15452,15452,0,2046,4029
15453,15453,0,2047,3549
15454,15454,0,2046,2718
15455,15455,0,2046,1729
15456,15456,0,2047,813
15457,15457,0,2047,180
15458,15458,0,2046,0
15459,15459,0,2047,261
15460,15460,0,2046,956
15461,15461,0,2047,1901
15462,15462,0,2047,2879
15463,15463,0,2046,3661
15464,15464,0,2046,4065
15465,15465,0,2048,3997
15466,15466,0,2046,3475
15467,15467,0,2046,2616
15468,15468,0,2047,1624
15469,15469,0,2046,727
15470,15470,0,2047,137
15471,15471,0,2047,0
15472,15472,0,2046,318
15473,15473,0,2046,1047
15474,15474,0,2046,2007
15475,15475,0,2046,2976
15476,15476,0,2046,3724
15477,15477,0,2046,4081
15478,15478,0,2047,3963
15479,15479,0,2047,3395
15480,15480,0,2046,2512
15481,15481,0,2046,1520
15482,15482,0,2047,647
15483,15483,0,2046,98
15484,15484,0,2047,2
15485,15485,0,2046,379
15486,15486,0,2046,1143
15487,15487,0,2046,2115
15488,15488,0,2047,3069
15489,15489,0,2046,3784
15490,15490,0,2046,4092
15491,15491,0,2046,3921
15492,15492,0,2046,3313
15493,15493,0,2046,2407
15494,15494,0,2047,1416
15495,15495,0,2046,570
15496,15496,0,2046,64
15497,15497,0,2047,20
15498,15498,0,2047,445
15499,15499,0,2046,1241
15500,15500,0,2047,2222
15501,15501,0,2047,3161
15502,15502,0,2046,3838
15503,15503,0,2047,4095
15504,15504,0,2047,3875
15505,15505,0,2047,3227
15506,15506,0,2047,2302
15507,15507,0,2046,1316
15508,15508,0,2047,498
15509,15509,0,2047,37
15510,15510,0,2046,44
15511,15511,0,2046,515
15512,15512,0,2046,1340
15513,15513,0,2046,2327
15514,15514,0,2046,3249
15515,15515,0,2046,3887
15516,15516,0,2046,4095
15517,15517,0,2046,3825
15518,15518,0,2046,3139
15519,15519,0,2046,2195
15520,15520,0,2046,1216
15521,15521,0,2046,428
15522,15522,0,2046,15
15523,15523,0,2046,72
15524,15524,0,2047,588
15525,15525,0,2047,1441
15526,15526,0,2046,2434
15527,15527,0,2047,3334
15528,15528,0,2047,3933
15529,15529,0,2046,4091
15530,15530,0,2046,3769
15531,15531,0,2046,3047
15532,15532,0,2046,2088
15533,15533,0,2047,1119
15534,15534,0,2046,364
15535,15535,0,2047,0
15536,15536,0,2047,107
15537,15537,0,2047,666
15538,15538,0,2047,1544
15539,15539,0,2047,2538
15540,15540,0,2047,3415
15541,15541,0,2046,3971
15542,15542,0,2047,4077
15543,15543,0,2047,3709
15544,15544,0,2046,2951
15545,15545,0,2047,1981
15546,15546,0,2046,1025
15547,15547,0,2046,304
15548,15548,0,2047,0
15549,15549,0,2047,147
15550,15550,0,2047,748
15551,15551,0,2046,1649
15552,15552,0,2047,2641
15553,15553,0,2047,3492
15554,15554,0,2047,4006
15555,15555,0,2046,4060
15556,15556,0,2047,3645
15557,15557,0,2047,2854
15558,15558,0,2047,1875
15559,15559,0,2047,933
15560,15560,0,2047,247
15561,15561,0,2047,0
15562,15562,0,2046,192
15563,15563,0,2046,833
15564,15564,0,2047,1755
15565,15565,0,2047,2743
15566,15566,0,2046,3567
15567,15567,0,2046,4035
15568,15568,0,2046,4038
15569,15569,0,2046,3576
15570,15570,0,2046,2756
15571,15571,0,2047,1769
15572,15572,0,2046,844
15573,15573,0,2047,198
15574,15574,0,2046,0
15575,15575,0,2046,242
15576,15576,0,2046,921
15577,15577,0,2047,1861
15578,15578,0,2047,2842
15579,15579,0,2046,3636
15580,15580,0,2047,4058
15581,15581,0,2046,4009
15582,15582,0,2047,3502
15583,15583,0,2047,2654
15584,15584,0,2046,1663
15585,15585,0,2047,758
15586,15586,0,2046,152
15587,15587,0,2046,0
15588,15588,0,2047,296
15589,15589,0,2046,1013
15590,15590,0,2047,1968
15591,15591,0,2047,2940
15592,15592,0,2047,3702
15593,15593,0,2047,4077
15594,15594,0,2046,3977
15595,15595,0,2047,3424
15596,15596,0,2047,2551
15597,15597,0,2047,1558
15598,15598,0,2046,677
15599,15599,0,2046,113
15600,15600,0,2046,0
15601,15601,0,2046,355
15602,15602,0,2047,1107
15603,15603,0,2047,2075
15604,15604,0,2046,3034
15605,15605,0,2047,3762
15606,15606,0,2047,4088
15607,15607,0,2046,3937
15608,15608,0,2046,3345
15609,15609,0,2046,2448
15610,15610,0,2047,1454
15611,15611,0,2047,598
15612,15612,0,2046,77
15613,15613,0,2046,13
15614,15614,0,2046,420
15615,15615,0,2047,1204
15616,15616,0,2046,2182
15617,15617,0,2047,3127
15618,15618,0,2047,3819
15619,15619,0,2046,4095
15620,15620,0,2046,3894
15621,15621,0,2047,3260
15622,15622,0,2047,2341
15623,15623,0,2046,1353
15624,15624,0,2046,524
15625,15625,0,2046,47
15626,15626,0,2046,34
15627,15627,0,2046,487
15628,15628,0,2047,1303
15629,15629,0,2047,2289
15630,15630,0,2047,3217
15631,15631,0,2047,3870
15632,15632,0,2047,4095
15633,15633,0,2047,3845
15634,15634,0,2047,3172
15635,15635,0,2046,2235
15636,15636,0,2047,1253
15637,15637,0,2046,453
15638,15638,0,2046,22
15639,15639,0,2046,61
15640,15640,0,2047,560
15641,15641,0,2047,1403
15642,15642,0,2046,2395
15643,15643,0,2046,3303
15644,15644,0,2046,3916
15645,15645,0,2047,4093
15646,15646,0,2046,3791
15647,15647,0,2046,3081
15648,15648,0,2047,2129
15649,15649,0,2047,1155
15650,15650,0,2046,387
15651,15651,0,2047,4
15652,15652,0,2046,93
15653,15653,0,2046,637
15654,15654,0,2047,1506
15655,15655,0,2047,2499
15656,15656,0,2046,3385
15657,15657,0,2047,3957
15658,15658,0,2047,4083
15659,15659,0,2047,3733
15660,15660,0,2046,2987
15661,15661,0,2046,2021
15662,15662,0,2047,1060
15663,15663,0,2046,325
15664,15664,0,2047,0
15665,15665,0,2047,132
15666,15666,0,2046,717
15667,15667,0,2046,1610
15668,15668,0,2047,2603
15669,15669,0,2047,3464
15670,15670,0,2047,3993
15671,15671,0,2047,4068
15672,15672,0,2047,3670
15673,15673,0,2046,2891
15674,15674,0,2047,1914
15675,15675,0,2046,966
15676,15676,0,2046,269
15677,15677,0,2046,0
15678,15678,0,2047,174
15679,15679,0,2046,801
15680,15680,0,2046,1716
15681,15681,0,2047,2706
15682,15682,0,2046,3540
15683,15683,0,2047,4025
15684,15684,0,2047,4047
15685,15685,0,2047,3601
15686,15686,0,2047,2792
15687,15687,0,2047,1808
15688,15688,0,2047,876
15689,15689,0,2046,215
15690,15690,0,2047,0
15691,15691,0,2047,222
15692,15692,0,2046,888
15693,15693,0,2047,1821
15694,15694,0,2046,2806
15695,15695,0,2046,3611
15696,15696,0,2047,4050
15697,15697,0,2046,4021
15698,15698,0,2046,3530
15699,15699,0,2046,2692
15700,15700,0,2046,1702
15701,15701,0,2047,791
15702,15702,0,2046,169
15703,15703,0,2046,0
15704,15704,0,2046,275
15705,15705,0,2046,978
15706,15706,0,2046,1929
15707,15707,0,2047,2903
15708,15708,0,2047,3677
15709,15709,0,2046,4070
15710,15710,0,2047,3989
15711,15711,0,2047,3454
15712,15712,0,2046,2589
15713,15713,0,2047,1596
15714,15714,0,2047,706
15715,15715,0,2047,127
15716,15716,0,2047,0
15717,15717,0,2046,332
15718,15718,0,2047,1073
15719,15719,0,2047,2035
15720,15720,0,2047,3000
15721,15721,0,2046,3740
15722,15722,0,2047,4084
15723,15723,0,2047,3953
15724,15724,0,2047,3374
15725,15725,0,2047,2485
15726,15726,0,2047,1493
15727,15727,0,2046,627
15728,15728,0,2047,89
15729,15729,0,2046,6
15730,15730,0,2047,395
15731,15731,0,2046,1167
15732,15732,0,2046,2142
15733,15733,0,2046,3093
15734,15734,0,2047,3799
15735,15735,0,2047,4093
15736,15736,0,2046,3910
15737,15737,0,2047,3292
15738,15738,0,2047,2381
15739,15739,0,2046,1390
15740,15740,0,2046,551
15741,15741,0,2047,57
15742,15742,0,2046,25
15743,15743,0,2047,462
15744,15744,0,2046,1266
15745,15745,0,2047,2249
15746,15746,0,2047,3183
15747,15747,0,2046,3851
15748,15748,0,2047,4095
15749,15749,0,2046,3863
15750,15750,0,2046,3204
15751,15751,0,2047,2275
15752,15752,0,2046,1290
15753,15753,0,2046,478
15754,15754,0,2047,30
15755,15755,0,2047,50
15756,15756,0,2047,534
15757,15757,0,2046,1367
15758,15758,0,2047,2356
15759,15759,0,2046,3270
15760,15760,0,2047,3899
15761,15761,0,2046,4095
15762,15762,0,2047,3812
15763,15763,0,2046,3115
15764,15764,0,2046,2168
15765,15765,0,2046,1190
15766,15766,0,2047,411
15767,15767,0,2046,10
15768,15768,0,2046,80
15769,15769,0,2046,609
15770,15770,0,2047,1467
15771,15771,0,2046,2461
15772,15772,0,2046,3355
15773,15773,0,2047,3943
15774,15774,0,2046,4087
15775,15775,0,2047,3755
15776,15776,0,2047,3022
15777,15777,0,2046,2061
15778,15778,0,2046,1095
15779,15779,0,2046,347
15780,15780,0,2046,0
15781,15781,0,2047,117
15782,15782,0,2047,687
15783,15783,0,2046,1572
15784,15784,0,2046,2565
15785,15785,0,2046,3435
15786,15786,0,2047,3980
15787,15787,0,2047,4074
15788,15788,0,2046,3693
15789,15789,0,2047,2927
15790,15790,0,2046,1954
15791,15791,0,2046,1001
15792,15792,0,2046,289
15793,15793,0,2047,0
15794,15794,0,2047,158
15795,15795,0,2047,770
15796,15796,0,2046,1677
15797,15797,0,2046,2668
15798,15798,0,2046,3512
15799,15799,0,2046,4014
15800,15800,0,2047,4055
15801,15801,0,2046,3628
15802,15802,0,2047,2829
15803,15803,0,2047,1847
15804,15804,0,2046,909
15805,15805,0,2047,235
15806,15806,0,2046,0
15807,15807,0,2047,204
15808,15808,0,2047,856
15809,15809,0,2047,1783
15810,15810,0,2046,2768
15811,15811,0,2047,3584
15812,15812,0,2047,4041
15813,15813,0,2046,4032
15814,15814,0,2046,3557
15815,15815,0,2046,2728
15816,15816,0,2046,1741
15817,15817,0,2046,821
15818,15818,0,2046,184
15819,15819,0,2046,0
15820,15820,0,2047,255
15821,15821,0,2047,945
15822,15822,0,2046,1889
15823,15823,0,2046,2867
15824,15824,0,2047,3653
15825,15825,0,2046,4063
15826,15826,0,2047,4001
15827,15827,0,2047,3483
15828,15828,0,2046,2628
15829,15829,0,2046,1635
15830,15830,0,2046,737
15831,15831,0,2046,141
15832,15832,0,2046,0
15833,15833,0,2046,311
15834,15834,0,2047,1037
15835,15835,0,2046,1996
15836,15836,0,2046,2964
15837,15837,0,2047,3718
15838,15838,0,2046,4080
15839,15839,0,2047,3966
15840,15840,0,2046,3404
15841,15841,0,2046,2524
15842,15842,0,2046,1531
15843,15843,0,2046,656
15844,15844,0,2046,102
15845,15845,0,2046,0
15846,15846,0,2047,372
15847,15847,0,2046,1132
15848,15848,0,2046,2103
15849,15849,0,2047,3059
15850,15850,0,2046,3777
15851,15851,0,2047,4091
15852,15852,0,2047,3926
15853,15853,0,2046,3323
15854,15854,0,2046,2419
15855,15855,0,2047,1428
15856,15856,0,2047,579
15857,15857,0,2046,68
15858,15858,0,2047,18
15859,15859,0,2046,437
15860,15860,0,2047,1230
15861,15861,0,2046,2210
15862,15862,0,2047,3151
15863,15863,0,2046,3832
15864,15864,0,2046,4095
15865,15865,0,2046,3881
15866,15866,0,2046,3237
15867,15867,0,2046,2314
15868,15868,0,2046,1326
15869,15869,0,2046,505
15870,15870,0,2047,40
15871,15871,0,2047,40
15872,15872,0,2047,506
15873,15873,0,2047,1329
15874,15874,0,2046,2317
15875,15875,0,2047,3238
15876,15876,0,2047,3882
15877,15877,0,2046,4095
15878,15878,0,2046,3831
15879,15879,0,2047,3148
15880,15880,0,2046,2207
15881,15881,0,2046,1227
15882,15882,0,2047,436
15883,15883,0,2046,16
15884,15884,0,2046,69
15885,15885,0,2046,579
15886,15886,0,2047,1430
15887,15887,0,2047,2422
15888,15888,0,2046,3324
15889,15889,0,2046,3928
15890,15890,0,2047,4091
15891,15891,0,2047,3777
15892,15892,0,2046,3057
15893,15893,0,2046,2100
15894,15894,0,2046,1130
15895,15895,0,2047,370
15896,15896,0,2046,0
15897,15897,0,2046,103
15898,15898,0,2046,658
15899,15899,0,2047,1533
15900,15900,0,2046,2526
15901,15901,0,2047,3406
15902,15902,0,2047,3967
15903,15903,0,2047,4079
15904,15904,0,2046,3716
15905,15905,0,2047,2962
15906,15906,0,2047,1994
15907,15907,0,2046,1035
15908,15908,0,2046,310
15909,15909,0,2046,0
15910,15910,0,2046,142
15911,15911,0,2046,738
15912,15912,0,2047,1638
15913,15913,0,2047,2630
15914,15914,0,2047,3484
15915,15915,0,2047,4002
15916,15916,0,2046,4062
15917,15917,0,2046,3651
15918,15918,0,2047,2865
15919,15919,0,2047,1886
15920,15920,0,2046,943
15921,15921,0,2046,255
15922,15922,0,2047,0
15923,15923,0,2047,186
15924,15924,0,2047,824
15925,15925,0,2046,1743
15926,15926,0,2047,2732
15927,15927,0,2046,3558
15928,15928,0,2046,4032
15929,15929,0,2047,4041
15930,15930,0,2046,3583
15931,15931,0,2046,2767
15932,15932,0,2047,1780
15933,15933,0,2046,854
15934,15934,0,2047,203
15935,15935,0,2046,0
15936,15936,0,2047,236
15937,15937,0,2046,911
15938,15938,0,2047,1849
15939,15939,0,2046,2831
15940,15940,0,2045,3629
15941,15941,0,2046,4056
15942,15942,0,2046,4013
15943,15943,0,2046,3511
15944,15944,0,2046,2666
15945,15945,0,2046,1674
15946,15946,0,2046,768
15947,15947,0,2046,157
15948,15948,0,2047,0
15949,15949,0,2047,289
15950,15950,0,2046,1002
15951,15951,0,2046,1956
15952,15952,0,2046,2929
15953,15953,0,2046,3694
15954,15954,0,2046,4074
15955,15955,0,2047,3980
15956,15956,0,2047,3434
15957,15957,0,2046,2563
15958,15958,0,2046,1569
15959,15959,0,2046,686
15960,15960,0,2046,117
15961,15961,0,2046,0
15962,15962,0,2047,348
15963,15963,0,2047,1096
15964,15964,0,2047,2063
15965,15965,0,2047,3024
15966,15966,0,2046,3755
15967,15967,0,2046,4087
15968,15968,0,2047,3942
15969,15969,0,2047,3353
15970,15970,0,2046,2458
15971,15971,0,2046,1466
15972,15972,0,2046,606
15973,15973,0,2047,81
15974,15974,0,2046,11
15975,15975,0,2046,412
15976,15976,0,2046,1193
15977,15977,0,2046,2170
15978,15978,0,2047,3117
15979,15979,0,2046,3812
15980,15980,0,2046,4095
15981,15981,0,2046,3898
15982,15982,0,2047,3269
15983,15983,0,2046,2353
15984,15984,0,2047,1364
15985,15985,0,2047,531
15986,15986,0,2046,50
15987,15987,0,2046,31
15988,15988,0,2046,481
15989,15989,0,2046,1292
15990,15990,0,2046,2277
15991,15991,0,2046,3206
15992,15992,0,2046,3864
15993,15993,0,2047,4095
15994,15994,0,2046,3850
15995,15995,0,2047,3182
15996,15996,0,2047,2247
15997,15997,0,2046,1264
15998,15998,0,2046,461
15999,15999,0,2046,25
16000,16000,0,2046,58
16001,16001,0,2046,552
16002,16002,0,2047,1392
16003,16003,0,2047,2382
16004,16004,0,2047,3293
16005,16005,0,2047,3911
16006,16006,0,2047,4093
16007,16007,0,2047,3798
16008,16008,0,2046,3091
16009,16009,0,2046,2140
16010,16010,0,2047,1166
16011,16011,0,2047,394
16012,16012,0,2046,6
16013,16013,0,2046,89
16014,16014,0,2047,628
16015,16015,0,2047,1495
16016,16016,0,2047,2488
16017,16017,0,2046,3376
16018,16018,0,2047,3953
16019,16019,0,2046,4084
16020,16020,0,2047,3739
16021,16021,0,2047,2998
16022,16022,0,2046,2033
16023,16023,0,2047,1070
16024,16024,0,2046,332
16025,16025,0,2047,0
16026,16026,0,2046,127
16027,16027,0,2046,708
16028,16028,0,2047,1599
16029,16029,0,2047,2592
16030,16030,0,2047,3456
16031,16031,0,2047,3990
16032,16032,0,2046,4069
16033,16033,0,2046,3676
16034,16034,0,2046,2902
16035,16035,0,2046,1926
16036,16036,0,2046,977
16037,16037,0,2047,275
16038,16038,0,2046,0
16039,16039,0,2047,169
16040,16040,0,2046,791
16041,16041,0,2047,1704
16042,16042,0,2047,2694
16043,16043,0,2047,3532
16044,16044,0,2046,4021
16045,16045,0,2046,4050
16046,16046,0,2047,3610
16047,16047,0,2046,2804
16048,16048,0,2046,1820
16049,16049,0,2046,886
16050,16050,0,2046,221
16051,16051,0,2047,0
16052,16052,0,2046,217
16053,16053,0,2047,878
16054,16054,0,2046,1810
16055,16055,0,2046,2795
16056,16056,0,2046,3603
16057,16057,0,2047,4047
16058,16058,0,2046,4024
16059,16059,0,2046,3538
16060,16060,0,2046,2703
16061,16061,0,2047,1713
16062,16062,0,2047,800
16063,16063,0,2046,174
16064,16064,0,2046,0
16065,16065,0,2046,269
16066,16066,0,2047,968
16067,16067,0,2046,1917
16068,16068,0,2046,2893
16069,16069,0,2046,3670
16070,16070,0,2046,4067
16071,16071,0,2046,3993
16072,16072,0,2046,3462
16073,16073,0,2046,2601
16074,16074,0,2047,1608
16075,16075,0,2046,715
16076,16076,0,2047,131
16077,16077,0,2046,0
16078,16078,0,2046,326
16079,16079,0,2046,1061
16080,16080,0,2046,2023
16081,16081,0,2047,2989
16082,16082,0,2046,3733
16083,16083,0,2047,4083
16084,16084,0,2046,3957
16085,16085,0,2046,3383
16086,16086,0,2047,2497
16087,16087,0,2047,1504
16088,16088,0,2047,635
16089,16089,0,2046,93
16090,16090,0,2046,4
16091,16091,0,2046,388
16092,16092,0,2047,1156
16093,16093,0,2047,2131
16094,16094,0,2046,3084
16095,16095,0,2046,3792
16096,16096,0,2046,4092
16097,16097,0,2047,3915
16098,16098,0,2046,3301
16099,16099,0,2047,2393
16100,16100,0,2046,1401
16101,16101,0,2047,560
16102,16102,0,2047,60
16103,16103,0,2047,23
16104,16104,0,2046,455
16105,16105,0,2046,1255
16106,16106,0,2046,2237
16107,16107,0,2046,3174
16108,16108,0,2046,3845
16109,16109,0,2047,4095
16110,16110,0,2046,3869
16111,16111,0,2046,3215
16112,16112,0,2047,2286
16113,16113,0,2047,1300
16114,16114,0,2047,487
16115,16115,0,2046,33
16116,16116,0,2046,47
16117,16117,0,2046,525
16118,16118,0,2047,1354
16119,16119,0,2046,2344
16120,16120,0,2047,3261
16121,16121,0,2047,3895
16122,16122,0,2046,4095
16123,16123,0,2047,3818
16124,16124,0,2047,3125
16125,16125,0,2046,2180
16126,16126,0,2047,1202
16127,16127,0,2047,418
16128,16128,0,2046,13
16129,16129,0,2047,77
16130,16130,0,2046,599
16131,16131,0,2047,1457
16132,16132,0,2046,2448
16133,16133,0,2047,3345
16134,16134,0,2047,3938
16135,16135,0,2047,4088
16136,16136,0,2046,3761
16137,16137,0,2046,3032
16138,16138,0,2047,2073
16139,16139,0,2047,1105
16140,16140,0,2047,354
16141,16141,0,2046,0
16142,16142,0,2047,112
16143,16143,0,2046,678
16144,16144,0,2047,1560
16145,16145,0,2047,2553
16146,16146,0,2047,3427
16147,16147,0,2046,3978
16148,16148,0,2046,4075
16149,16149,0,2047,3700
16150,16150,0,2047,2938
16151,16151,0,2046,1966
16152,16152,0,2047,1011
16153,16153,0,2046,295
16154,16154,0,2046,0
16155,16155,0,2046,153
16156,16156,0,2047,760
16157,16157,0,2047,1665
16158,16158,0,2047,2656
16159,16159,0,2047,3504
16160,16160,0,2046,4011
16161,16161,0,2047,4058
16162,16162,0,2047,3635
16163,16163,0,2047,2840
16164,16164,0,2046,1859
16165,16165,0,2046,919
16166,16166,0,2046,241
16167,16167,0,2046,0
16168,16168,0,2047,199
16169,16169,0,2047,846
16170,16170,0,2048,1770
16171,16171,0,2046,2757
16172,16172,0,2046,3577
16173,16173,0,2047,4038
16174,16174,0,2047,4034
16175,16175,0,2046,3565
16176,16176,0,2047,2740
16177,16177,0,2046,1753
16178,16178,0,2047,831
16179,16179,0,2046,190
16180,16180,0,2047,0
16181,16181,0,2046,249
16182,16182,0,2047,934
16183,16183,0,2047,1877
16184,16184,0,2048,2857
16185,16185,0,2046,3646
16186,16186,0,2047,4061
16187,16187,0,2046,4005
16188,16188,0,2047,3492
16189,16189,0,2047,2640
16190,16190,0,2047,1647
16191,16191,0,2046,746
16192,16192,0,2046,146
16193,16193,0,2047,0
16194,16194,0,2046,305
16195,16195,0,2046,1026
16196,16196,0,2046,1984
16197,16197,0,2046,2953
16198,16198,0,2047,3711
16199,16199,0,2046,4078
16200,16200,0,2046,3971
16201,16201,0,2046,3413
16202,16202,0,2046,2536
16203,16203,0,2046,1543
16204,16204,0,2046,665
16205,16205,0,2046,107
16206,16206,0,2046,0
16207,16207,0,2046,365
16208,16208,0,2047,1121
16209,16209,0,2046,2091
16210,16210,0,2047,3048
16211,16211,0,2047,3771
16212,16212,0,2047,4090
16213,16213,0,2047,3931
16214,16214,0,2047,3332
16215,16215,0,2046,2431
16216,16216,0,2046,1439
16217,16217,0,2047,587
16218,16218,0,2047,71
16219,16219,0,2046,15
16220,16220,0,2046,429
16221,16221,0,2047,1218
16222,16222,0,2047,2197
16223,16223,0,2047,3140
16224,16224,0,2046,3827
16225,16225,0,2046,4095
16226,16226,0,2046,3886
16227,16227,0,2046,3247
16228,16228,0,2046,2326
16229,16229,0,2047,1338
16230,16230,0,2046,513
16231,16231,0,2047,43
16232,16232,0,2046,38
16233,16233,0,2047,498
16234,16234,0,2047,1317
16235,16235,0,2047,2304
16236,16236,0,2047,3229
16237,16237,0,2046,3877
16238,16238,0,2047,4095
16239,16239,0,2047,3837
16240,16240,0,2047,3159
16241,16241,0,2047,2219
16242,16242,0,2046,1238
16243,16243,0,2046,443
16244,16244,0,2046,19
16245,16245,0,2047,66
16246,16246,0,2046,571
16247,16247,0,2046,1418
16248,16248,0,2046,2410
16249,16249,0,2046,3315
16250,16250,0,2047,3922
16251,16251,0,2046,4091
16252,16252,0,2047,3782
16253,16253,0,2046,3068
16254,16254,0,2047,2112
16255,16255,0,2046,1140
16256,16256,0,2047,378
16257,16257,0,2047,1
16258,16258,0,2046,98
16259,16259,0,2047,648
16260,16260,0,2047,1522
16261,16261,0,2046,2515
16262,16262,0,2046,3397
16263,16263,0,2046,3963
16264,16264,0,2046,4081
16265,16265,0,2047,3723
16266,16266,0,2046,2973
16267,16267,0,2046,2005
16268,16268,0,2047,1045
16269,16269,0,2046,316
16270,16270,0,2046,0
16271,16271,0,2046,137
16272,16272,0,2047,729
16273,16273,0,2046,1626
16274,16274,0,2047,2618
16275,16275,0,2047,3475
16276,16276,0,2046,3998
16277,16277,0,2047,4065
16278,16278,0,2047,3659
16279,16279,0,2046,2876
16280,16280,0,2046,1898
16281,16281,0,2047,953
16282,16282,0,2047,260
16283,16283,0,2046,0
16284,16284,0,2046,181
16285,16285,0,2047,813
16286,16286,0,2046,1732
16287,16287,0,2047,2720
16288,16288,0,2047,3550
16289,16289,0,2046,4028
16290,16290,0,2046,4044
16291,16291,0,2046,3592
16292,16292,0,2047,2777
16293,16293,0,2047,1792
16294,16294,0,2047,863
16295,16295,0,2046,208
16296,16296,0,2047,0
16297,16297,0,2047,230
16298,16298,0,2047,901
16299,16299,0,2046,1837
16300,16300,0,2047,2820
16301,16301,0,2047,3621
16302,16302,0,2046,4053
16303,16303,0,2046,4016
16304,16304,0,2046,3519
16305,16305,0,2047,2676
16306,16306,0,2047,1686
16307,16307,0,2046,778
16308,16308,0,2047,162
16309,16309,0,2047,0
16310,16310,0,2046,283
16311,16311,0,2047,992
16312,16312,0,2047,1945
16313,16313,0,2046,2918
16314,16314,0,2047,3687
16315,16315,0,2047,4072
16316,16316,0,2047,3984
16317,16317,0,2047,3442
16318,16318,0,2046,2575
16319,16319,0,2047,1581
16320,16320,0,2046,694
16321,16321,0,2046,122
16322,16322,0,2047,0
16323,16323,0,2047,342
16324,16324,0,2047,1086
16325,16325,0,2047,2051
16326,16326,0,2046,3014
16327,16327,0,2046,3748
16328,16328,0,2047,4086
16329,16329,0,2046,3946
16330,16330,0,2046,3362
16331,16331,0,2046,2470
16332,16332,0,2047,1478
16333,16333,0,2046,614
16334,16334,0,2047,85
16335,16335,0,2046,8
16336,16336,0,2047,405
16337,16337,0,2046,1182
16338,16338,0,2047,2158
16339,16339,0,2047,3107
16340,16340,0,2047,3806
16341,16341,0,2047,4095
16342,16342,0,2046,3904
16343,16343,0,2046,3279
16344,16344,0,2046,2364
16345,16345,0,2047,1375
16346,16346,0,2047,540
16347,16347,0,2047,53
16348,16348,0,2047,29
16349,16349,0,2046,473
16350,16350,0,2046,1279
16351,16351,0,2046,2264
16352,16352,0,2047,3197
16353,16353,0,2047,3859
16354,16354,0,2046,4095
16355,16355,0,2047,3856
16356,16356,0,2046,3192
16357,16357,0,2047,2258
16358,16358,0,2046,1275
16359,16359,0,2047,468
16360,16360,0,2046,27
16361,16361,0,2046,54
16362,16362,0,2047,544
16363,16363,0,2047,1381
16364,16364,0,2046,2371
16365,16365,0,2047,3283
16366,16366,0,2046,3906
16367,16367,0,2047,4095
16368,16368,0,2046,3804
16369,16369,0,2046,3102
16370,16370,0,2047,2152
16371,16371,0,2046,1176
16372,16372,0,2047,402
16373,16373,0,2046,7
16374,16374,0,2046,85
16375,16375,0,2046,619
16376,16376,0,2047,1483
16377,16377,0,2047,2477
16378,16378,0,2046,3368
16379,16379,0,2047,3949
16380,16380,0,2047,4086
16381,16381,0,2046,3746
16382,16382,0,2046,3008
16383,16383,0,2046,2046
