Sample in Buffer,Sample in Window,TRIGGER,adc1_data_a_d0[11:0],adc1_data_b_d0[11:0]
0,0,0,2047,2087
1,1,0,2046,1598
2,2,0,2046,1134
3,3,0,2047,719
4,4,0,2046,377
5,5,0,2046,127
6,6,0,2046,0
7,7,0,2047,0
8,8,0,2046,38
9,9,0,2047,234
10,10,0,2046,530
11,11,0,2046,908
12,12,0,2046,1349
13,13,0,2046,1829
14,14,0,2047,2320
15,15,0,2046,2796
16,16,0,2047,3229
17,17,0,2046,3597
18,18,0,2047,3879
19,19,0,2046,4058
20,20,0,2046,4095
21,21,0,2046,4080
22,22,0,2046,3918
23,23,0,2046,3654
24,24,0,2047,3300
25,25,0,2046,2877
26,26,0,2046,2406
27,27,0,2047,1915
28,28,0,2046,1433
29,29,0,2046,982
30,30,0,2046,591
31,31,0,2047,279
32,32,0,2046,65
33,33,0,2046,0
34,34,0,2046,0
35,35,0,2047,94
36,36,0,2046,326
37,37,0,2046,652
38,38,0,2047,1056
39,39,0,2047,1513
40,40,0,2046,2000
41,41,0,2047,2488
42,42,0,2046,2953
43,43,0,2046,3366
44,44,0,2046,3706
45,45,0,2046,3954
46,46,0,2047,4095
47,47,0,2046,4095
48,48,0,2046,4035
49,49,0,2046,3838
50,50,0,2046,3541
51,51,0,2046,3160
52,52,0,2047,2717
53,53,0,2046,2237
54,54,0,2046,1746
55,55,0,2047,1271
56,56,0,2047,839
57,57,0,2046,473
58,58,0,2047,193
59,59,0,2046,16
60,60,0,2047,0
61,61,0,2047,0
62,62,0,2046,163
63,63,0,2047,429
64,64,0,2047,785
65,65,0,2047,1209
66,66,0,2047,1680
67,67,0,2046,2171
68,68,0,2046,2654
69,69,0,2047,3103
70,70,0,2046,3494
71,71,0,2046,3803
72,72,0,2047,4015
73,73,0,2047,4095
74,74,0,2046,4095
75,75,0,2047,3979
76,76,0,2047,3744
77,77,0,2046,3416
78,78,0,2046,3011
79,79,0,2046,2553
80,80,0,2047,2066
81,81,0,2047,1578
82,82,0,2046,1115
83,83,0,2047,702
84,84,0,2047,364
85,85,0,2046,119
86,86,0,2046,0
87,87,0,2046,0
88,88,0,2046,44
89,89,0,2046,245
90,90,0,2047,544
91,91,0,2046,926
92,92,0,2046,1369
93,93,0,2047,1850
94,94,0,2047,2341
95,95,0,2046,2816
96,96,0,2047,3246
97,97,0,2047,3612
98,98,0,2046,3889
99,99,0,2046,4063
100,100,0,2046,4095
101,101,0,2046,4074
102,102,0,2046,3909
103,103,0,2046,3641
104,104,0,2046,3284
105,105,0,2047,2857
106,106,0,2046,2386
107,107,0,2047,1895
108,108,0,2047,1413
109,109,0,2046,965
110,110,0,2046,576
111,111,0,2047,268
112,112,0,2046,58
113,113,0,2047,0
114,114,0,2046,0
115,115,0,2046,102
116,116,0,2047,338
117,117,0,2046,668
118,118,0,2046,1074
119,119,0,2046,1533
120,120,0,2046,2020
121,121,0,2046,2509
122,122,0,2046,2972
123,123,0,2046,3383
124,124,0,2047,3719
125,125,0,2046,3962
126,126,0,2046,4095
127,127,0,2045,4095
128,128,0,2046,4030
129,129,0,2046,3827
130,130,0,2047,3526
131,131,0,2046,3142
132,132,0,2047,2697
133,133,0,2047,2216
134,134,0,2046,1726
135,135,0,2046,1252
136,136,0,2047,822
137,137,0,2046,459
138,138,0,2046,183
139,139,0,2046,11
140,140,0,2046,0
141,141,0,2046,5
142,142,0,2046,172
143,143,0,2047,443
144,144,0,2047,801
145,145,0,2046,1229
146,146,0,2047,1701
147,147,0,2046,2192
148,148,0,2047,2674
149,149,0,2046,3121
150,150,0,2047,3508
151,151,0,2047,3814
152,152,0,2046,4023
153,153,0,2046,4095
154,154,0,2046,4095
155,155,0,2046,3972
156,156,0,2047,3733
157,157,0,2046,3401
158,158,0,2046,2994
159,159,0,2046,2533
160,160,0,2047,2045
161,161,0,2046,1557
162,162,0,2047,1096
163,163,0,2046,687
164,164,0,2046,352
165,165,0,2046,111
166,166,0,2046,0
167,167,0,2046,0
168,168,0,2046,50
169,169,0,2046,255
170,170,0,2046,559
171,171,0,2046,943
172,172,0,2047,1389
173,173,0,2046,1871
174,174,0,2046,2362
175,175,0,2047,2835
176,176,0,2046,3263
177,177,0,2046,3625
178,178,0,2046,3898
179,179,0,2047,4069
180,180,0,2046,4095
181,181,0,2046,4071
182,182,0,2047,3900
183,183,0,2047,3627
184,184,0,2046,3267
185,185,0,2046,2838
186,186,0,2046,2366
187,187,0,2046,1874
188,188,0,2046,1393
189,189,0,2047,947
190,190,0,2047,562
191,191,0,2046,257
192,192,0,2046,51
193,193,0,2046,0
194,194,0,2046,0
195,195,0,2047,109
196,196,0,2047,350
197,197,0,2046,684
198,198,0,2047,1093
199,199,0,2046,1554
200,200,0,2047,2041
201,201,0,2046,2529
202,202,0,2047,2990
203,203,0,2046,3398
204,204,0,2047,3731
205,205,0,2046,3971
206,206,0,2047,4095
207,207,0,2046,4095
208,208,0,2046,4023
209,209,0,2046,3817
210,210,0,2047,3511
211,211,0,2047,3125
212,212,0,2047,2678
213,213,0,2047,2195
214,214,0,2046,1705
215,215,0,2046,1232
216,216,0,2046,805
217,217,0,2046,445
218,218,0,2047,173
219,219,0,2047,5
220,220,0,2046,0
221,221,0,2046,10
222,222,0,2046,182
223,223,0,2046,456
224,224,0,2046,818
225,225,0,2046,1248
226,226,0,2047,1721
227,227,0,2046,2212
228,228,0,2047,2694
229,229,0,2047,3139
230,230,0,2046,3523
231,231,0,2046,3825
232,232,0,2047,4029
233,233,0,2046,4095
234,234,0,2047,4095
235,235,0,2047,3964
236,236,0,2047,3721
237,237,0,2046,3384
238,238,0,2047,2975
239,239,0,2047,2513
240,240,0,2046,2024
241,241,0,2047,1537
242,242,0,2046,1077
243,243,0,2046,671
244,244,0,2046,340
245,245,0,2046,103
246,246,0,2046,0
247,247,0,2046,0
248,248,0,2046,56
249,249,0,2046,266
250,250,0,2047,572
251,251,0,2046,961
252,252,0,2047,1409
253,253,0,2046,1891
254,254,0,2046,2382
255,255,0,2046,2854
256,256,0,2046,3280
257,257,0,2046,3639
258,258,0,2046,3908
259,259,0,2046,4074
260,260,0,2046,4095
261,261,0,2047,4065
262,262,0,2046,3890
263,263,0,2047,3614
264,264,0,2047,3250
265,265,0,2047,2819
266,266,0,2046,2345
267,267,0,2046,1854
268,268,0,2047,1373
269,269,0,2046,929
270,270,0,2046,546
271,271,0,2047,247
272,272,0,2047,45
273,273,0,2046,0
274,274,0,2047,0
275,275,0,2046,118
276,276,0,2046,362
277,277,0,2046,699
278,278,0,2047,1111
279,279,0,2046,1574
280,280,0,2047,2062
281,281,0,2046,2550
282,282,0,2047,3008
283,283,0,2046,3413
284,284,0,2046,3743
285,285,0,2046,3979
286,286,0,2046,4095
287,287,0,2046,4095
288,288,0,2047,4017
289,289,0,2046,3805
290,290,0,2047,3496
291,291,0,2046,3107
292,292,0,2046,2658
293,293,0,2047,2174
294,294,0,2047,1684
295,295,0,2047,1213
296,296,0,2046,788
297,297,0,2046,431
298,298,0,2046,165
299,299,0,2046,1
300,300,0,2046,0
301,301,0,2047,14
302,302,0,2046,191
303,303,0,2046,470
304,304,0,2046,835
305,305,0,2046,1267
306,306,0,2046,1742
307,307,0,2046,2233
308,308,0,2047,2714
309,309,0,2047,3156
310,310,0,2046,3538
311,311,0,2046,3835
312,312,0,2047,4035
313,313,0,2046,4095
314,314,0,2045,4095
315,315,0,2047,3955
316,316,0,2046,3708
317,317,0,2046,3369
318,318,0,2047,2956
319,319,0,2046,2492
320,320,0,2047,2004
321,321,0,2046,1517
322,322,0,2046,1059
323,323,0,2046,656
324,324,0,2047,329
325,325,0,2047,95
326,326,0,2046,0
327,327,0,2046,0
328,328,0,2046,64
329,329,0,2046,277
330,330,0,2046,588
331,331,0,2046,979
332,332,0,2047,1429
333,333,0,2047,1913
334,334,0,2046,2403
335,335,0,2047,2872
336,336,0,2046,3297
337,337,0,2046,3653
338,338,0,2047,3917
339,339,0,2046,4079
340,340,0,2046,4095
341,341,0,2047,4059
342,342,0,2046,3881
343,343,0,2046,3600
344,344,0,2046,3233
345,345,0,2046,2800
346,346,0,2047,2325
347,347,0,2046,1833
348,348,0,2047,1353
349,349,0,2047,911
350,350,0,2047,532
351,351,0,2047,236
352,352,0,2047,39
353,353,0,2046,0
354,354,0,2046,0
355,355,0,2047,125
356,356,0,2047,375
357,357,0,2046,715
358,358,0,2047,1129
359,359,0,2046,1594
360,360,0,2047,2083
361,361,0,2046,2569
362,362,0,2047,3026
363,363,0,2047,3429
364,364,0,2047,3754
365,365,0,2047,3985
366,366,0,2047,4095
367,367,0,2046,4095
368,368,0,2046,4010
369,369,0,2047,3794
370,370,0,2047,3481
371,371,0,2046,3088
372,372,0,2047,2638
373,373,0,2046,2154
374,374,0,2047,1664
375,375,0,2047,1194
376,376,0,2047,772
377,377,0,2047,419
378,378,0,2046,155
379,379,0,2047,0
380,380,0,2046,0
381,381,0,2046,20
382,382,0,2046,201
383,383,0,2046,484
384,384,0,2046,852
385,385,0,2047,1287
386,386,0,2046,1762
387,387,0,2046,2254
388,388,0,2047,2733
389,389,0,2047,3174
390,390,0,2047,3552
391,391,0,2047,3846
392,392,0,2046,4040
393,393,0,2047,4095
394,394,0,2046,4093
395,395,0,2047,3948
396,396,0,2047,3696
397,397,0,2046,3353
398,398,0,2047,2938
399,399,0,2046,2472
400,400,0,2046,1983
401,401,0,2047,1497
402,402,0,2047,1040
403,403,0,2046,640
404,404,0,2047,317
405,405,0,2046,87
406,406,0,2046,0
407,407,0,2046,0
408,408,0,2047,70
409,409,0,2046,288
410,410,0,2046,603
411,411,0,2046,997
412,412,0,2046,1449
413,413,0,2046,1933
414,414,0,2046,2423
415,415,0,2046,2892
416,416,0,2047,3313
417,417,0,2046,3664
418,418,0,2046,3926
419,419,0,2046,4083
420,420,0,2046,4095
421,421,0,2046,4054
422,422,0,2046,3871
423,423,0,2046,3586
424,424,0,2047,3215
425,425,0,2046,2781
426,426,0,2046,2303
427,427,0,2047,1813
428,428,0,2046,1334
429,429,0,2046,894
430,430,0,2046,518
431,431,0,2046,225
432,432,0,2046,34
433,433,0,2046,0
434,434,0,2046,0
435,435,0,2047,135
436,436,0,2046,387
437,437,0,2047,732
438,438,0,2047,1148
439,439,0,2046,1614
440,440,0,2046,2104
441,441,0,2047,2590
442,442,0,2047,3045
443,443,0,2047,3445
444,444,0,2046,3767
445,445,0,2046,3993
446,446,0,2047,4095
447,447,0,2046,4095
448,448,0,2047,4003
449,449,0,2046,3783
450,450,0,2046,3466
451,451,0,2046,3070
452,452,0,2046,2618
453,453,0,2046,2133
454,454,0,2047,1643
455,455,0,2046,1175
456,456,0,2047,755
457,457,0,2047,406
458,458,0,2046,146
459,459,0,2047,0
460,460,0,2046,0
461,461,0,2046,25
462,462,0,2046,211
463,463,0,2047,498
464,464,0,2047,870
465,465,0,2047,1306
466,466,0,2047,1783
467,467,0,2046,2275
468,468,0,2046,2753
469,469,0,2047,3191
470,470,0,2046,3567
471,471,0,2046,3857
472,472,0,2047,4047
473,473,0,2047,4095
474,474,0,2047,4089
475,475,0,2047,3939
476,476,0,2047,3683
477,477,0,2046,3337
478,478,0,2046,2919
479,479,0,2047,2452
480,480,0,2047,1962
481,481,0,2046,1477
482,482,0,2047,1023
483,483,0,2046,624
484,484,0,2046,304
485,485,0,2047,81
486,486,0,2046,0
487,487,0,2047,0
488,488,0,2046,78
489,489,0,2047,300
490,490,0,2047,618
491,491,0,2047,1015
492,492,0,2046,1468
493,493,0,2047,1954
494,494,0,2047,2443
495,495,0,2047,2911
496,496,0,2047,3330
497,497,0,2046,3677
498,498,0,2046,3935
499,499,0,2046,4087
500,500,0,2046,4095
501,501,0,2046,4049
502,502,0,2046,3861
503,503,0,2047,3572
504,504,0,2046,3199
505,505,0,2046,2760
506,506,0,2047,2283
507,507,0,2047,1791
508,508,0,2047,1314
509,509,0,2046,876
510,510,0,2046,503
511,511,0,2047,214
512,512,0,2046,28
513,513,0,2046,0
514,514,0,2046,0
515,515,0,2047,143
516,516,0,2047,400
517,517,0,2046,749
518,518,0,2047,1167
519,519,0,2047,1635
520,520,0,2047,2125
521,521,0,2047,2609
522,522,0,2047,3063
523,523,0,2046,3460
524,524,0,2046,3777
525,525,0,2046,4000
526,526,0,2047,4095
527,527,0,2047,4095
528,528,0,2046,3995
529,529,0,2045,3771
530,530,0,2046,3451
531,531,0,2047,3053
532,532,0,2047,2598
533,533,0,2046,2112
534,534,0,2046,1623
535,535,0,2047,1156
536,536,0,2047,739
537,537,0,2047,392
538,538,0,2046,138
539,539,0,2046,0
540,540,0,2047,0
541,541,0,2046,30
542,542,0,2046,221
543,543,0,2047,512
544,544,0,2046,887
545,545,0,2046,1326
546,546,0,2046,1804
547,547,0,2046,2295
548,548,0,2046,2772
549,549,0,2046,3209
550,550,0,2046,3581
551,551,0,2047,3867
552,552,0,2047,4052
553,553,0,2046,4095
554,554,0,2046,4085
555,555,0,2047,3929
556,556,0,2046,3670
557,557,0,2046,3320
558,558,0,2047,2900
559,559,0,2047,2431
560,560,0,2046,1942
561,561,0,2047,1456
562,562,0,2047,1004
563,563,0,2047,609
564,564,0,2046,293
565,565,0,2046,74
566,566,0,2047,0
567,567,0,2047,0
568,568,0,2046,85
569,569,0,2046,312
570,570,0,2046,633
571,571,0,2046,1033
572,572,0,2046,1489
573,573,0,2047,1975
574,574,0,2046,2464
575,575,0,2046,2930
576,576,0,2046,3346
577,577,0,2046,3690
578,578,0,2047,3943
579,579,0,2046,4092
580,580,0,2046,4095
581,581,0,2046,4043
582,582,0,2046,3851
583,583,0,2046,3558
584,584,0,2046,3180
585,585,0,2046,2741
586,586,0,2046,2262
587,587,0,2046,1771
588,588,0,2047,1295
589,589,0,2046,859
590,590,0,2047,489
591,591,0,2046,205
592,592,0,2046,22
593,593,0,2046,0
594,594,0,2046,0
595,595,0,2047,152
596,596,0,2047,413
597,597,0,2046,765
598,598,0,2047,1186
599,599,0,2046,1656
600,600,0,2047,2146
601,601,0,2046,2630
602,602,0,2047,3081
603,603,0,2047,3475
604,604,0,2047,3789
605,605,0,2047,4007
606,606,0,2046,4095
607,607,0,2046,4095
608,608,0,2046,3988
609,609,0,2046,3759
610,610,0,2047,3435
611,611,0,2046,3034
612,612,0,2047,2578
613,613,0,2046,2091
614,614,0,2047,1602
615,615,0,2046,1137
616,616,0,2046,722
617,617,0,2046,380
618,618,0,2046,130
619,619,0,2046,0
620,620,0,2046,0
621,621,0,2047,37
622,622,0,2047,231
623,623,0,2046,526
624,624,0,2046,904
625,625,0,2046,1345
626,626,0,2046,1825
627,627,0,2046,2316
628,628,0,2046,2792
629,629,0,2046,3226
630,630,0,2047,3595
631,631,0,2047,3877
632,632,0,2046,4058
633,633,0,2046,4095
634,634,0,2046,4080
635,635,0,2046,3921
636,636,0,2046,3657
637,637,0,2047,3303
638,638,0,2046,2880
639,639,0,2046,2410
640,640,0,2046,1920
641,641,0,2046,1437
642,642,0,2046,986
643,643,0,2047,594
644,644,0,2047,282
645,645,0,2046,66
646,646,0,2046,0
647,647,0,2047,0
648,648,0,2047,92
649,649,0,2046,323
650,650,0,2046,648
651,651,0,2046,1052
652,652,0,2046,1510
653,653,0,2047,1995
654,654,0,2046,2484
655,655,0,2046,2948
656,656,0,2046,3362
657,657,0,2046,3703
658,658,0,2046,3952
659,659,0,2046,4095
660,660,0,2046,4095
661,661,0,2046,4037
662,662,0,2047,3840
663,663,0,2046,3544
664,664,0,2046,3164
665,665,0,2046,2721
666,666,0,2046,2241
667,667,0,2046,1751
668,668,0,2047,1275
669,669,0,2046,842
670,670,0,2047,476
671,671,0,2046,195
672,672,0,2046,17
673,673,0,2047,0
674,674,0,2046,0
675,675,0,2046,161
676,676,0,2047,426
677,677,0,2047,781
678,678,0,2046,1205
679,679,0,2046,1676
680,680,0,2046,2166
681,681,0,2047,2649
682,682,0,2047,3100
683,683,0,2046,3491
684,684,0,2046,3801
685,685,0,2047,4014
686,686,0,2046,4095
687,687,0,2047,4095
688,688,0,2047,3981
689,689,0,2046,3747
690,690,0,2046,3420
691,691,0,2046,3016
692,692,0,2046,2557
693,693,0,2047,2071
694,694,0,2047,1582
695,695,0,2046,1118
696,696,0,2047,706
697,697,0,2046,367
698,698,0,2047,120
699,699,0,2047,0
700,700,0,2047,0
701,701,0,2047,43
702,702,0,2047,242
703,703,0,2047,541
704,704,0,2046,922
705,705,0,2046,1365
706,706,0,2046,1845
707,707,0,2046,2336
708,708,0,2046,2811
709,709,0,2046,3244
710,710,0,2047,3609
711,711,0,2047,3887
712,712,0,2046,4063
713,713,0,2047,4095
714,714,0,2046,4076
715,715,0,2047,3911
716,716,0,2047,3643
717,717,0,2046,3287
718,718,0,2047,2862
719,719,0,2046,2390
720,720,0,2046,1899
721,721,0,2046,1417
722,722,0,2047,968
723,723,0,2047,578
724,724,0,2046,270
725,725,0,2046,59
726,726,0,2046,0
727,727,0,2047,0
728,728,0,2046,100
729,729,0,2047,335
730,730,0,2046,665
731,731,0,2047,1070
732,732,0,2046,1529
733,733,0,2047,2017
734,734,0,2047,2505
735,735,0,2046,2968
736,736,0,2046,3379
737,737,0,2046,3716
738,738,0,2046,3960
739,739,0,2046,4095
740,740,0,2047,4095
741,741,0,2047,4031
742,742,0,2046,3830
743,743,0,2046,3529
744,744,0,2046,3146
745,745,0,2046,2701
746,746,0,2046,2221
747,747,0,2046,1729
748,748,0,2046,1256
749,749,0,2046,825
750,750,0,2046,461
751,751,0,2046,185
752,752,0,2046,11
753,753,0,2047,0
754,754,0,2047,4
755,755,0,2047,170
756,756,0,2046,440
757,757,0,2046,798
758,758,0,2046,1224
759,759,0,2046,1697
760,760,0,2047,2187
761,761,0,2047,2670
762,762,0,2046,3117
763,763,0,2046,3505
764,764,0,2046,3812
765,765,0,2047,4020
766,766,0,2046,4095
767,767,0,2046,4095
768,768,0,2047,3973
769,769,0,2046,3735
770,770,0,2047,3404
771,771,0,2046,2997
772,772,0,2046,2537
773,773,0,2046,2050
774,774,0,2046,1561
775,775,0,2046,1100
776,776,0,2047,690
777,777,0,2046,355
778,778,0,2047,112
779,779,0,2046,0
780,780,0,2046,0
781,781,0,2046,49
782,782,0,2046,253
783,783,0,2046,556
784,784,0,2047,940
785,785,0,2047,1385
786,786,0,2047,1866
787,787,0,2047,2357
788,788,0,2046,2831
789,789,0,2046,3260
790,790,0,2046,3623
791,791,0,2046,3896
792,792,0,2046,4068
793,793,0,2046,4095
794,794,0,2046,4071
795,795,0,2047,3902
796,796,0,2047,3630
797,797,0,2046,3270
798,798,0,2046,2842
799,799,0,2047,2370
800,800,0,2046,1879
801,801,0,2047,1397
802,802,0,2046,951
803,803,0,2047,564
804,804,0,2046,259
805,805,0,2047,53
806,806,0,2046,0
807,807,0,2046,0
808,808,0,2047,108
809,809,0,2047,347
810,810,0,2047,681
811,811,0,2047,1088
812,812,0,2047,1549
813,813,0,2046,2038
814,814,0,2047,2525
815,815,0,2046,2986
816,816,0,2046,3395
817,817,0,2047,3728
818,818,0,2047,3968
819,819,0,2047,4095
820,820,0,2046,4095
821,821,0,2046,4025
822,822,0,2046,3819
823,823,0,2047,3514
824,824,0,2046,3128
825,825,0,2047,2682
826,826,0,2046,2199
827,827,0,2046,1709
828,828,0,2047,1236
829,829,0,2047,808
830,830,0,2046,448
831,831,0,2046,176
832,832,0,2047,7
833,833,0,2046,0
834,834,0,2046,8
835,835,0,2046,179
836,836,0,2047,453
837,837,0,2047,815
838,838,0,2046,1244
839,839,0,2046,1717
840,840,0,2046,2208
841,841,0,2046,2690
842,842,0,2046,3135
843,843,0,2046,3521
844,844,0,2047,3824
845,845,0,2047,4027
846,846,0,2046,4095
847,847,0,2047,4095
848,848,0,2046,3965
849,849,0,2047,3723
850,850,0,2046,3389
851,851,0,2047,2979
852,852,0,2046,2517
853,853,0,2046,2029
854,854,0,2047,1541
855,855,0,2046,1082
856,856,0,2046,674
857,857,0,2046,343
858,858,0,2047,104
859,859,0,2046,0
860,860,0,2046,0
861,861,0,2046,55
862,862,0,2047,263
863,863,0,2046,571
864,864,0,2047,958
865,865,0,2046,1405
866,866,0,2046,1887
867,867,0,2046,2378
868,868,0,2046,2850
869,869,0,2047,3277
870,870,0,2046,3636
871,871,0,2047,3906
872,872,0,2046,4073
873,873,0,2046,4095
874,874,0,2046,4066
875,875,0,2046,3892
876,876,0,2047,3617
877,877,0,2047,3252
878,878,0,2047,2823
879,879,0,2046,2349
880,880,0,2046,1858
881,881,0,2047,1377
882,882,0,2046,933
883,883,0,2046,549
884,884,0,2046,248
885,885,0,2047,47
886,886,0,2047,0
887,887,0,2047,0
888,888,0,2046,116
889,889,0,2047,360
890,890,0,2047,696
891,891,0,2046,1108
892,892,0,2046,1569
893,893,0,2047,2058
894,894,0,2046,2545
895,895,0,2046,3004
896,896,0,2047,3411
897,897,0,2047,3741
898,898,0,2047,3977
899,899,0,2046,4095
900,900,0,2047,4095
901,901,0,2046,4018
902,902,0,2047,3808
903,903,0,2047,3499
904,904,0,2046,3110
905,905,0,2046,2662
906,906,0,2046,2178
907,907,0,2047,1689
908,908,0,2046,1217
909,909,0,2047,791
910,910,0,2046,435
911,911,0,2046,166
912,912,0,2046,2
913,913,0,2047,0
914,914,0,2047,14
915,915,0,2046,189
916,916,0,2046,467
917,917,0,2047,832
918,918,0,2046,1263
919,919,0,2046,1738
920,920,0,2046,2229
921,921,0,2046,2710
922,922,0,2047,3153
923,923,0,2046,3535
924,924,0,2046,3834
925,925,0,2046,4033
926,926,0,2046,4095
927,927,0,2047,4095
928,928,0,2046,3957
929,929,0,2046,3710
930,930,0,2046,3372
931,931,0,2046,2960
932,932,0,2046,2496
933,933,0,2047,2008
934,934,0,2046,1521
935,935,0,2047,1062
936,936,0,2046,659
937,937,0,2047,330
938,938,0,2046,97
939,939,0,2046,0
940,940,0,2046,0
941,941,0,2047,63
942,942,0,2046,275
943,943,0,2047,585
944,944,0,2046,975
945,945,0,2046,1424
946,946,0,2047,1908
947,947,0,2046,2398
948,948,0,2047,2869
949,949,0,2046,3294
950,950,0,2047,3650
951,951,0,2046,3915
952,952,0,2047,4078
953,953,0,2046,4095
954,954,0,2046,4061
955,955,0,2046,3883
956,956,0,2046,3602
957,957,0,2047,3236
958,958,0,2046,2804
959,959,0,2047,2329
960,960,0,2047,1837
961,961,0,2046,1357
962,962,0,2046,915
963,963,0,2047,535
964,964,0,2046,238
965,965,0,2046,40
966,966,0,2046,0
967,967,0,2047,0
968,968,0,2047,124
969,969,0,2046,372
970,970,0,2046,713
971,971,0,2046,1126
972,972,0,2047,1590
973,973,0,2046,2079
974,974,0,2046,2565
975,975,0,2047,3023
976,976,0,2046,3426
977,977,0,2046,3753
978,978,0,2046,3984
979,979,0,2046,4095
980,980,0,2046,4095
981,981,0,2046,4011
982,982,0,2047,3797
983,983,0,2046,3484
984,984,0,2047,3092
985,985,0,2046,2642
986,986,0,2047,2158
987,987,0,2046,1668
988,988,0,2047,1197
989,989,0,2047,775
990,990,0,2047,421
991,991,0,2047,157
992,992,0,2047,0
993,993,0,2047,0
994,994,0,2046,18
995,995,0,2047,198
996,996,0,2047,481
997,997,0,2046,849
998,998,0,2046,1283
999,999,0,2047,1758
1000,1000,0,2047,2250
1001,1001,0,2047,2729
1002,1002,0,2047,3171
1003,1003,0,2046,3549
1004,1004,0,2046,3844
1005,1005,0,2046,4039
1006,1006,0,2046,4095
1007,1007,0,2046,4093
1008,1008,0,2046,3948
1009,1009,0,2046,3698
1010,1010,0,2047,3356
1011,1011,0,2047,2940
1012,1012,0,2046,2476
1013,1013,0,2046,1987
1014,1014,0,2047,1501
1015,1015,0,2046,1044
1016,1016,0,2046,643
1017,1017,0,2047,319
1018,1018,0,2047,89
1019,1019,0,2047,0
1020,1020,0,2046,0
1021,1021,0,2047,69
1022,1022,0,2046,286
1023,1023,0,2046,600
1024,1024,0,2046,994
1025,1025,0,2046,1444
1026,1026,0,2046,1929
1027,1027,0,2046,2419
1028,1028,0,2047,2889
1029,1029,0,2046,3311
1030,1030,0,2046,3662
1031,1031,0,2046,3924
1032,1032,0,2045,4082
1033,1033,0,2047,4095
1034,1034,0,2046,4056
1035,1035,0,2046,3873
1036,1036,0,2046,3589
1037,1037,0,2047,3219
1038,1038,0,2046,2784
1039,1039,0,2047,2307
1040,1040,0,2047,1816
1041,1041,0,2047,1337
1042,1042,0,2047,897
1043,1043,0,2047,520
1044,1044,0,2047,227
1045,1045,0,2046,35
1046,1046,0,2046,0
1047,1047,0,2047,0
1048,1048,0,2046,132
1049,1049,0,2046,385
1050,1050,0,2046,728
1051,1051,0,2046,1145
1052,1052,0,2046,1612
1053,1053,0,2047,2100
1054,1054,0,2046,2585
1055,1055,0,2046,3041
1056,1056,0,2046,3441
1057,1057,0,2046,3764
1058,1058,0,2047,3992
1059,1059,0,2047,4095
1060,1060,0,2046,4095
1061,1061,0,2047,4004
1062,1062,0,2046,3785
1063,1063,0,2046,3469
1064,1064,0,2047,3074
1065,1065,0,2046,2622
1066,1066,0,2046,2137
1067,1067,0,2047,1647
1068,1068,0,2046,1179
1069,1069,0,2046,758
1070,1070,0,2046,408
1071,1071,0,2047,149
1072,1072,0,2046,0
1073,1073,0,2047,0
1074,1074,0,2046,25
1075,1075,0,2047,209
1076,1076,0,2047,495
1077,1077,0,2046,866
1078,1078,0,2046,1302
1079,1079,0,2046,1779
1080,1080,0,2046,2271
1081,1081,0,2047,2749
1082,1082,0,2047,3188
1083,1083,0,2046,3564
1084,1084,0,2046,3856
1085,1085,0,2046,4045
1086,1086,0,2046,4095
1087,1087,0,2047,4090
1088,1088,0,2047,3941
1089,1089,0,2046,3685
1090,1090,0,2047,3339
1091,1091,0,2046,2922
1092,1092,0,2046,2456
1093,1093,0,2046,1966
1094,1094,0,2046,1481
1095,1095,0,2046,1026
1096,1096,0,2046,628
1097,1097,0,2047,307
1098,1098,0,2046,82
1099,1099,0,2047,0
1100,1100,0,2046,0
1101,1101,0,2047,76
1102,1102,0,2046,297
1103,1103,0,2046,615
1104,1104,0,2047,1012
1105,1105,0,2046,1464
1106,1106,0,2046,1949
1107,1107,0,2046,2439
1108,1108,0,2047,2907
1109,1109,0,2047,3326
1110,1110,0,2045,3676
1111,1111,0,2046,3933
1112,1112,0,2047,4087
1113,1113,0,2046,4095
1114,1114,0,2047,4051
1115,1115,0,2046,3863
1116,1116,0,2047,3575
1117,1117,0,2046,3201
1118,1118,0,2047,2765
1119,1119,0,2047,2287
1120,1120,0,2047,1796
1121,1121,0,2046,1318
1122,1122,0,2046,879
1123,1123,0,2046,507
1124,1124,0,2047,216
1125,1125,0,2047,29
1126,1126,0,2047,0
1127,1127,0,2046,0
1128,1128,0,2046,142
1129,1129,0,2047,398
1130,1130,0,2046,745
1131,1131,0,2047,1164
1132,1132,0,2046,1631
1133,1133,0,2046,2121
1134,1134,0,2046,2606
1135,1135,0,2047,3060
1136,1136,0,2047,3457
1137,1137,0,2047,3776
1138,1138,0,2047,3999
1139,1139,0,2046,4095
1140,1140,0,2046,4095
1141,1141,0,2047,3997
1142,1142,0,2046,3773
1143,1143,0,2046,3454
1144,1144,0,2046,3056
1145,1145,0,2046,2602
1146,1146,0,2046,2116
1147,1147,0,2046,1627
1148,1148,0,2047,1160
1149,1149,0,2046,742
1150,1150,0,2046,395
1151,1151,0,2047,139
1152,1152,0,2047,0
1153,1153,0,2046,0
1154,1154,0,2046,29
1155,1155,0,2047,219
1156,1156,0,2047,509
1157,1157,0,2047,884
1158,1158,0,2047,1323
1159,1159,0,2046,1800
1160,1160,0,2046,2292
1161,1161,0,2047,2768
1162,1162,0,2046,3205
1163,1163,0,2046,3578
1164,1164,0,2047,3865
1165,1165,0,2047,4051
1166,1166,0,2046,4095
1167,1167,0,2047,4085
1168,1168,0,2047,3931
1169,1169,0,2046,3673
1170,1170,0,2047,3323
1171,1171,0,2046,2903
1172,1172,0,2046,2435
1173,1173,0,2046,1945
1174,1174,0,2046,1461
1175,1175,0,2046,1007
1176,1176,0,2047,612
1177,1177,0,2047,295
1178,1178,0,2046,75
1179,1179,0,2046,0
1180,1180,0,2046,0
1181,1181,0,2046,83
1182,1182,0,2046,309
1183,1183,0,2046,631
1184,1184,0,2046,1030
1185,1185,0,2046,1485
1186,1186,0,2047,1971
1187,1187,0,2047,2460
1188,1188,0,2047,2926
1189,1189,0,2046,3344
1190,1190,0,2046,3688
1191,1191,0,2046,3941
1192,1192,0,2046,4090
1193,1193,0,2046,4095
1194,1194,0,2046,4044
1195,1195,0,2046,3853
1196,1196,0,2046,3560
1197,1197,0,2046,3185
1198,1198,0,2046,2745
1199,1199,0,2046,2267
1200,1200,0,2047,1775
1201,1201,0,2045,1299
1202,1202,0,2047,863
1203,1203,0,2046,492
1204,1204,0,2047,207
1205,1205,0,2047,23
1206,1206,0,2047,0
1207,1207,0,2046,0
1208,1208,0,2046,151
1209,1209,0,2047,411
1210,1210,0,2046,761
1211,1211,0,2046,1182
1212,1212,0,2047,1651
1213,1213,0,2047,2142
1214,1214,0,2046,2626
1215,1215,0,2047,3078
1216,1216,0,2047,3473
1217,1217,0,2046,3787
1218,1218,0,2046,4006
1219,1219,0,2047,4095
1220,1220,0,2047,4095
1221,1221,0,2046,3990
1222,1222,0,2047,3762
1223,1223,0,2046,3437
1224,1224,0,2046,3038
1225,1225,0,2046,2582
1226,1226,0,2046,2095
1227,1227,0,2047,1606
1228,1228,0,2046,1141
1229,1229,0,2047,726
1230,1230,0,2046,382
1231,1231,0,2046,132
1232,1232,0,2046,0
1233,1233,0,2046,0
1234,1234,0,2046,35
1235,1235,0,2047,229
1236,1236,0,2047,523
1237,1237,0,2047,901
1238,1238,0,2046,1342
1239,1239,0,2046,1821
1240,1240,0,2046,2312
1241,1241,0,2047,2788
1242,1242,0,2047,3223
1243,1243,0,2047,3592
1244,1244,0,2046,3875
1245,1245,0,2046,4056
1246,1246,0,2047,4095
1247,1247,0,2046,4081
1248,1248,0,2047,3922
1249,1249,0,2047,3660
1250,1250,0,2046,3307
1251,1251,0,2046,2884
1252,1252,0,2046,2415
1253,1253,0,2046,1925
1254,1254,0,2046,1441
1255,1255,0,2047,990
1256,1256,0,2047,597
1257,1257,0,2047,284
1258,1258,0,2046,68
1259,1259,0,2046,0
1260,1260,0,2046,0
1261,1261,0,2046,92
1262,1262,0,2046,321
1263,1263,0,2046,646
1264,1264,0,2046,1048
1265,1265,0,2047,1505
1266,1266,0,2046,1991
1267,1267,0,2046,2480
1268,1268,0,2046,2945
1269,1269,0,2047,3359
1270,1270,0,2047,3701
1271,1271,0,2047,3950
1272,1272,0,2046,4094
1273,1273,0,2046,4095
1274,1274,0,2047,4039
1275,1275,0,2046,3842
1276,1276,0,2046,3546
1277,1277,0,2046,3167
1278,1278,0,2046,2725
1279,1279,0,2047,2245
1280,1280,0,2046,1754
1281,1281,0,2046,1279
1282,1282,0,2047,845
1283,1283,0,2046,478
1284,1284,0,2046,198
1285,1285,0,2047,18
1286,1286,0,2047,0
1287,1287,0,2046,0
1288,1288,0,2046,159
1289,1289,0,2046,423
1290,1290,0,2046,778
1291,1291,0,2046,1202
1292,1292,0,2046,1672
1293,1293,0,2047,2162
1294,1294,0,2046,2645
1295,1295,0,2046,3096
1296,1296,0,2046,3487
1297,1297,0,2046,3799
1298,1298,0,2047,4013
1299,1299,0,2047,4095
1300,1300,0,2046,4095
1301,1301,0,2046,3983
1302,1302,0,2047,3750
1303,1303,0,2046,3423
1304,1304,0,2046,3019
1305,1305,0,2046,2562
1306,1306,0,2047,2075
1307,1307,0,2046,1586
1308,1308,0,2046,1122
1309,1309,0,2046,709
1310,1310,0,2047,370
1311,1311,0,2046,122
1312,1312,0,2047,0
1313,1313,0,2047,0
1314,1314,0,2047,42
1315,1315,0,2047,240
1316,1316,0,2046,537
1317,1317,0,2047,919
1318,1318,0,2047,1361
1319,1319,0,2046,1841
1320,1320,0,2046,2332
1321,1321,0,2046,2807
1322,1322,0,2046,3239
1323,1323,0,2047,3606
1324,1324,0,2047,3885
1325,1325,0,2047,4062
1326,1326,0,2047,4095
1327,1327,0,2046,4077
1328,1328,0,2046,3913
1329,1329,0,2046,3646
1330,1330,0,2047,3290
1331,1331,0,2046,2865
1332,1332,0,2046,2394
1333,1333,0,2047,1904
1334,1334,0,2046,1421
1335,1335,0,2047,972
1336,1336,0,2046,582
1337,1337,0,2047,272
1338,1338,0,2047,61
1339,1339,0,2046,0
1340,1340,0,2047,0
1341,1341,0,2047,99
1342,1342,0,2047,333
1343,1343,0,2046,661
1344,1344,0,2046,1067
1345,1345,0,2046,1525
1346,1346,0,2047,2012
1347,1347,0,2046,2501
1348,1348,0,2046,2963
1349,1349,0,2046,3376
1350,1350,0,2046,3713
1351,1351,0,2046,3959
1352,1352,0,2046,4095
1353,1353,0,2046,4095
1354,1354,0,2047,4032
1355,1355,0,2047,3832
1356,1356,0,2046,3531
1357,1357,0,2046,3149
1358,1358,0,2047,2705
1359,1359,0,2047,2225
1360,1360,0,2046,1734
1361,1361,0,2046,1259
1362,1362,0,2046,829
1363,1363,0,2047,464
1364,1364,0,2046,188
1365,1365,0,2047,13
1366,1366,0,2047,0
1367,1367,0,2047,3
1368,1368,0,2047,169
1369,1369,0,2046,437
1370,1370,0,2047,795
1371,1371,0,2047,1221
1372,1372,0,2047,1692
1373,1373,0,2046,2183
1374,1374,0,2047,2666
1375,1375,0,2046,3114
1376,1376,0,2046,3502
1377,1377,0,2046,3810
1378,1378,0,2046,4020
1379,1379,0,2047,4095
1380,1380,0,2047,4095
1381,1381,0,2046,3975
1382,1382,0,2046,3738
1383,1383,0,2046,3407
1384,1384,0,2046,3001
1385,1385,0,2047,2541
1386,1386,0,2046,2054
1387,1387,0,2046,1565
1388,1388,0,2047,1103
1389,1389,0,2046,693
1390,1390,0,2047,358
1391,1391,0,2046,114
1392,1392,0,2047,0
1393,1393,0,2046,0
1394,1394,0,2046,48
1395,1395,0,2046,251
1396,1396,0,2046,553
1397,1397,0,2046,936
1398,1398,0,2046,1380
1399,1399,0,2046,1862
1400,1400,0,2046,2353
1401,1401,0,2046,2827
1402,1402,0,2046,3256
1403,1403,0,2046,3620
1404,1404,0,2046,3894
1405,1405,0,2047,4066
1406,1406,0,2046,4095
1407,1407,0,2046,4071
1408,1408,0,2046,3904
1409,1409,0,2046,3633
1410,1410,0,2046,3273
1411,1411,0,2046,2847
1412,1412,0,2046,2374
1413,1413,0,2047,1883
1414,1414,0,2047,1401
1415,1415,0,2047,954
1416,1416,0,2046,567
1417,1417,0,2046,262
1418,1418,0,2047,55
1419,1419,0,2046,0
1420,1420,0,2047,0
1421,1421,0,2046,107
1422,1422,0,2047,345
1423,1423,0,2045,677
1424,1424,0,2046,1085
1425,1425,0,2046,1545
1426,1426,0,2046,2033
1427,1427,0,2047,2521
1428,1428,0,2046,2983
1429,1429,0,2047,3392
1430,1430,0,2047,3725
1431,1431,0,2047,3967
1432,1432,0,2047,4095
1433,1433,0,2046,4095
1434,1434,0,2047,4026
1435,1435,0,2046,3821
1436,1436,0,2047,3517
1437,1437,0,2046,3131
1438,1438,0,2046,2685
1439,1439,0,2047,2204
1440,1440,0,2046,1713
1441,1441,0,2046,1240
1442,1442,0,2046,812
1443,1443,0,2046,451
1444,1444,0,2046,178
1445,1445,0,2047,8
1446,1446,0,2046,0
1447,1447,0,2046,7
1448,1448,0,2045,178
1449,1449,0,2046,451
1450,1450,0,2046,812
1451,1451,0,2047,1240
1452,1452,0,2046,1713
1453,1453,0,2046,2204
1454,1454,0,2047,2686
1455,1455,0,2046,3132
1456,1456,0,2046,3517
1457,1457,0,2046,3821
1458,1458,0,2047,4026
1459,1459,0,2046,4095
1460,1460,0,2046,4095
1461,1461,0,2046,3967
1462,1462,0,2046,3725
1463,1463,0,2046,3392
1464,1464,0,2046,2983
1465,1465,0,2046,2521
1466,1466,0,2046,2033
1467,1467,0,2047,1545
1468,1468,0,2047,1085
1469,1469,0,2046,678
1470,1470,0,2046,345
1471,1471,0,2046,107
1472,1472,0,2047,0
1473,1473,0,2046,0
1474,1474,0,2046,54
1475,1475,0,2046,262
1476,1476,0,2046,568
1477,1477,0,2046,954
1478,1478,0,2046,1401
1479,1479,0,2046,1883
1480,1480,0,2046,2374
1481,1481,0,2047,2846
1482,1482,0,2046,3274
1483,1483,0,2046,3633
1484,1484,0,2046,3904
1485,1485,0,2046,4072
1486,1486,0,2047,4095
1487,1487,0,2046,4066
1488,1488,0,2046,3894
1489,1489,0,2046,3619
1490,1490,0,2047,3257
1491,1491,0,2046,2826
1492,1492,0,2046,2353
1493,1493,0,2047,1862
1494,1494,0,2047,1381
1495,1495,0,2046,936
1496,1496,0,2046,552
1497,1497,0,2046,250
1498,1498,0,2046,48
1499,1499,0,2046,0
1500,1500,0,2046,0
1501,1501,0,2046,115
1502,1502,0,2047,357
1503,1503,0,2046,694
1504,1504,0,2046,1104
1505,1505,0,2047,1565
1506,1506,0,2047,2054
1507,1507,0,2047,2541
1508,1508,0,2046,3001
1509,1509,0,2046,3407
1510,1510,0,2046,3738
1511,1511,0,2046,3974
1512,1512,0,2047,4095
1513,1513,0,2046,4095
1514,1514,0,2045,4020
1515,1515,0,2046,3810
1516,1516,0,2047,3501
1517,1517,0,2046,3114
1518,1518,0,2046,2666
1519,1519,0,2046,2183
1520,1520,0,2047,1692
1521,1521,0,2046,1221
1522,1522,0,2046,795
1523,1523,0,2046,436
1524,1524,0,2047,167
1525,1525,0,2046,3
1526,1526,0,2046,0
1527,1527,0,2046,13
1528,1528,0,2046,188
1529,1529,0,2046,464
1530,1530,0,2046,829
1531,1531,0,2046,1260
1532,1532,0,2046,1734
1533,1533,0,2047,2225
1534,1534,0,2046,2705
1535,1535,0,2046,3149
1536,1536,0,2047,3531
1537,1537,0,2046,3832
1538,1538,0,2046,4032
1539,1539,0,2046,4095
1540,1540,0,2046,4095
1541,1541,0,2046,3958
1542,1542,0,2047,3713
1543,1543,0,2046,3375
1544,1544,0,2047,2963
1545,1545,0,2046,2500
1546,1546,0,2046,2012
1547,1547,0,2047,1525
1548,1548,0,2046,1066
1549,1549,0,2046,661
1550,1550,0,2047,333
1551,1551,0,2047,98
1552,1552,0,2046,0
1553,1553,0,2046,0
1554,1554,0,2047,60
1555,1555,0,2046,273
1556,1556,0,2046,583
1557,1557,0,2046,971
1558,1558,0,2046,1421
1559,1559,0,2046,1904
1560,1560,0,2047,2394
1561,1561,0,2047,2865
1562,1562,0,2046,3290
1563,1563,0,2046,3646
1564,1564,0,2047,3913
1565,1565,0,2046,4077
1566,1566,0,2047,4095
1567,1567,0,2046,4062
1568,1568,0,2047,3885
1569,1569,0,2047,3605
1570,1570,0,2047,3239
1571,1571,0,2047,2808
1572,1572,0,2046,2333
1573,1573,0,2047,1841
1574,1574,0,2046,1361
1575,1575,0,2046,918
1576,1576,0,2046,538
1577,1577,0,2046,240
1578,1578,0,2046,42
1579,1579,0,2047,0
1580,1580,0,2046,0
1581,1581,0,2047,123
1582,1582,0,2046,369
1583,1583,0,2047,710
1584,1584,0,2046,1123
1585,1585,0,2047,1586
1586,1586,0,2046,2075
1587,1587,0,2047,2562
1588,1588,0,2046,3019
1589,1589,0,2046,3423
1590,1590,0,2046,3750
1591,1591,0,2047,3983
1592,1592,0,2047,4095
1593,1593,0,2047,4095
1594,1594,0,2046,4012
1595,1595,0,2046,3798
1596,1596,0,2047,3487
1597,1597,0,2047,3096
1598,1598,0,2046,2645
1599,1599,0,2046,2162
1600,1600,0,2046,1672
1601,1601,0,2047,1202
1602,1602,0,2047,778
1603,1603,0,2046,424
1604,1604,0,2046,158
1605,1605,0,2047,0
1606,1606,0,2047,0
1607,1607,0,2047,18
1608,1608,0,2047,198
1609,1609,0,2046,478
1610,1610,0,2046,846
1611,1611,0,2046,1279
1612,1612,0,2046,1755
1613,1613,0,2047,2246
1614,1614,0,2046,2725
1615,1615,0,2046,3167
1616,1616,0,2046,3546
1617,1617,0,2046,3843
1618,1618,0,2047,4038
1619,1619,0,2047,4095
1620,1620,0,2047,4094
1621,1621,0,2047,3950
1622,1622,0,2047,3700
1623,1623,0,2046,3358
1624,1624,0,2047,2944
1625,1625,0,2046,2480
1626,1626,0,2047,1992
1627,1627,0,2047,1505
1628,1628,0,2046,1048
1629,1629,0,2046,646
1630,1630,0,2046,321
1631,1631,0,2046,91
1632,1632,0,2046,0
1633,1633,0,2047,0
1634,1634,0,2047,67
1635,1635,0,2046,284
1636,1636,0,2046,597
1637,1637,0,2046,989
1638,1638,0,2046,1440
1639,1639,0,2047,1925
1640,1640,0,2047,2415
1641,1641,0,2047,2884
1642,1642,0,2046,3307
1643,1643,0,2047,3660
1644,1644,0,2047,3923
1645,1645,0,2046,4081
1646,1646,0,2047,4095
1647,1647,0,2046,4057
1648,1648,0,2046,3875
1649,1649,0,2047,3592
1650,1650,0,2046,3222
1651,1651,0,2047,2787
1652,1652,0,2047,2312
1653,1653,0,2046,1820
1654,1654,0,2046,1342
1655,1655,0,2046,901
1656,1656,0,2047,524
1657,1657,0,2046,229
1658,1658,0,2047,35
1659,1659,0,2046,0
1660,1660,0,2047,0
1661,1661,0,2047,131
1662,1662,0,2046,383
1663,1663,0,2046,726
1664,1664,0,2046,1141
1665,1665,0,2046,1606
1666,1666,0,2047,2096
1667,1667,0,2046,2582
1668,1668,0,2046,3038
1669,1669,0,2046,3438
1670,1670,0,2047,3762
1671,1671,0,2046,3990
1672,1672,0,2046,4095
1673,1673,0,2046,4095
1674,1674,0,2047,4006
1675,1675,0,2047,3787
1676,1676,0,2047,3472
1677,1677,0,2047,3077
1678,1678,0,2047,2626
1679,1679,0,2046,2141
1680,1680,0,2046,1651
1681,1681,0,2047,1183
1682,1682,0,2047,762
1683,1683,0,2046,410
1684,1684,0,2047,150
1685,1685,0,2046,0
1686,1686,0,2047,0
1687,1687,0,2046,23
1688,1688,0,2046,207
1689,1689,0,2046,492
1690,1690,0,2047,863
1691,1691,0,2046,1298
1692,1692,0,2047,1775
1693,1693,0,2047,2267
1694,1694,0,2047,2745
1695,1695,0,2047,3185
1696,1696,0,2047,3561
1697,1697,0,2047,3853
1698,1698,0,2046,4044
1699,1699,0,2047,4095
1700,1700,0,2046,4090
1701,1701,0,2046,3942
1702,1702,0,2047,3687
1703,1703,0,2047,3343
1704,1704,0,2046,2926
1705,1705,0,2046,2459
1706,1706,0,2047,1970
1707,1707,0,2047,1485
1708,1708,0,2047,1029
1709,1709,0,2046,631
1710,1710,0,2046,309
1711,1711,0,2047,83
1712,1712,0,2046,0
1713,1713,0,2047,0
1714,1714,0,2047,74
1715,1715,0,2046,296
1716,1716,0,2047,612
1717,1717,0,2047,1008
1718,1718,0,2047,1461
1719,1719,0,2047,1946
1720,1720,0,2046,2435
1721,1721,0,2047,2904
1722,1722,0,2047,3323
1723,1723,0,2046,3673
1724,1724,0,2046,3931
1725,1725,0,2046,4085
1726,1726,0,2046,4095
1727,1727,0,2046,4051
1728,1728,0,2047,3865
1729,1729,0,2046,3577
1730,1730,0,2046,3205
1731,1731,0,2046,2768
1732,1732,0,2046,2290
1733,1733,0,2046,1800
1734,1734,0,2047,1321
1735,1735,0,2046,883
1736,1736,0,2047,509
1737,1737,0,2047,219
1738,1738,0,2047,30
1739,1739,0,2046,0
1740,1740,0,2047,0
1741,1741,0,2046,139
1742,1742,0,2047,396
1743,1743,0,2046,742
1744,1744,0,2046,1160
1745,1745,0,2047,1628
1746,1746,0,2047,2116
1747,1747,0,2046,2602
1748,1748,0,2047,3055
1749,1749,0,2046,3454
1750,1750,0,2047,3774
1751,1751,0,2047,3998
1752,1752,0,2046,4095
1753,1753,0,2046,4095
1754,1754,0,2046,3999
1755,1755,0,2047,3776
1756,1756,0,2047,3456
1757,1757,0,2046,3059
1758,1758,0,2047,2606
1759,1759,0,2046,2120
1760,1760,0,2046,1630
1761,1761,0,2047,1163
1762,1762,0,2047,745
1763,1763,0,2047,398
1764,1764,0,2046,141
1765,1765,0,2046,0
1766,1766,0,2046,0
1767,1767,0,2047,28
1768,1768,0,2047,217
1769,1769,0,2046,507
1770,1770,0,2046,880
1771,1771,0,2047,1318
1772,1772,0,2046,1796
1773,1773,0,2047,2287
1774,1774,0,2046,2765
1775,1775,0,2046,3202
1776,1776,0,2046,3575
1777,1777,0,2047,3863
1778,1778,0,2046,4050
1779,1779,0,2046,4095
1780,1780,0,2046,4086
1781,1781,0,2047,3933
1782,1782,0,2047,3674
1783,1783,0,2046,3326
1784,1784,0,2046,2907
1785,1785,0,2046,2439
1786,1786,0,2046,1950
1787,1787,0,2046,1465
1788,1788,0,2046,1012
1789,1789,0,2046,615
1790,1790,0,2046,297
1791,1791,0,2046,76
1792,1792,0,2046,0
1793,1793,0,2047,0
1794,1794,0,2046,82
1795,1795,0,2046,306
1796,1796,0,2047,628
1797,1797,0,2047,1026
1798,1798,0,2046,1481
1799,1799,0,2046,1967
1800,1800,0,2047,2456
1801,1801,0,2047,2923
1802,1802,0,2047,3341
1803,1803,0,2046,3686
1804,1804,0,2046,3940
1805,1805,0,2047,4089
1806,1806,0,2047,4095
1807,1807,0,2046,4045
1808,1808,0,2046,3854
1809,1809,0,2047,3563
1810,1810,0,2046,3188
1811,1811,0,2046,2748
1812,1812,0,2047,2270
1813,1813,0,2047,1779
1814,1814,0,2046,1302
1815,1815,0,2046,865
1816,1816,0,2047,495
1817,1817,0,2047,208
1818,1818,0,2046,24
1819,1819,0,2046,0
1820,1820,0,2046,0
1821,1821,0,2047,149
1822,1822,0,2046,409
1823,1823,0,2047,759
1824,1824,0,2047,1179
1825,1825,0,2047,1647
1826,1826,0,2047,2138
1827,1827,0,2046,2622
1828,1828,0,2046,3075
1829,1829,0,2047,3470
1830,1830,0,2047,3786
1831,1831,0,2047,4005
1832,1832,0,2046,4095
1833,1833,0,2046,4095
1834,1834,0,2047,3992
1835,1835,0,2047,3764
1836,1836,0,2047,3441
1837,1837,0,2046,3041
1838,1838,0,2046,2585
1839,1839,0,2047,2100
1840,1840,0,2046,1610
1841,1841,0,2046,1145
1842,1842,0,2047,728
1843,1843,0,2046,385
1844,1844,0,2046,132
1845,1845,0,2046,0
1846,1846,0,2047,0
1847,1847,0,2046,34
1848,1848,0,2047,227
1849,1849,0,2047,520
1850,1850,0,2047,898
1851,1851,0,2047,1338
1852,1852,0,2046,1816
1853,1853,0,2046,2308
1854,1854,0,2046,2785
1855,1855,0,2047,3219
1856,1856,0,2046,3590
1857,1857,0,2046,3874
1858,1858,0,2046,4056
1859,1859,0,2046,4095
1860,1860,0,2047,4082
1861,1861,0,2047,3924
1862,1862,0,2047,3662
1863,1863,0,2046,3310
1864,1864,0,2046,2888
1865,1865,0,2046,2418
1866,1866,0,2046,1928
1867,1867,0,2046,1445
1868,1868,0,2046,993
1869,1869,0,2046,600
1870,1870,0,2046,286
1871,1871,0,2046,69
1872,1872,0,2046,0
1873,1873,0,2046,0
1874,1874,0,2047,89
1875,1875,0,2047,318
1876,1876,0,2047,643
1877,1877,0,2046,1045
1878,1878,0,2046,1501
1879,1879,0,2046,1988
1880,1880,0,2046,2477
1881,1881,0,2047,2942
1882,1882,0,2046,3357
1883,1883,0,2047,3699
1884,1884,0,2046,3949
1885,1885,0,2046,4093
1886,1886,0,2047,4095
1887,1887,0,2047,4039
1888,1888,0,2047,3844
1889,1889,0,2046,3549
1890,1890,0,2047,3169
1891,1891,0,2047,2729
1892,1892,0,2046,2249
1893,1893,0,2046,1758
1894,1894,0,2046,1282
1895,1895,0,2047,848
1896,1896,0,2046,481
1897,1897,0,2047,199
1898,1898,0,2046,19
1899,1899,0,2046,0
1900,1900,0,2046,0
1901,1901,0,2047,157
1902,1902,0,2047,421
1903,1903,0,2046,776
1904,1904,0,2047,1198
1905,1905,0,2046,1668
1906,1906,0,2046,2159
1907,1907,0,2047,2642
1908,1908,0,2046,3092
1909,1909,0,2047,3484
1910,1910,0,2047,3797
1911,1911,0,2046,4012
1912,1912,0,2046,4095
1913,1913,0,2046,4095
1914,1914,0,2046,3984
1915,1915,0,2047,3752
1916,1916,0,2046,3426
1917,1917,0,2046,3022
1918,1918,0,2047,2565
1919,1919,0,2046,2078
1920,1920,0,2046,1590
1921,1921,0,2046,1126
1922,1922,0,2046,712
1923,1923,0,2047,372
1924,1924,0,2046,124
1925,1925,0,2046,0
1926,1926,0,2046,0
1927,1927,0,2046,40
1928,1928,0,2047,238
1929,1929,0,2046,535
1930,1930,0,2047,915
1931,1931,0,2047,1357
1932,1932,0,2046,1837
1933,1933,0,2046,2329
1934,1934,0,2046,2804
1935,1935,0,2047,3236
1936,1936,0,2046,3603
1937,1937,0,2046,3883
1938,1938,0,2047,4060
1939,1939,0,2047,4095
1940,1940,0,2046,4077
1941,1941,0,2046,3915
1942,1942,0,2046,3649
1943,1943,0,2046,3293
1944,1944,0,2046,2869
1945,1945,0,2047,2398
1946,1946,0,2047,1908
1947,1947,0,2047,1424
1948,1948,0,2047,975
1949,1949,0,2046,585
1950,1950,0,2046,275
1951,1951,0,2046,62
1952,1952,0,2047,0
1953,1953,0,2047,0
1954,1954,0,2046,97
1955,1955,0,2047,330
1956,1956,0,2047,659
1957,1957,0,2047,1063
1958,1958,0,2047,1521
1959,1959,0,2046,2009
1960,1960,0,2046,2497
1961,1961,0,2046,2960
1962,1962,0,2046,3372
1963,1963,0,2047,3710
1964,1964,0,2046,3958
1965,1965,0,2047,4095
1966,1966,0,2046,4095
1967,1967,0,2047,4034
1968,1968,0,2046,3833
1969,1969,0,2047,3534
1970,1970,0,2046,3152
1971,1971,0,2047,2709
1972,1972,0,2047,2228
1973,1973,0,2047,1737
1974,1974,0,2047,1263
1975,1975,0,2046,831
1976,1976,0,2047,467
1977,1977,0,2047,190
1978,1978,0,2046,14
1979,1979,0,2047,0
1980,1980,0,2047,2
1981,1981,0,2046,167
1982,1982,0,2046,434
1983,1983,0,2047,792
1984,1984,0,2046,1218
1985,1985,0,2046,1689
1986,1986,0,2046,2180
1987,1987,0,2046,2662
1988,1988,0,2046,3111
1989,1989,0,2047,3500
1990,1990,0,2047,3808
1991,1991,0,2046,4019
1992,1992,0,2046,4095
1993,1993,0,2046,4095
1994,1994,0,2046,3976
1995,1995,0,2047,3740
1996,1996,0,2046,3410
1997,1997,0,2046,3004
1998,1998,0,2046,2545
1999,1999,0,2046,2058
2000,2000,0,2046,1569
2001,2001,0,2047,1107
2002,2002,0,2046,696
2003,2003,0,2046,360
2004,2004,0,2046,116
2005,2005,0,2046,0
2006,2006,0,2046,0
2007,2007,0,2046,47
2008,2008,0,2046,248
2009,2009,0,2047,550
2010,2010,0,2046,933
2011,2011,0,2047,1378
2012,2012,0,2047,1859
2013,2013,0,2046,2349
2014,2014,0,2047,2823
2015,2015,0,2046,3254
2016,2016,0,2046,3617
2017,2017,0,2046,3894
2018,2018,0,2046,4066
2019,2019,0,2047,4095
2020,2020,0,2047,4073
2021,2021,0,2047,3906
2022,2022,0,2047,3635
2023,2023,0,2047,3277
2024,2024,0,2046,2850
2025,2025,0,2046,2378
2026,2026,0,2047,1886
2027,2027,0,2047,1404
2028,2028,0,2046,957
2029,2029,0,2047,570
2030,2030,0,2047,263
2031,2031,0,2046,55
2032,2032,0,2046,0
2033,2033,0,2047,0
2034,2034,0,2047,104
2035,2035,0,2047,343
2036,2036,0,2047,674
2037,2037,0,2046,1082
2038,2038,0,2047,1541
2039,2039,0,2047,2029
2040,2040,0,2047,2517
2041,2041,0,2047,2979
2042,2042,0,2047,3388
2043,2043,0,2046,3723
2044,2044,0,2047,3965
2045,2045,0,2046,4095
2046,2046,0,2047,4095
2047,2047,0,2046,4027
2048,2048,0,2047,3823
2049,2049,0,2046,3519
2050,2050,0,2047,3135
2051,2051,0,2047,2689
2052,2052,0,2046,2208
2053,2053,0,2046,1717
2054,2054,0,2046,1244
2055,2055,0,2046,815
2056,2056,0,2046,453
2057,2057,0,2047,180
2058,2058,0,2046,8
2059,2059,0,2046,0
2060,2060,0,2046,6
2061,2061,0,2046,176
2062,2062,0,2046,448
2063,2063,0,2046,809
2064,2064,0,2046,1236
2065,2065,0,2046,1709
2066,2066,0,2046,2200
2067,2067,0,2047,2682
2068,2068,0,2046,3129
2069,2069,0,2047,3515
2070,2070,0,2046,3819
2071,2071,0,2046,4025
2072,2072,0,2047,4095
2073,2073,0,2047,4095
2074,2074,0,2046,3969
2075,2075,0,2046,3727
2076,2076,0,2047,3395
2077,2077,0,2046,2986
2078,2078,0,2046,2525
2079,2079,0,2046,2037
2080,2080,0,2046,1549
2081,2081,0,2047,1088
2082,2082,0,2047,680
2083,2083,0,2046,348
2084,2084,0,2046,107
2085,2085,0,2046,0
2086,2086,0,2046,0
2087,2087,0,2046,52
2088,2088,0,2046,259
2089,2089,0,2047,564
2090,2090,0,2046,951
2091,2091,0,2046,1397
2092,2092,0,2047,1879
2093,2093,0,2047,2370
2094,2094,0,2046,2841
2095,2095,0,2047,3270
2096,2096,0,2046,3631
2097,2097,0,2046,3902
2098,2098,0,2046,4071
2099,2099,0,2047,4095
2100,2100,0,2046,4068
2101,2101,0,2046,3896
2102,2102,0,2046,3622
2103,2103,0,2046,3260
2104,2104,0,2046,2831
2105,2105,0,2046,2357
2106,2106,0,2046,1866
2107,2107,0,2047,1385
2108,2108,0,2047,939
2109,2109,0,2046,555
2110,2110,0,2046,253
2111,2111,0,2046,49
2112,2112,0,2046,0
2113,2113,0,2046,0
2114,2114,0,2046,113
2115,2115,0,2046,356
2116,2116,0,2046,691
2117,2117,0,2047,1100
2118,2118,0,2047,1562
2119,2119,0,2046,2050
2120,2120,0,2047,2537
2121,2121,0,2046,2997
2122,2122,0,2046,3404
2123,2123,0,2047,3736
2124,2124,0,2047,3974
2125,2125,0,2046,4095
2126,2126,0,2047,4095
2127,2127,0,2047,4021
2128,2128,0,2047,3812
2129,2129,0,2046,3505
2130,2130,0,2046,3117
2131,2131,0,2046,2670
2132,2132,0,2047,2186
2133,2133,0,2046,1696
2134,2134,0,2046,1224
2135,2135,0,2046,798
2136,2136,0,2047,439
2137,2137,0,2046,170
2138,2138,0,2046,4
2139,2139,0,2046,0
2140,2140,0,2047,11
2141,2141,0,2047,186
2142,2142,0,2046,462
2143,2143,0,2046,826
2144,2144,0,2046,1256
2145,2145,0,2046,1730
2146,2146,0,2046,2221
2147,2147,0,2047,2702
2148,2148,0,2046,3147
2149,2149,0,2046,3529
2150,2150,0,2046,3829
2151,2151,0,2045,4031
2152,2152,0,2047,4095
2153,2153,0,2047,4095
2154,2154,0,2046,3960
2155,2155,0,2047,3715
2156,2156,0,2047,3379
2157,2157,0,2047,2967
2158,2158,0,2046,2504
2159,2159,0,2046,2016
2160,2160,0,2046,1529
2161,2161,0,2046,1070
2162,2162,0,2046,664
2163,2163,0,2046,335
2164,2164,0,2047,100
2165,2165,0,2046,0
2166,2166,0,2047,0
2167,2167,0,2046,60
2168,2168,0,2046,270
2169,2169,0,2047,579
2170,2170,0,2047,969
2171,2171,0,2046,1417
2172,2172,0,2046,1900
2173,2173,0,2046,2390
2174,2174,0,2047,2862
2175,2175,0,2047,3287
2176,2176,0,2046,3644
2177,2177,0,2046,3912
2178,2178,0,2047,4076
2179,2179,0,2046,4095
2180,2180,0,2047,4062
2181,2181,0,2046,3886
2182,2182,0,2046,3608
2183,2183,0,2046,3243
2184,2184,0,2046,2811
2185,2185,0,2046,2337
2186,2186,0,2046,1845
2187,2187,0,2047,1365
2188,2188,0,2047,922
2189,2189,0,2046,541
2190,2190,0,2047,242
2191,2191,0,2046,43
2192,2192,0,2047,0
2193,2193,0,2046,0
2194,2194,0,2046,121
2195,2195,0,2046,367
2196,2196,0,2046,706
2197,2197,0,2046,1119
2198,2198,0,2047,1582
2199,2199,0,2046,2071
2200,2200,0,2046,2558
2201,2201,0,2046,3016
2202,2202,0,2046,3420
2203,2203,0,2047,3748
2204,2204,0,2046,3981
2205,2205,0,2046,4095
2206,2206,0,2047,4095
2207,2207,0,2047,4014
2208,2208,0,2046,3801
2209,2209,0,2046,3490
2210,2210,0,2047,3100
2211,2211,0,2046,2650
2212,2212,0,2046,2166
2213,2213,0,2046,1676
2214,2214,0,2046,1206
2215,2215,0,2046,781
2216,2216,0,2046,426
2217,2217,0,2047,161
2218,2218,0,2046,0
2219,2219,0,2047,0
2220,2220,0,2046,16
2221,2221,0,2046,196
2222,2222,0,2046,476
2223,2223,0,2046,843
2224,2224,0,2047,1275
2225,2225,0,2046,1750
2226,2226,0,2047,2242
2227,2227,0,2046,2721
2228,2228,0,2047,3164
2229,2229,0,2047,3544
2230,2230,0,2047,3841
2231,2231,0,2047,4037
2232,2232,0,2046,4095
2233,2233,0,2047,4095
2234,2234,0,2046,3951
2235,2235,0,2047,3702
2236,2236,0,2046,3362
2237,2237,0,2046,2948
2238,2238,0,2046,2484
2239,2239,0,2046,1995
2240,2240,0,2046,1509
2241,2241,0,2046,1052
2242,2242,0,2046,649
2243,2243,0,2046,323
2244,2244,0,2046,92
2245,2245,0,2047,0
2246,2246,0,2047,0
2247,2247,0,2046,66
2248,2248,0,2047,282
2249,2249,0,2047,594
2250,2250,0,2046,986
2251,2251,0,2046,1437
2252,2252,0,2046,1921
2253,2253,0,2046,2412
2254,2254,0,2047,2881
2255,2255,0,2046,3304
2256,2256,0,2047,3657
2257,2257,0,2046,3920
2258,2258,0,2046,4081
2259,2259,0,2047,4095
2260,2260,0,2046,4057
2261,2261,0,2046,3877
2262,2262,0,2047,3594
2263,2263,0,2046,3226
2264,2264,0,2046,2792
2265,2265,0,2046,2315
2266,2266,0,2047,1824
2267,2267,0,2047,1345
2268,2268,0,2047,904
2269,2269,0,2047,526
2270,2270,0,2047,231
2271,2271,0,2047,37
2272,2272,0,2047,0
2273,2273,0,2046,0
2274,2274,0,2047,130
2275,2275,0,2046,380
2276,2276,0,2047,722
2277,2277,0,2047,1138
2278,2278,0,2047,1603
2279,2279,0,2046,2091
2280,2280,0,2047,2578
2281,2281,0,2046,3034
2282,2282,0,2046,3436
2283,2283,0,2046,3758
2284,2284,0,2046,3988
2285,2285,0,2046,4095
2286,2286,0,2047,4095
2287,2287,0,2046,4007
2288,2288,0,2046,3790
2289,2289,0,2046,3475
2290,2290,0,2046,3081
2291,2291,0,2046,2630
2292,2292,0,2046,2145
2293,2293,0,2047,1655
2294,2294,0,2046,1187
2295,2295,0,2047,764
2296,2296,0,2046,413
2297,2297,0,2046,151
2298,2298,0,2046,0
2299,2299,0,2046,0
2300,2300,0,2047,21
2301,2301,0,2047,205
2302,2302,0,2046,489
2303,2303,0,2047,860
2304,2304,0,2046,1295
2305,2305,0,2046,1771
2306,2306,0,2046,2262
2307,2307,0,2046,2741
2308,2308,0,2046,3181
2309,2309,0,2046,3558
2310,2310,0,2047,3851
2311,2311,0,2046,4043
2312,2312,0,2047,4095
2313,2313,0,2046,4091
2314,2314,0,2047,3943
2315,2315,0,2046,3690
2316,2316,0,2046,3346
2317,2317,0,2047,2930
2318,2318,0,2046,2464
2319,2319,0,2047,1974
2320,2320,0,2046,1489
2321,2321,0,2046,1034
2322,2322,0,2046,634
2323,2323,0,2046,312
2324,2324,0,2047,85
2325,2325,0,2047,0
2326,2326,0,2047,0
2327,2327,0,2046,74
2328,2328,0,2047,293
2329,2329,0,2046,609
2330,2330,0,2046,1005
2331,2331,0,2046,1457
2332,2332,0,2046,1942
2333,2333,0,2046,2432
2334,2334,0,2046,2900
2335,2335,0,2047,3320
2336,2336,0,2047,3670
2337,2337,0,2047,3930
2338,2338,0,2046,4085
2339,2339,0,2047,4095
2340,2340,0,2046,4052
2341,2341,0,2046,3867
2342,2342,0,2047,3580
2343,2343,0,2046,3209
2344,2344,0,2046,2771
2345,2345,0,2046,2295
2346,2346,0,2046,1803
2347,2347,0,2046,1325
2348,2348,0,2046,887
2349,2349,0,2047,511
2350,2350,0,2046,221
2351,2351,0,2046,31
2352,2352,0,2046,0
2353,2353,0,2046,0
2354,2354,0,2046,138
2355,2355,0,2046,393
2356,2356,0,2047,739
2357,2357,0,2046,1156
2358,2358,0,2047,1623
2359,2359,0,2046,2112
2360,2360,0,2046,2597
2361,2361,0,2046,3052
2362,2362,0,2047,3450
2363,2363,0,2047,3772
2364,2364,0,2046,3996
2365,2365,0,2046,4095
2366,2366,0,2046,4095
2367,2367,0,2047,4000
2368,2368,0,2047,3779
2369,2369,0,2046,3460
2370,2370,0,2047,3063
2371,2371,0,2047,2609
2372,2372,0,2047,2124
2373,2373,0,2046,1634
2374,2374,0,2047,1167
2375,2375,0,2046,748
2376,2376,0,2047,400
2377,2377,0,2046,143
2378,2378,0,2047,0
2379,2379,0,2046,0
2380,2380,0,2047,28
2381,2381,0,2046,215
2382,2382,0,2047,503
2383,2383,0,2046,877
2384,2384,0,2046,1314
2385,2385,0,2046,1792
2386,2386,0,2047,2283
2387,2387,0,2046,2760
2388,2388,0,2047,3199
2389,2389,0,2046,3572
2390,2390,0,2046,3861
2391,2391,0,2047,4049
2392,2392,0,2046,4095
2393,2393,0,2046,4087
2394,2394,0,2047,3935
2395,2395,0,2046,3677
2396,2396,0,2047,3330
2397,2397,0,2046,2911
2398,2398,0,2047,2443
2399,2399,0,2046,1954
2400,2400,0,2046,1468
2401,2401,0,2046,1015
2402,2402,0,2046,618
2403,2403,0,2046,300
2404,2404,0,2046,78
2405,2405,0,2047,0
2406,2406,0,2046,0
2407,2407,0,2047,80
2408,2408,0,2047,304
2409,2409,0,2047,624
2410,2410,0,2046,1023
2411,2411,0,2047,1477
2412,2412,0,2047,1962
2413,2413,0,2046,2453
2414,2414,0,2047,2919
2415,2415,0,2046,3337
2416,2416,0,2046,3683
2417,2417,0,2046,3939
2418,2418,0,2047,4089
2419,2419,0,2046,4095
2420,2420,0,2047,4046
2421,2421,0,2047,3856
2422,2422,0,2047,3567
2423,2423,0,2047,3191
2424,2424,0,2047,2752
2425,2425,0,2046,2274
2426,2426,0,2047,1782
2427,2427,0,2047,1306
2428,2428,0,2047,869
2429,2429,0,2047,498
2430,2430,0,2046,211
2431,2431,0,2046,25
2432,2432,0,2047,0
2433,2433,0,2046,0
2434,2434,0,2047,146
2435,2435,0,2045,406
2436,2436,0,2047,755
2437,2437,0,2046,1175
2438,2438,0,2047,1643
2439,2439,0,2046,2134
2440,2440,0,2046,2617
2441,2441,0,2047,3071
2442,2442,0,2047,3466
2443,2443,0,2047,3783
2444,2444,0,2047,4004
2445,2445,0,2046,4095
2446,2446,0,2046,4095
2447,2447,0,2046,3993
2448,2448,0,2047,3767
2449,2449,0,2047,3444
2450,2450,0,2046,3044
2451,2451,0,2046,2589
2452,2452,0,2046,2103
2453,2453,0,2046,1614
2454,2454,0,2047,1148
2455,2455,0,2046,732
2456,2456,0,2046,387
2457,2457,0,2046,134
2458,2458,0,2047,0
2459,2459,0,2046,0
2460,2460,0,2047,33
2461,2461,0,2046,225
2462,2462,0,2047,517
2463,2463,0,2046,894
2464,2464,0,2046,1334
2465,2465,0,2046,1813
2466,2466,0,2047,2303
2467,2467,0,2046,2780
2468,2468,0,2046,3215
2469,2469,0,2047,3586
2470,2470,0,2047,3870
2471,2471,0,2046,4055
2472,2472,0,2045,4095
2473,2473,0,2047,4083
2474,2474,0,2047,3925
2475,2475,0,2046,3664
2476,2476,0,2047,3313
2477,2477,0,2046,2892
2478,2478,0,2046,2423
2479,2479,0,2046,1933
2480,2480,0,2046,1448
2481,2481,0,2046,996
2482,2482,0,2046,603
2483,2483,0,2046,288
2484,2484,0,2046,70
2485,2485,0,2046,0
2486,2486,0,2047,0
2487,2487,0,2046,88
2488,2488,0,2046,317
2489,2489,0,2046,639
2490,2490,0,2046,1040
2491,2491,0,2046,1496
2492,2492,0,2047,1983
2493,2493,0,2046,2472
2494,2494,0,2047,2938
2495,2495,0,2046,3353
2496,2496,0,2046,3695
2497,2497,0,2046,3947
2498,2498,0,2046,4093
2499,2499,0,2047,4095
2500,2500,0,2047,4041
2501,2501,0,2046,3846
2502,2502,0,2046,3551
2503,2503,0,2046,3174
2504,2504,0,2047,2733
2505,2505,0,2046,2253
2506,2506,0,2047,1762
2507,2507,0,2047,1286
2508,2508,0,2046,852
2509,2509,0,2046,483
2510,2510,0,2046,201
2511,2511,0,2047,20
2512,2512,0,2047,0
2513,2513,0,2047,0
2514,2514,0,2047,155
2515,2515,0,2047,419
2516,2516,0,2046,771
2517,2517,0,2046,1195
2518,2518,0,2046,1664
2519,2519,0,2047,2154
2520,2520,0,2047,2638
2521,2521,0,2046,3089
2522,2522,0,2047,3482
2523,2523,0,2046,3794
2524,2524,0,2046,4011
2525,2525,0,2046,4095
2526,2526,0,2046,4095
2527,2527,0,2046,3985
2528,2528,0,2047,3754
2529,2529,0,2046,3428
2530,2530,0,2047,3026
2531,2531,0,2046,2569
2532,2532,0,2046,2083
2533,2533,0,2046,1594
2534,2534,0,2046,1129
2535,2535,0,2046,715
2536,2536,0,2046,375
2537,2537,0,2046,126
2538,2538,0,2047,0
2539,2539,0,2047,0
2540,2540,0,2047,39
2541,2541,0,2046,235
2542,2542,0,2047,532
2543,2543,0,2047,912
2544,2544,0,2047,1354
2545,2545,0,2046,1833
2546,2546,0,2047,2324
2547,2547,0,2047,2800
2548,2548,0,2047,3233
2549,2549,0,2046,3600
2550,2550,0,2046,3881
2551,2551,0,2046,4059
2552,2552,0,2047,4095
2553,2553,0,2047,4078
2554,2554,0,2047,3917
2555,2555,0,2046,3652
2556,2556,0,2047,3297
2557,2557,0,2046,2872
2558,2558,0,2046,2402
2559,2559,0,2046,1912
2560,2560,0,2047,1428
2561,2561,0,2047,978
2562,2562,0,2046,587
2563,2563,0,2047,277
2564,2564,0,2046,64
2565,2565,0,2047,0
2566,2566,0,2047,0
2567,2567,0,2047,96
2568,2568,0,2047,327
2569,2569,0,2047,656
2570,2570,0,2046,1059
2571,2571,0,2047,1517
2572,2572,0,2046,2004
2573,2573,0,2047,2493
2574,2574,0,2047,2956
2575,2575,0,2046,3369
2576,2576,0,2046,3709
2577,2577,0,2046,3955
2578,2578,0,2046,4095
2579,2579,0,2046,4095
2580,2580,0,2047,4035
2581,2581,0,2046,3836
2582,2582,0,2046,3537
2583,2583,0,2047,3156
2584,2584,0,2047,2712
2585,2585,0,2046,2233
2586,2586,0,2047,1742
2587,2587,0,2047,1266
2588,2588,0,2046,835
2589,2589,0,2046,470
2590,2590,0,2047,191
2591,2591,0,2047,14
2592,2592,0,2047,0
2593,2593,0,2046,0
2594,2594,0,2046,165
2595,2595,0,2046,432
2596,2596,0,2047,788
2597,2597,0,2047,1213
2598,2598,0,2047,1685
2599,2599,0,2046,2176
2600,2600,0,2047,2658
2601,2601,0,2046,3106
2602,2602,0,2046,3497
2603,2603,0,2047,3805
2604,2604,0,2047,4016
2605,2605,0,2046,4095
2606,2606,0,2046,4095
2607,2607,0,2047,3977
2608,2608,0,2047,3742
2609,2609,0,2046,3414
2610,2610,0,2046,3008
2611,2611,0,2046,2550
2612,2612,0,2046,2062
2613,2613,0,2047,1573
2614,2614,0,2047,1111
2615,2615,0,2047,699
2616,2616,0,2046,362
2617,2617,0,2047,118
2618,2618,0,2047,0
2619,2619,0,2047,0
2620,2620,0,2046,45
2621,2621,0,2046,246
2622,2622,0,2046,546
2623,2623,0,2046,928
2624,2624,0,2046,1373
2625,2625,0,2046,1854
2626,2626,0,2046,2345
2627,2627,0,2046,2818
2628,2628,0,2046,3250
2629,2629,0,2046,3614
2630,2630,0,2046,3891
2631,2631,0,2047,4065
2632,2632,0,2046,4095
2633,2633,0,2047,4074
2634,2634,0,2046,3908
2635,2635,0,2047,3638
2636,2636,0,2046,3280
2637,2637,0,2046,2854
2638,2638,0,2046,2381
2639,2639,0,2046,1891
2640,2640,0,2046,1408
2641,2641,0,2046,961
2642,2642,0,2047,573
2643,2643,0,2047,266
2644,2644,0,2047,57
2645,2645,0,2046,0
2646,2646,0,2046,0
2647,2647,0,2046,103
2648,2648,0,2046,340
2649,2649,0,2047,671
2650,2650,0,2047,1077
2651,2651,0,2046,1537
2652,2652,0,2046,2025
2653,2653,0,2046,2513
2654,2654,0,2046,2975
2655,2655,0,2047,3385
2656,2656,0,2047,3721
2657,2657,0,2047,3964
2658,2658,0,2046,4095
2659,2659,0,2046,4095
2660,2660,0,2046,4029
2661,2661,0,2046,3825
2662,2662,0,2047,3523
2663,2663,0,2046,3138
2664,2664,0,2046,2693
2665,2665,0,2046,2212
2666,2666,0,2046,1721
2667,2667,0,2047,1248
2668,2668,0,2046,818
2669,2669,0,2047,456
2670,2670,0,2047,181
2671,2671,0,2046,9
2672,2672,0,2047,0
2673,2673,0,2047,5
2674,2674,0,2047,173
2675,2675,0,2047,445
2676,2676,0,2046,805
2677,2677,0,2046,1232
2678,2678,0,2047,1704
2679,2679,0,2046,2196
2680,2680,0,2046,2677
2681,2681,0,2047,3125
2682,2682,0,2046,3512
2683,2683,0,2047,3817
2684,2684,0,2046,4023
2685,2685,0,2047,4095
2686,2686,0,2047,4095
2687,2687,0,2047,3970
2688,2688,0,2046,3731
2689,2689,0,2046,3398
2690,2690,0,2046,2990
2691,2691,0,2046,2529
2692,2692,0,2046,2041
2693,2693,0,2047,1553
2694,2694,0,2047,1093
2695,2695,0,2046,683
2696,2696,0,2047,350
2697,2697,0,2047,109
2698,2698,0,2046,0
2699,2699,0,2046,0
2700,2700,0,2047,52
2701,2701,0,2047,257
2702,2702,0,2047,561
2703,2703,0,2046,947
2704,2704,0,2045,1393
2705,2705,0,2047,1875
2706,2706,0,2046,2365
2707,2707,0,2046,2838
2708,2708,0,2046,3266
2709,2709,0,2046,3627
2710,2710,0,2047,3900
2711,2711,0,2046,4070
2712,2712,0,2046,4095
2713,2713,0,2046,4069
2714,2714,0,2047,3898
2715,2715,0,2046,3624
2716,2716,0,2047,3264
2717,2717,0,2046,2835
2718,2718,0,2046,2362
2719,2719,0,2046,1870
2720,2720,0,2046,1389
2721,2721,0,2046,944
2722,2722,0,2047,558
2723,2723,0,2046,255
2724,2724,0,2046,51
2725,2725,0,2046,0
2726,2726,0,2046,0
2727,2727,0,2046,111
2728,2728,0,2046,352
2729,2729,0,2046,687
2730,2730,0,2046,1096
2731,2731,0,2046,1557
2732,2732,0,2046,2045
2733,2733,0,2047,2533
2734,2734,0,2046,2993
2735,2735,0,2047,3402
2736,2736,0,2046,3733
2737,2737,0,2046,3972
2738,2738,0,2046,4095
2739,2739,0,2046,4095
2740,2740,0,2046,4022
2741,2741,0,2046,3814
2742,2742,0,2047,3508
2743,2743,0,2047,3121
2744,2744,0,2046,2674
2745,2745,0,2046,2191
2746,2746,0,2047,1700
2747,2747,0,2047,1228
2748,2748,0,2046,801
2749,2749,0,2047,442
2750,2750,0,2046,172
2751,2751,0,2047,5
2752,2752,0,2047,0
2753,2753,0,2046,11
2754,2754,0,2046,183
2755,2755,0,2046,459
2756,2756,0,2047,822
2757,2757,0,2046,1251
2758,2758,0,2047,1726
2759,2759,0,2046,2217
2760,2760,0,2047,2697
2761,2761,0,2046,3142
2762,2762,0,2046,3526
2763,2763,0,2046,3827
2764,2764,0,2046,4029
2765,2765,0,2046,4095
2766,2766,0,2047,4095
2767,2767,0,2046,3962
2768,2768,0,2047,3718
2769,2769,0,2046,3381
2770,2770,0,2046,2971
2771,2771,0,2047,2509
2772,2772,0,2046,2021
2773,2773,0,2047,1533
2774,2774,0,2047,1074
2775,2775,0,2047,668
2776,2776,0,2046,338
2777,2777,0,2047,101
2778,2778,0,2047,0
2779,2779,0,2046,0
2780,2780,0,2047,58
2781,2781,0,2047,268
2782,2782,0,2046,576
2783,2783,0,2046,965
2784,2784,0,2046,1413
2785,2785,0,2047,1896
2786,2786,0,2046,2386
2787,2787,0,2047,2857
2788,2788,0,2047,3283
2789,2789,0,2046,3641
2790,2790,0,2047,3909
2791,2791,0,2047,4075
2792,2792,0,2046,4095
2793,2793,0,2046,4064
2794,2794,0,2046,3888
2795,2795,0,2046,3611
2796,2796,0,2046,3247
2797,2797,0,2047,2815
2798,2798,0,2046,2341
2799,2799,0,2046,1849
2800,2800,0,2046,1369
2801,2801,0,2046,926
2802,2802,0,2046,544
2803,2803,0,2046,244
2804,2804,0,2046,44
2805,2805,0,2046,0
2806,2806,0,2046,0
2807,2807,0,2046,119
2808,2808,0,2046,364
2809,2809,0,2047,703
2810,2810,0,2046,1115
2811,2811,0,2046,1577
2812,2812,0,2047,2066
2813,2813,0,2046,2554
2814,2814,0,2046,3012
2815,2815,0,2046,3417
2816,2816,0,2046,3745
2817,2817,0,2046,3979
2818,2818,0,2046,4095
2819,2819,0,2047,4095
2820,2820,0,2046,4015
2821,2821,0,2046,3803
2822,2822,0,2046,3493
2823,2823,0,2047,3103
2824,2824,0,2047,2653
2825,2825,0,2046,2170
2826,2826,0,2046,1680
2827,2827,0,2047,1209
2828,2828,0,2046,785
2829,2829,0,2046,429
2830,2830,0,2046,162
2831,2831,0,2046,0
2832,2832,0,2046,0
2833,2833,0,2046,15
2834,2834,0,2046,193
2835,2835,0,2047,473
2836,2836,0,2046,839
2837,2837,0,2046,1272
2838,2838,0,2046,1746
2839,2839,0,2046,2237
2840,2840,0,2046,2717
2841,2841,0,2046,3161
2842,2842,0,2047,3540
2843,2843,0,2046,3839
2844,2844,0,2047,4036
2845,2845,0,2047,4095
2846,2846,0,2047,4095
2847,2847,0,2047,3954
2848,2848,0,2047,3706
2849,2849,0,2046,3366
2850,2850,0,2046,2952
2851,2851,0,2047,2488
2852,2852,0,2047,2000
2853,2853,0,2047,1513
2854,2854,0,2046,1055
2855,2855,0,2046,652
2856,2856,0,2047,326
2857,2857,0,2047,93
2858,2858,0,2047,0
2859,2859,0,2047,0
2860,2860,0,2047,64
2861,2861,0,2046,279
2862,2862,0,2047,591
2863,2863,0,2047,983
2864,2864,0,2047,1433
2865,2865,0,2046,1917
2866,2866,0,2047,2407
2867,2867,0,2046,2877
2868,2868,0,2047,3300
2869,2869,0,2046,3654
2870,2870,0,2047,3919
2871,2871,0,2047,4079
2872,2872,0,2046,4095
2873,2873,0,2046,4058
2874,2874,0,2046,3879
2875,2875,0,2047,3597
2876,2876,0,2046,3229
2877,2877,0,2047,2796
2878,2878,0,2047,2320
2879,2879,0,2046,1829
2880,2880,0,2047,1350
2881,2881,0,2047,908
2882,2882,0,2046,530
2883,2883,0,2046,233
2884,2884,0,2046,38
2885,2885,0,2046,0
2886,2886,0,2047,0
2887,2887,0,2046,128
2888,2888,0,2047,377
2889,2889,0,2046,719
2890,2890,0,2046,1133
2891,2891,0,2047,1598
2892,2892,0,2047,2087
2893,2893,0,2047,2574
2894,2894,0,2046,3030
2895,2895,0,2047,3432
2896,2896,0,2046,3757
2897,2897,0,2046,3987
2898,2898,0,2046,4095
2899,2899,0,2046,4095
2900,2900,0,2046,4008
2901,2901,0,2047,3791
2902,2902,0,2046,3478
2903,2903,0,2046,3084
2904,2904,0,2046,2634
2905,2905,0,2046,2149
2906,2906,0,2047,1660
2907,2907,0,2046,1191
2908,2908,0,2047,768
2909,2909,0,2047,416
2910,2910,0,2047,153
2911,2911,0,2046,0
2912,2912,0,2046,0
2913,2913,0,2046,20
2914,2914,0,2047,203
2915,2915,0,2047,487
2916,2916,0,2047,855
2917,2917,0,2046,1290
2918,2918,0,2046,1767
2919,2919,0,2046,2258
2920,2920,0,2047,2737
2921,2921,0,2046,3178
2922,2922,0,2046,3555
2923,2923,0,2046,3849
2924,2924,0,2046,4041
2925,2925,0,2047,4095
2926,2926,0,2047,4092
2927,2927,0,2046,3945
2928,2928,0,2047,3693
2929,2929,0,2047,3349
2930,2930,0,2047,2933
2931,2931,0,2046,2468
2932,2932,0,2047,1978
2933,2933,0,2047,1493
2934,2934,0,2046,1037
2935,2935,0,2047,637
2936,2936,0,2047,314
2937,2937,0,2047,86
2938,2938,0,2047,0
2939,2939,0,2047,0
2940,2940,0,2047,72
2941,2941,0,2047,291
2942,2942,0,2047,606
2943,2943,0,2047,1000
2944,2944,0,2047,1453
2945,2945,0,2047,1937
2946,2946,0,2047,2427
2947,2947,0,2047,2896
2948,2948,0,2046,3317
2949,2949,0,2047,3667
2950,2950,0,2046,3927
2951,2951,0,2047,4083
2952,2952,0,2047,4095
2953,2953,0,2046,4053
2954,2954,0,2046,3869
2955,2955,0,2046,3583
2956,2956,0,2047,3212
2957,2957,0,2047,2776
2958,2958,0,2046,2300
2959,2959,0,2046,1808
2960,2960,0,2046,1330
2961,2961,0,2047,890
2962,2962,0,2047,515
2963,2963,0,2047,224
2964,2964,0,2047,32
2965,2965,0,2047,0
2966,2966,0,2047,0
2967,2967,0,2046,136
2968,2968,0,2046,390
2969,2969,0,2046,735
2970,2970,0,2046,1152
2971,2971,0,2046,1619
2972,2972,0,2047,2109
2973,2973,0,2047,2594
2974,2974,0,2046,3049
2975,2975,0,2046,3448
2976,2976,0,2047,3769
2977,2977,0,2046,3995
2978,2978,0,2046,4095
2979,2979,0,2047,4095
2980,2980,0,2047,4001
2981,2981,0,2046,3781
2982,2982,0,2047,3463
2983,2983,0,2046,3067
2984,2984,0,2046,2614
2985,2985,0,2046,2129
2986,2986,0,2046,1639
2987,2987,0,2046,1171
2988,2988,0,2046,751
2989,2989,0,2047,404
2990,2990,0,2047,145
2991,2991,0,2046,0
2992,2992,0,2047,0
2993,2993,0,2046,26
2994,2994,0,2046,213
2995,2995,0,2047,500
2996,2996,0,2047,873
2997,2997,0,2046,1310
2998,2998,0,2046,1787
2999,2999,0,2046,2279
3000,3000,0,2046,2757
3001,3001,0,2046,3194
3002,3002,0,2047,3570
3003,3003,0,2046,3859
3004,3004,0,2047,4047
3005,3005,0,2046,4095
3006,3006,0,2047,4088
3007,3007,0,2047,3936
3008,3008,0,2047,3681
3009,3009,0,2046,3334
3010,3010,0,2046,2915
3011,3011,0,2047,2447
3012,3012,0,2046,1957
3013,3013,0,2046,1473
3014,3014,0,2046,1020
3015,3015,0,2046,621
3016,3016,0,2046,302
3017,3017,0,2047,79
3018,3018,0,2046,0
3019,3019,0,2047,0
3020,3020,0,2046,80
3021,3021,0,2047,302
3022,3022,0,2046,622
3023,3023,0,2046,1019
3024,3024,0,2046,1473
3025,3025,0,2047,1958
3026,3026,0,2047,2448
3027,3027,0,2047,2915
3028,3028,0,2046,3334
3029,3029,0,2046,3681
3030,3030,0,2047,3936
3031,3031,0,2047,4088
3032,3032,0,2046,4095
3033,3033,0,2047,4048
3034,3034,0,2046,3859
3035,3035,0,2047,3569
3036,3036,0,2046,3195
3037,3037,0,2047,2756
3038,3038,0,2046,2279
3039,3039,0,2046,1787
3040,3040,0,2047,1310
3041,3041,0,2047,872
3042,3042,0,2046,501
3043,3043,0,2046,213
3044,3044,0,2046,27
3045,3045,0,2047,0
3046,3046,0,2046,0
3047,3047,0,2046,145
3048,3048,0,2046,403
3049,3049,0,2046,751
3050,3050,0,2046,1171
3051,3051,0,2047,1639
3052,3052,0,2046,2129
3053,3053,0,2046,2614
3054,3054,0,2047,3067
3055,3055,0,2047,3462
3056,3056,0,2046,3781
3057,3057,0,2046,4002
3058,3058,0,2047,4095
3059,3059,0,2047,4095
3060,3060,0,2046,3995
3061,3061,0,2046,3769
3062,3062,0,2046,3448
3063,3063,0,2046,3049
3064,3064,0,2046,2594
3065,3065,0,2047,2108
3066,3066,0,2046,1618
3067,3067,0,2046,1153
3068,3068,0,2047,735
3069,3069,0,2047,391
3070,3070,0,2046,135
3071,3071,0,2046,0
3072,3072,0,2046,0
3073,3073,0,2047,32
3074,3074,0,2046,223
3075,3075,0,2046,515
3076,3076,0,2046,891
3077,3077,0,2046,1330
3078,3078,0,2047,1808
3079,3079,0,2046,2299
3080,3080,0,2046,2776
3081,3081,0,2046,3212
3082,3082,0,2047,3584
3083,3083,0,2047,3869
3084,3084,0,2046,4053
3085,3085,0,2047,4095
3086,3086,0,2046,4084
3087,3087,0,2047,3928
3088,3088,0,2046,3668
3089,3089,0,2047,3317
3090,3090,0,2047,2896
3091,3091,0,2046,2427
3092,3092,0,2046,1937
3093,3093,0,2047,1453
3094,3094,0,2047,1001
3095,3095,0,2046,606
3096,3096,0,2047,290
3097,3097,0,2046,72
3098,3098,0,2047,0
3099,3099,0,2047,0
3100,3100,0,2047,86
3101,3101,0,2046,314
3102,3102,0,2046,636
3103,3103,0,2047,1037
3104,3104,0,2046,1493
3105,3105,0,2046,1979
3106,3106,0,2047,2468
3107,3107,0,2046,2934
3108,3108,0,2046,3349
3109,3109,0,2046,3693
3110,3110,0,2047,3945
3111,3111,0,2047,4092
3112,3112,0,2046,4095
3113,3113,0,2046,4042
3114,3114,0,2047,3849
3115,3115,0,2046,3555
3116,3116,0,2047,3177
3117,3117,0,2047,2737
3118,3118,0,2046,2258
3119,3119,0,2047,1767
3120,3120,0,2046,1291
3121,3121,0,2046,856
3122,3122,0,2047,487
3123,3123,0,2047,203
3124,3124,0,2047,21
3125,3125,0,2046,0
3126,3126,0,2046,0
3127,3127,0,2046,154
3128,3128,0,2046,416
3129,3129,0,2047,768
3130,3130,0,2047,1191
3131,3131,0,2047,1659
3132,3132,0,2047,2150
3133,3133,0,2046,2634
3134,3134,0,2046,3085
3135,3135,0,2047,3478
3136,3136,0,2047,3792
3137,3137,0,2047,4009
3138,3138,0,2047,4095
3139,3139,0,2047,4095
3140,3140,0,2047,3987
3141,3141,0,2047,3757
3142,3142,0,2047,3432
3143,3143,0,2046,3030
3144,3144,0,2047,2573
3145,3145,0,2046,2087
3146,3146,0,2047,1598
3147,3147,0,2046,1134
3148,3148,0,2047,719
3149,3149,0,2046,378
3150,3150,0,2046,128
3151,3151,0,2046,0
3152,3152,0,2047,0
3153,3153,0,2046,38
3154,3154,0,2047,234
3155,3155,0,2046,529
3156,3156,0,2046,908
3157,3157,0,2047,1349
3158,3158,0,2046,1829
3159,3159,0,2046,2320
3160,3160,0,2046,2796
3161,3161,0,2046,3230
3162,3162,0,2046,3598
3163,3163,0,2046,3879
3164,3164,0,2046,4058
3165,3165,0,2047,4095
3166,3166,0,2046,4079
3167,3167,0,2046,3919
3168,3168,0,2046,3654
3169,3169,0,2047,3301
3170,3170,0,2046,2877
3171,3171,0,2046,2406
3172,3172,0,2046,1915
3173,3173,0,2047,1432
3174,3174,0,2046,983
3175,3175,0,2046,591
3176,3176,0,2046,279
3177,3177,0,2047,66
3178,3178,0,2046,0
3179,3179,0,2047,0
3180,3180,0,2046,94
3181,3181,0,2046,326
3182,3182,0,2046,652
3183,3183,0,2046,1055
3184,3184,0,2046,1513
3185,3185,0,2047,1999
3186,3186,0,2046,2489
3187,3187,0,2046,2953
3188,3188,0,2047,3366
3189,3189,0,2047,3705
3190,3190,0,2047,3953
3191,3191,0,2047,4095
3192,3192,0,2047,4095
3193,3193,0,2046,4036
3194,3194,0,2047,3838
3195,3195,0,2047,3540
3196,3196,0,2047,3159
3197,3197,0,2047,2717
3198,3198,0,2046,2237
3199,3199,0,2046,1746
3200,3200,0,2047,1271
3201,3201,0,2047,838
3202,3202,0,2046,473
3203,3203,0,2046,193
3204,3204,0,2047,16
3205,3205,0,2046,0
3206,3206,0,2047,0
3207,3207,0,2047,162
3208,3208,0,2046,429
3209,3209,0,2047,785
3210,3210,0,2046,1209
3211,3211,0,2046,1681
3212,3212,0,2046,2170
3213,3213,0,2046,2654
3214,3214,0,2047,3103
3215,3215,0,2047,3493
3216,3216,0,2046,3803
3217,3217,0,2047,4016
3218,3218,0,2047,4095
3219,3219,0,2046,4095
3220,3220,0,2046,3979
3221,3221,0,2046,3745
3222,3222,0,2047,3416
3223,3223,0,2047,3012
3224,3224,0,2046,2553
3225,3225,0,2046,2066
3226,3226,0,2047,1577
3227,3227,0,2046,1115
3228,3228,0,2047,702
3229,3229,0,2047,365
3230,3230,0,2046,119
3231,3231,0,2046,0
3232,3232,0,2046,0
3233,3233,0,2046,44
3234,3234,0,2046,245
3235,3235,0,2046,544
3236,3236,0,2047,926
3237,3237,0,2046,1369
3238,3238,0,2046,1850
3239,3239,0,2047,2342
3240,3240,0,2046,2815
3241,3241,0,2046,3247
3242,3242,0,2046,3612
3243,3243,0,2046,3889
3244,3244,0,2046,4065
3245,3245,0,2047,4095
3246,3246,0,2046,4075
3247,3247,0,2047,3910
3248,3248,0,2047,3641
3249,3249,0,2047,3283
3250,3250,0,2047,2858
3251,3251,0,2046,2386
3252,3252,0,2046,1895
3253,3253,0,2046,1413
3254,3254,0,2046,965
3255,3255,0,2047,576
3256,3256,0,2047,268
3257,3257,0,2047,58
3258,3258,0,2046,0
3259,3259,0,2047,0
3260,3260,0,2047,101
3261,3261,0,2046,338
3262,3262,0,2046,668
3263,3263,0,2046,1074
3264,3264,0,2047,1533
3265,3265,0,2046,2021
3266,3266,0,2046,2509
3267,3267,0,2047,2971
3268,3268,0,2047,3382
3269,3269,0,2047,3719
3270,3270,0,2046,3961
3271,3271,0,2046,4095
3272,3272,0,2046,4095
3273,3273,0,2047,4030
3274,3274,0,2047,3827
3275,3275,0,2046,3526
3276,3276,0,2046,3142
3277,3277,0,2047,2697
3278,3278,0,2047,2216
3279,3279,0,2046,1725
3280,3280,0,2047,1251
3281,3281,0,2046,821
3282,3282,0,2047,458
3283,3283,0,2046,184
3284,3284,0,2047,11
3285,3285,0,2047,0
3286,3286,0,2046,4
3287,3287,0,2046,173
3288,3288,0,2046,442
3289,3289,0,2047,801
3290,3290,0,2046,1228
3291,3291,0,2047,1701
3292,3292,0,2046,2191
3293,3293,0,2047,2674
3294,3294,0,2046,3121
3295,3295,0,2046,3507
3296,3296,0,2046,3815
3297,3297,0,2046,4022
3298,3298,0,2046,4095
3299,3299,0,2046,4095
3300,3300,0,2047,3972
3301,3301,0,2046,3733
3302,3302,0,2046,3401
3303,3303,0,2046,2993
3304,3304,0,2046,2533
3305,3305,0,2047,2045
3306,3306,0,2047,1557
3307,3307,0,2046,1096
3308,3308,0,2046,687
3309,3309,0,2046,353
3310,3310,0,2046,112
3311,3311,0,2046,0
3312,3312,0,2047,0
3313,3313,0,2046,51
3314,3314,0,2047,255
3315,3315,0,2046,558
3316,3316,0,2046,943
3317,3317,0,2046,1390
3318,3318,0,2046,1871
3319,3319,0,2046,2361
3320,3320,0,2046,2835
3321,3321,0,2046,3263
3322,3322,0,2046,3625
3323,3323,0,2046,3898
3324,3324,0,2047,4069
3325,3325,0,2047,4095
3326,3326,0,2046,4070
3327,3327,0,2046,3900
3328,3328,0,2046,3627
3329,3329,0,2046,3267
3330,3330,0,2047,2838
3331,3331,0,2047,2365
3332,3332,0,2046,1875
3333,3333,0,2046,1392
3334,3334,0,2047,947
3335,3335,0,2046,561
3336,3336,0,2046,257
3337,3337,0,2046,52
3338,3338,0,2047,0
3339,3339,0,2046,0
3340,3340,0,2047,110
3341,3341,0,2047,350
3342,3342,0,2047,684
3343,3343,0,2046,1092
3344,3344,0,2047,1553
3345,3345,0,2047,2041
3346,3346,0,2047,2530
3347,3347,0,2046,2990
3348,3348,0,2047,3397
3349,3349,0,2046,3730
3350,3350,0,2046,3970
3351,3351,0,2046,4095
3352,3352,0,2046,4095
3353,3353,0,2046,4023
3354,3354,0,2047,3816
3355,3355,0,2046,3511
3356,3356,0,2046,3124
3357,3357,0,2046,2678
3358,3358,0,2046,2196
3359,3359,0,2047,1704
3360,3360,0,2046,1232
3361,3361,0,2046,804
3362,3362,0,2046,445
3363,3363,0,2046,173
3364,3364,0,2046,6
3365,3365,0,2046,0
3366,3366,0,2046,10
3367,3367,0,2047,181
3368,3368,0,2046,456
3369,3369,0,2047,818
3370,3370,0,2046,1247
3371,3371,0,2047,1722
3372,3372,0,2047,2212
3373,3373,0,2047,2694
3374,3374,0,2047,3139
3375,3375,0,2047,3523
3376,3376,0,2047,3826
3377,3377,0,2046,4029
3378,3378,0,2046,4095
3379,3379,0,2047,4095
3380,3380,0,2046,3964
3381,3381,0,2047,3720
3382,3382,0,2046,3385
3383,3383,0,2046,2974
3384,3384,0,2047,2512
3385,3385,0,2046,2024
3386,3386,0,2047,1537
3387,3387,0,2046,1077
3388,3388,0,2046,671
3389,3389,0,2046,340
3390,3390,0,2047,103
3391,3391,0,2046,0
3392,3392,0,2047,0
3393,3393,0,2046,57
3394,3394,0,2046,266
3395,3395,0,2046,573
3396,3396,0,2047,962
3397,3397,0,2046,1409
3398,3398,0,2046,1892
3399,3399,0,2046,2382
3400,3400,0,2046,2854
3401,3401,0,2046,3280
3402,3402,0,2046,3638
3403,3403,0,2046,3908
3404,3404,0,2046,4074
3405,3405,0,2046,4095
3406,3406,0,2047,4065
3407,3407,0,2046,3891
3408,3408,0,2047,3614
3409,3409,0,2046,3249
3410,3410,0,2046,2819
3411,3411,0,2047,2344
3412,3412,0,2046,1854
3413,3413,0,2047,1372
3414,3414,0,2046,928
3415,3415,0,2046,546
3416,3416,0,2046,246
3417,3417,0,2046,45
3418,3418,0,2047,0
3419,3419,0,2046,0
3420,3420,0,2047,118
3421,3421,0,2047,362
3422,3422,0,2046,700
3423,3423,0,2046,1112
3424,3424,0,2046,1574
3425,3425,0,2046,2062
3426,3426,0,2046,2549
3427,3427,0,2046,3008
3428,3428,0,2046,3414
3429,3429,0,2047,3742
3430,3430,0,2046,3978
3431,3431,0,2046,4095
3432,3432,0,2047,4095
3433,3433,0,2046,4016
3434,3434,0,2047,3806
3435,3435,0,2046,3496
3436,3436,0,2046,3107
3437,3437,0,2046,2658
3438,3438,0,2047,2175
3439,3439,0,2046,1684
3440,3440,0,2046,1213
3441,3441,0,2046,788
3442,3442,0,2047,432
3443,3443,0,2046,164
3444,3444,0,2046,1
3445,3445,0,2046,0
3446,3446,0,2047,14
3447,3447,0,2046,191
3448,3448,0,2047,470
3449,3449,0,2047,835
3450,3450,0,2046,1268
3451,3451,0,2046,1742
3452,3452,0,2046,2234
3453,3453,0,2046,2713
3454,3454,0,2046,3157
3455,3455,0,2047,3538
3456,3456,0,2046,3836
3457,3457,0,2046,4034
3458,3458,0,2046,4095
3459,3459,0,2046,4095
3460,3460,0,2047,3955
3461,3461,0,2046,3708
3462,3462,0,2046,3368
3463,3463,0,2046,2955
3464,3464,0,2047,2491
3465,3465,0,2047,2003
3466,3466,0,2046,1516
3467,3467,0,2047,1058
3468,3468,0,2046,655
3469,3469,0,2046,328
3470,3470,0,2047,95
3471,3471,0,2047,0
3472,3472,0,2047,0
3473,3473,0,2047,63
3474,3474,0,2047,277
3475,3475,0,2046,588
3476,3476,0,2046,979
3477,3477,0,2046,1429
3478,3478,0,2046,1913
3479,3479,0,2046,2403
3480,3480,0,2046,2873
3481,3481,0,2047,3297
3482,3482,0,2047,3651
3483,3483,0,2047,3917
3484,3484,0,2047,4078
3485,3485,0,2046,4095
3486,3486,0,2047,4060
3487,3487,0,2046,3881
3488,3488,0,2046,3600
3489,3489,0,2047,3232
3490,3490,0,2046,2799
3491,3491,0,2047,2324
3492,3492,0,2046,1833
3493,3493,0,2047,1352
3494,3494,0,2047,911
3495,3495,0,2046,532
3496,3496,0,2047,236
3497,3497,0,2047,39
3498,3498,0,2047,0
3499,3499,0,2046,0
3500,3500,0,2046,126
3501,3501,0,2046,374
3502,3502,0,2046,716
3503,3503,0,2046,1130
3504,3504,0,2047,1595
3505,3505,0,2046,2083
3506,3506,0,2047,2570
3507,3507,0,2046,3027
3508,3508,0,2046,3430
3509,3509,0,2046,3755
3510,3510,0,2046,3985
3511,3511,0,2047,4095
3512,3512,0,2046,4095
3513,3513,0,2046,4010
3514,3514,0,2046,3794
3515,3515,0,2046,3480
3516,3516,0,2046,3088
3517,3517,0,2047,2637
3518,3518,0,2048,2153
3519,3519,0,2047,1664
3520,3520,0,2047,1194
3521,3521,0,2046,772
3522,3522,0,2046,419
3523,3523,0,2047,155
3524,3524,0,2046,0
3525,3525,0,2047,0
3526,3526,0,2047,20
3527,3527,0,2047,201
3528,3528,0,2047,484
3529,3529,0,2047,852
3530,3530,0,2047,1286
3531,3531,0,2047,1763
3532,3532,0,2046,2254
3533,3533,0,2047,2733
3534,3534,0,2046,3175
3535,3535,0,2046,3552
3536,3536,0,2047,3847
3537,3537,0,2046,4041
3538,3538,0,2046,4095
3539,3539,0,2046,4093
3540,3540,0,2046,3947
3541,3541,0,2046,3695
3542,3542,0,2046,3353
3543,3543,0,2046,2937
3544,3544,0,2046,2471
3545,3545,0,2047,1982
3546,3546,0,2046,1496
3547,3547,0,2046,1040
3548,3548,0,2047,640
3549,3549,0,2046,316
3550,3550,0,2046,88
3551,3551,0,2046,0
3552,3552,0,2046,0
3553,3553,0,2046,71
3554,3554,0,2047,288
3555,3555,0,2046,603
3556,3556,0,2046,997
3557,3557,0,2047,1449
3558,3558,0,2047,1933
3559,3559,0,2046,2424
3560,3560,0,2046,2892
3561,3561,0,2047,3314
3562,3562,0,2047,3665
3563,3563,0,2046,3927
3564,3564,0,2046,4083
3565,3565,0,2047,4095
3566,3566,0,2046,4054
3567,3567,0,2046,3871
3568,3568,0,2046,3585
3569,3569,0,2047,3215
3570,3570,0,2047,2780
3571,3571,0,2046,2303
3572,3572,0,2046,1811
3573,3573,0,2046,1333
3574,3574,0,2046,893
3575,3575,0,2046,517
3576,3576,0,2047,226
3577,3577,0,2047,33
3578,3578,0,2047,0
3579,3579,0,2047,0
3580,3580,0,2046,135
3581,3581,0,2046,388
3582,3582,0,2046,732
3583,3583,0,2047,1149
3584,3584,0,2046,1615
3585,3585,0,2046,2104
3586,3586,0,2046,2590
3587,3587,0,2046,3046
3588,3588,0,2046,3445
3589,3589,0,2046,3767
3590,3590,0,2046,3993
3591,3591,0,2046,4095
3592,3592,0,2046,4095
3593,3593,0,2047,4003
3594,3594,0,2046,3783
3595,3595,0,2046,3466
3596,3596,0,2046,3070
3597,3597,0,2047,2618
3598,3598,0,2046,2132
3599,3599,0,2046,1643
3600,3600,0,2046,1175
3601,3601,0,2046,755
3602,3602,0,2047,405
3603,3603,0,2047,147
3604,3604,0,2047,0
3605,3605,0,2047,0
3606,3606,0,2047,25
3607,3607,0,2047,210
3608,3608,0,2046,498
3609,3609,0,2046,871
3610,3610,0,2046,1307
3611,3611,0,2046,1784
3612,3612,0,2047,2275
3613,3613,0,2046,2754
3614,3614,0,2046,3192
3615,3615,0,2047,3566
3616,3616,0,2046,3857
3617,3617,0,2046,4046
3618,3618,0,2046,4095
3619,3619,0,2047,4089
3620,3620,0,2046,3938
3621,3621,0,2046,3682
3622,3622,0,2046,3337
3623,3623,0,2046,2918
3624,3624,0,2046,2451
3625,3625,0,2046,1962
3626,3626,0,2046,1476
3627,3627,0,2046,1022
3628,3628,0,2046,624
3629,3629,0,2046,304
3630,3630,0,2046,79
3631,3631,0,2046,0
3632,3632,0,2047,0
3633,3633,0,2047,78
3634,3634,0,2046,300
3635,3635,0,2046,618
3636,3636,0,2047,1016
3637,3637,0,2046,1469
3638,3638,0,2046,1954
3639,3639,0,2047,2444
3640,3640,0,2046,2910
3641,3641,0,2046,3330
3642,3642,0,2046,3678
3643,3643,0,2047,3935
3644,3644,0,2046,4087
3645,3645,0,2046,4095
3646,3646,0,2046,4049
3647,3647,0,2046,3861
3648,3648,0,2046,3571
3649,3649,0,2047,3198
3650,3650,0,2046,2761
3651,3651,0,2047,2282
3652,3652,0,2046,1791
3653,3653,0,2047,1314
3654,3654,0,2047,876
3655,3655,0,2046,504
3656,3656,0,2046,215
3657,3657,0,2046,27
3658,3658,0,2046,0
3659,3659,0,2046,0
3660,3660,0,2046,143
3661,3661,0,2046,400
3662,3662,0,2046,749
3663,3663,0,2046,1167
3664,3664,0,2046,1636
3665,3665,0,2046,2125
3666,3666,0,2047,2610
3667,3667,0,2046,3063
3668,3668,0,2046,3460
3669,3669,0,2046,3777
3670,3670,0,2047,4000
3671,3671,0,2046,4095
3672,3672,0,2046,4095
3673,3673,0,2046,3996
3674,3674,0,2046,3771
3675,3675,0,2046,3451
3676,3676,0,2046,3051
3677,3677,0,2046,2597
3678,3678,0,2046,2112
3679,3679,0,2046,1623
3680,3680,0,2046,1155
3681,3681,0,2047,738
3682,3682,0,2047,393
3683,3683,0,2047,138
3684,3684,0,2046,0
3685,3685,0,2047,0
3686,3686,0,2046,31
3687,3687,0,2046,222
3688,3688,0,2046,511
3689,3689,0,2046,887
3690,3690,0,2047,1326
3691,3691,0,2046,1805
3692,3692,0,2047,2296
3693,3693,0,2047,2773
3694,3694,0,2046,3209
3695,3695,0,2046,3581
3696,3696,0,2046,3867
3697,3697,0,2047,4052
3698,3698,0,2046,4095
3699,3699,0,2047,4084
3700,3700,0,2046,3929
3701,3701,0,2046,3670
3702,3702,0,2046,3321
3703,3703,0,2046,2899
3704,3704,0,2047,2431
3705,3705,0,2046,1941
3706,3706,0,2047,1456
3707,3707,0,2046,1004
3708,3708,0,2046,609
3709,3709,0,2046,292
3710,3710,0,2046,73
3711,3711,0,2047,0
3712,3712,0,2047,0
3713,3713,0,2047,85
3714,3714,0,2046,311
3715,3715,0,2046,634
3716,3716,0,2047,1034
3717,3717,0,2047,1488
3718,3718,0,2046,1975
3719,3719,0,2046,2465
3720,3720,0,2046,2931
3721,3721,0,2046,3347
3722,3722,0,2046,3690
3723,3723,0,2046,3944
3724,3724,0,2046,4091
3725,3725,0,2047,4095
3726,3726,0,2046,4043
3727,3727,0,2046,3850
3728,3728,0,2046,3557
3729,3729,0,2046,3181
3730,3730,0,2046,2741
3731,3731,0,2046,2262
3732,3732,0,2046,1771
3733,3733,0,2046,1294
3734,3734,0,2047,859
3735,3735,0,2046,489
3736,3736,0,2047,205
3737,3737,0,2046,22
3738,3738,0,2046,0
3739,3739,0,2046,0
3740,3740,0,2047,152
3741,3741,0,2047,413
3742,3742,0,2047,765
3743,3743,0,2046,1187
3744,3744,0,2046,1656
3745,3745,0,2047,2146
3746,3746,0,2047,2630
3747,3747,0,2046,3082
3748,3748,0,2046,3476
3749,3749,0,2046,3790
3750,3750,0,2047,4007
3751,3751,0,2046,4095
3752,3752,0,2046,4095
3753,3753,0,2046,3989
3754,3754,0,2047,3759
3755,3755,0,2046,3435
3756,3756,0,2046,3034
3757,3757,0,2047,2577
3758,3758,0,2046,2091
3759,3759,0,2047,1602
3760,3760,0,2046,1137
3761,3761,0,2046,722
3762,3762,0,2047,380
3763,3763,0,2047,129
3764,3764,0,2046,0
3765,3765,0,2047,0
3766,3766,0,2046,36
3767,3767,0,2046,232
3768,3768,0,2046,526
3769,3769,0,2047,905
3770,3770,0,2047,1346
3771,3771,0,2047,1825
3772,3772,0,2046,2316
3773,3773,0,2047,2792
3774,3774,0,2047,3226
3775,3775,0,2046,3595
3776,3776,0,2046,3878
3777,3777,0,2047,4058
3778,3778,0,2046,4095
3779,3779,0,2046,4080
3780,3780,0,2046,3920
3781,3781,0,2046,3656
3782,3782,0,2046,3303
3783,3783,0,2047,2880
3784,3784,0,2046,2411
3785,3785,0,2047,1920
3786,3786,0,2047,1436
3787,3787,0,2046,986
3788,3788,0,2047,594
3789,3789,0,2046,282
3790,3790,0,2046,66
3791,3791,0,2047,0
3792,3792,0,2046,0
3793,3793,0,2047,92
3794,3794,0,2047,323
3795,3795,0,2046,649
3796,3796,0,2047,1052
3797,3797,0,2046,1509
3798,3798,0,2047,1997
3799,3799,0,2047,2485
3800,3800,0,2046,2949
3801,3801,0,2046,3362
3802,3802,0,2046,3704
3803,3803,0,2046,3952
3804,3804,0,2046,4095
3805,3805,0,2046,4095
3806,3806,0,2047,4037
3807,3807,0,2047,3840
3808,3808,0,2046,3543
3809,3809,0,2046,3163
3810,3810,0,2046,2720
3811,3811,0,2046,2240
3812,3812,0,2046,1750
3813,3813,0,2047,1274
3814,3814,0,2047,842
3815,3815,0,2046,475
3816,3816,0,2047,195
3817,3817,0,2046,16
3818,3818,0,2047,0
3819,3819,0,2046,0
3820,3820,0,2047,161
3821,3821,0,2047,427
3822,3822,0,2047,781
3823,3823,0,2046,1206
3824,3824,0,2046,1677
3825,3825,0,2046,2167
3826,3826,0,2046,2650
3827,3827,0,2046,3100
3828,3828,0,2046,3490
3829,3829,0,2046,3801
3830,3830,0,2047,4014
3831,3831,0,2046,4095
3832,3832,0,2047,4095
3833,3833,0,2046,3981
3834,3834,0,2047,3747
3835,3835,0,2047,3419
3836,3836,0,2047,3015
3837,3837,0,2046,2557
3838,3838,0,2047,2070
3839,3839,0,2046,1582
3840,3840,0,2046,1118
3841,3841,0,2047,705
3842,3842,0,2046,367
3843,3843,0,2046,121
3844,3844,0,2046,0
3845,3845,0,2046,0
3846,3846,0,2046,42
3847,3847,0,2046,242
3848,3848,0,2046,541
3849,3849,0,2045,922
3850,3850,0,2046,1366
3851,3851,0,2046,1846
3852,3852,0,2046,2337
3853,3853,0,2046,2811
3854,3854,0,2047,3243
3855,3855,0,2046,3609
3856,3856,0,2046,3887
3857,3857,0,2047,4063
3858,3858,0,2046,4095
3859,3859,0,2047,4076
3860,3860,0,2047,3911
3861,3861,0,2046,3643
3862,3862,0,2046,3287
3863,3863,0,2046,2861
3864,3864,0,2047,2389
3865,3865,0,2046,1899
3866,3866,0,2047,1417
3867,3867,0,2046,968
3868,3868,0,2046,579
3869,3869,0,2046,271
3870,3870,0,2047,60
3871,3871,0,2047,0
3872,3872,0,2046,0
3873,3873,0,2047,100
3874,3874,0,2046,336
3875,3875,0,2047,665
3876,3876,0,2046,1070
3877,3877,0,2046,1530
3878,3878,0,2047,2017
3879,3879,0,2047,2505
3880,3880,0,2046,2968
3881,3881,0,2046,3379
3882,3882,0,2047,3716
3883,3883,0,2047,3961
3884,3884,0,2046,4095
3885,3885,0,2046,4095
3886,3886,0,2046,4031
3887,3887,0,2046,3829
3888,3888,0,2046,3528
3889,3889,0,2047,3145
3890,3890,0,2047,2701
3891,3891,0,2046,2220
3892,3892,0,2046,1729
3893,3893,0,2046,1256
3894,3894,0,2046,825
3895,3895,0,2045,461
3896,3896,0,2046,186
3897,3897,0,2046,12
3898,3898,0,2046,0
3899,3899,0,2046,4
3900,3900,0,2046,170
3901,3901,0,2046,441
3902,3902,0,2046,799
3903,3903,0,2046,1226
3904,3904,0,2047,1697
3905,3905,0,2046,2188
3906,3906,0,2047,2671
3907,3907,0,2046,3117
3908,3908,0,2046,3505
3909,3909,0,2046,3813
3910,3910,0,2046,4020
3911,3911,0,2046,4095
3912,3912,0,2046,4095
3913,3913,0,2047,3973
3914,3914,0,2046,3735
3915,3915,0,2046,3404
3916,3916,0,2047,2997
3917,3917,0,2046,2537
3918,3918,0,2047,2049
3919,3919,0,2047,1561
3920,3920,0,2046,1100
3921,3921,0,2046,690
3922,3922,0,2046,354
3923,3923,0,2046,113
3924,3924,0,2046,0
3925,3925,0,2046,0
3926,3926,0,2046,49
3927,3927,0,2046,253
3928,3928,0,2046,555
3929,3929,0,2046,940
3930,3930,0,2046,1385
3931,3931,0,2046,1866
3932,3932,0,2046,2357
3933,3933,0,2047,2832
3934,3934,0,2047,3261
3935,3935,0,2047,3623
3936,3936,0,2046,3896
3937,3937,0,2047,4068
3938,3938,0,2047,4095
3939,3939,0,2047,4070
3940,3940,0,2046,3901
3941,3941,0,2046,3630
3942,3942,0,2047,3270
3943,3943,0,2047,2842
3944,3944,0,2046,2370
3945,3945,0,2047,1879
3946,3946,0,2046,1396
3947,3947,0,2047,950
3948,3948,0,2046,564
3949,3949,0,2046,259
3950,3950,0,2047,54
3951,3951,0,2046,0
3952,3952,0,2046,0
3953,3953,0,2047,108
3954,3954,0,2046,348
3955,3955,0,2046,681
3956,3956,0,2046,1090
3957,3957,0,2047,1550
3958,3958,0,2046,2037
3959,3959,0,2046,2525
3960,3960,0,2046,2986
3961,3961,0,2047,3395
3962,3962,0,2046,3728
3963,3963,0,2046,3969
3964,3964,0,2047,4095
3965,3965,0,2046,4095
3966,3966,0,2046,4024
3967,3967,0,2047,3819
3968,3968,0,2046,3514
3969,3969,0,2046,3128
3970,3970,0,2046,2682
3971,3971,0,2046,2199
3972,3972,0,2046,1709
3973,3973,0,2046,1236
3974,3974,0,2047,808
3975,3975,0,2047,447
3976,3976,0,2046,175
3977,3977,0,2046,6
3978,3978,0,2047,0
3979,3979,0,2047,8
3980,3980,0,2046,179
3981,3981,0,2046,453
3982,3982,0,2046,815
3983,3983,0,2046,1244
3984,3984,0,2047,1718
3985,3985,0,2046,2208
3986,3986,0,2046,2689
3987,3987,0,2046,3135
3988,3988,0,2047,3521
3989,3989,0,2047,3823
3990,3990,0,2046,4027
3991,3991,0,2046,4095
3992,3992,0,2046,4095
3993,3993,0,2047,3965
3994,3994,0,2046,3723
3995,3995,0,2046,3389
3996,3996,0,2047,2978
3997,3997,0,2047,2517
3998,3998,0,2047,2029
3999,3999,0,2047,1541
4000,4000,0,2047,1081
4001,4001,0,2046,674
4002,4002,0,2046,342
4003,4003,0,2047,104
4004,4004,0,2046,0
4005,4005,0,2046,0
4006,4006,0,2047,55
4007,4007,0,2047,264
4008,4008,0,2046,570
4009,4009,0,2047,957
4010,4010,0,2046,1405
4011,4011,0,2046,1887
4012,4012,0,2047,2378
4013,4013,0,2047,2849
4014,4014,0,2046,3277
4015,4015,0,2047,3636
4016,4016,0,2047,3906
4017,4017,0,2046,4073
4018,4018,0,2046,4095
4019,4019,0,2046,4066
4020,4020,0,2046,3893
4021,4021,0,2046,3617
4022,4022,0,2046,3252
4023,4023,0,2046,2822
4024,4024,0,2046,2349
4025,4025,0,2047,1857
4026,4026,0,2047,1376
4027,4027,0,2046,932
4028,4028,0,2047,549
4029,4029,0,2046,248
4030,4030,0,2046,47
4031,4031,0,2046,0
4032,4032,0,2046,0
4033,4033,0,2046,116
4034,4034,0,2047,360
4035,4035,0,2046,696
4036,4036,0,2047,1108
4037,4037,0,2046,1569
4038,4038,0,2047,2058
4039,4039,0,2047,2546
4040,4040,0,2047,3004
4041,4041,0,2047,3410
4042,4042,0,2047,3741
4043,4043,0,2046,3977
4044,4044,0,2046,4095
4045,4045,0,2046,4095
4046,4046,0,2047,4018
4047,4047,0,2047,3808
4048,4048,0,2047,3499
4049,4049,0,2046,3111
4050,4050,0,2046,2662
4051,4051,0,2046,2179
4052,4052,0,2046,1688
4053,4053,0,2047,1217
4054,4054,0,2047,792
4055,4055,0,2046,434
4056,4056,0,2046,166
4057,4057,0,2046,2
4058,4058,0,2046,0
4059,4059,0,2046,13
4060,4060,0,2047,189
4061,4061,0,2046,467
4062,4062,0,2046,833
4063,4063,0,2047,1263
4064,4064,0,2047,1738
4065,4065,0,2046,2229
4066,4066,0,2046,2710
4067,4067,0,2046,3153
4068,4068,0,2046,3535
4069,4069,0,2046,3835
4070,4070,0,2046,4033
4071,4071,0,2047,4095
4072,4072,0,2046,4095
4073,4073,0,2047,3958
4074,4074,0,2047,3711
4075,4075,0,2046,3371
4076,4076,0,2046,2960
4077,4077,0,2047,2497
4078,4078,0,2046,2008
4079,4079,0,2047,1521
4080,4080,0,2046,1063
4081,4081,0,2047,658
4082,4082,0,2046,331
4083,4083,0,2047,96
4084,4084,0,2046,0
4085,4085,0,2046,0
4086,4086,0,2047,63
4087,4087,0,2047,274
4088,4088,0,2047,585
4089,4089,0,2046,975
4090,4090,0,2047,1425
4091,4091,0,2047,1908
4092,4092,0,2047,2399
4093,4093,0,2046,2869
4094,4094,0,2046,3294
4095,4095,0,2046,3649
4096,4096,0,2046,3915
4097,4097,0,2046,4078
4098,4098,0,2046,4095
4099,4099,0,2046,4061
4100,4100,0,2047,3882
4101,4101,0,2046,3603
4102,4102,0,2046,3236
4103,4103,0,2047,2804
4104,4104,0,2046,2328
4105,4105,0,2046,1836
4106,4106,0,2046,1356
4107,4107,0,2046,915
4108,4108,0,2047,535
4109,4109,0,2047,238
4110,4110,0,2047,40
4111,4111,0,2047,0
4112,4112,0,2047,0
4113,4113,0,2046,125
4114,4114,0,2046,372
4115,4115,0,2046,712
4116,4116,0,2046,1126
4117,4117,0,2046,1591
4118,4118,0,2046,2079
4119,4119,0,2046,2566
4120,4120,0,2046,3023
4121,4121,0,2046,3426
4122,4122,0,2046,3752
4123,4123,0,2047,3984
4124,4124,0,2046,4095
4125,4125,0,2046,4095
4126,4126,0,2046,4011
4127,4127,0,2046,3796
4128,4128,0,2046,3484
4129,4129,0,2046,3092
4130,4130,0,2047,2641
4131,4131,0,2046,2158
4132,4132,0,2046,1668
4133,4133,0,2046,1198
4134,4134,0,2046,774
4135,4135,0,2047,421
4136,4136,0,2046,157
4137,4137,0,2046,0
4138,4138,0,2046,0
4139,4139,0,2046,19
4140,4140,0,2046,198
4141,4141,0,2045,481
4142,4142,0,2046,849
4143,4143,0,2046,1282
4144,4144,0,2047,1759
4145,4145,0,2046,2250
4146,4146,0,2047,2730
4147,4147,0,2046,3171
4148,4148,0,2046,3549
4149,4149,0,2046,3845
4150,4150,0,2047,4040
4151,4151,0,2046,4095
4152,4152,0,2046,4093
4153,4153,0,2046,3948
4154,4154,0,2046,3697
4155,4155,0,2047,3356
4156,4156,0,2046,2941
4157,4157,0,2046,2475
4158,4158,0,2046,1987
4159,4159,0,2046,1501
4160,4160,0,2046,1044
4161,4161,0,2047,642
4162,4162,0,2046,318
4163,4163,0,2047,90
4164,4164,0,2046,0
4165,4165,0,2047,0
4166,4166,0,2046,69
4167,4167,0,2047,286
4168,4168,0,2047,600
4169,4169,0,2047,994
4170,4170,0,2046,1445
4171,4171,0,2046,1928
4172,4172,0,2046,2420
4173,4173,0,2046,2888
4174,4174,0,2047,3311
4175,4175,0,2046,3662
4176,4176,0,2047,3925
4177,4177,0,2046,4082
4178,4178,0,2046,4095
4179,4179,0,2046,4055
4180,4180,0,2046,3873
4181,4181,0,2046,3588
4182,4182,0,2046,3218
4183,4183,0,2047,2784
4184,4184,0,2046,2307
4185,4185,0,2047,1816
4186,4186,0,2046,1337
4187,4187,0,2046,897
4188,4188,0,2046,521
4189,4189,0,2046,227
4190,4190,0,2046,34
4191,4191,0,2046,0
4192,4192,0,2047,0
4193,4193,0,2046,133
4194,4194,0,2047,385
4195,4195,0,2047,729
4196,4196,0,2047,1145
4197,4197,0,2047,1611
4198,4198,0,2047,2100
4199,4199,0,2046,2586
4200,4200,0,2046,3042
4201,4201,0,2047,3442
4202,4202,0,2046,3764
4203,4203,0,2045,3991
4204,4204,0,2046,4095
4205,4205,0,2046,4095
4206,4206,0,2046,4004
4207,4207,0,2046,3784
4208,4208,0,2047,3469
4209,4209,0,2047,3074
4210,4210,0,2046,2622
4211,4211,0,2047,2137
4212,4212,0,2047,1647
4213,4213,0,2046,1179
4214,4214,0,2046,758
4215,4215,0,2046,408
4216,4216,0,2047,148
4217,4217,0,2046,0
4218,4218,0,2047,0
4219,4219,0,2047,24
4220,4220,0,2046,209
4221,4221,0,2046,496
4222,4222,0,2046,866
4223,4223,0,2046,1302
4224,4224,0,2046,1780
4225,4225,0,2046,2271
4226,4226,0,2047,2749
4227,4227,0,2046,3188
4228,4228,0,2047,3564
4229,4229,0,2047,3855
4230,4230,0,2047,4045
4231,4231,0,2046,4095
4232,4232,0,2046,4089
4233,4233,0,2047,3940
4234,4234,0,2046,3685
4235,4235,0,2047,3340
4236,4236,0,2046,2922
4237,4237,0,2046,2455
4238,4238,0,2047,1966
4239,4239,0,2046,1481
4240,4240,0,2046,1025
4241,4241,0,2047,627
4242,4242,0,2046,307
4243,4243,0,2046,82
4244,4244,0,2047,0
4245,4245,0,2046,0
4246,4246,0,2046,76
4247,4247,0,2046,297
4248,4248,0,2047,616
4249,4249,0,2046,1012
4250,4250,0,2046,1464
4251,4251,0,2046,1951
4252,4252,0,2046,2440
4253,4253,0,2046,2906
4254,4254,0,2047,3327
4255,4255,0,2047,3675
4256,4256,0,2046,3933
4257,4257,0,2047,4087
4258,4258,0,2046,4095
4259,4259,0,2047,4050
4260,4260,0,2046,3863
4261,4261,0,2047,3574
4262,4262,0,2047,3202
4263,4263,0,2047,2764
4264,4264,0,2047,2287
4265,4265,0,2047,1795
4266,4266,0,2047,1318
4267,4267,0,2046,880
4268,4268,0,2046,506
4269,4269,0,2046,217
4270,4270,0,2047,29
4271,4271,0,2046,0
4272,4272,0,2046,0
4273,4273,0,2046,142
4274,4274,0,2046,398
4275,4275,0,2047,745
4276,4276,0,2047,1164
4277,4277,0,2046,1631
4278,4278,0,2046,2121
4279,4279,0,2047,2606
4280,4280,0,2046,3059
4281,4281,0,2047,3457
4282,4282,0,2046,3776
4283,4283,0,2047,3998
4284,4284,0,2047,4095
4285,4285,0,2046,4095
4286,4286,0,2046,3997
4287,4287,0,2046,3773
4288,4288,0,2047,3454
4289,4289,0,2046,3055
4290,4290,0,2047,2602
4291,4291,0,2046,2116
4292,4292,0,2046,1627
4293,4293,0,2047,1160
4294,4294,0,2046,742
4295,4295,0,2046,394
4296,4296,0,2047,139
4297,4297,0,2046,0
4298,4298,0,2047,0
4299,4299,0,2046,29
4300,4300,0,2046,219
4301,4301,0,2046,509
4302,4302,0,2047,883
4303,4303,0,2046,1323
4304,4304,0,2046,1800
4305,4305,0,2046,2291
4306,4306,0,2046,2768
4307,4307,0,2047,3206
4308,4308,0,2046,3578
4309,4309,0,2047,3865
4310,4310,0,2046,4051
4311,4311,0,2046,4095
4312,4312,0,2046,4085
4313,4313,0,2046,3932
4314,4314,0,2047,3672
4315,4315,0,2046,3324
4316,4316,0,2047,2903
4317,4317,0,2046,2435
4318,4318,0,2046,1945
4319,4319,0,2046,1460
4320,4320,0,2047,1007
4321,4321,0,2046,612
4322,4322,0,2046,295
4323,4323,0,2047,74
4324,4324,0,2047,0
4325,4325,0,2046,0
4326,4326,0,2047,84
4327,4327,0,2046,309
4328,4328,0,2046,630
4329,4329,0,2046,1030
4330,4330,0,2046,1485
4331,4331,0,2046,1971
4332,4332,0,2046,2460
4333,4333,0,2047,2926
4334,4334,0,2046,3343
4335,4335,0,2046,3688
4336,4336,0,2047,3941
4337,4337,0,2046,4090
4338,4338,0,2046,4095
4339,4339,0,2047,4045
4340,4340,0,2047,3853
4341,4341,0,2046,3560
4342,4342,0,2046,3184
4343,4343,0,2047,2745
4344,4344,0,2046,2266
4345,4345,0,2046,1775
4346,4346,0,2046,1298
4347,4347,0,2046,863
4348,4348,0,2046,492
4349,4349,0,2046,207
4350,4350,0,2046,23
4351,4351,0,2046,0
4352,4352,0,2047,0
4353,4353,0,2046,150
4354,4354,0,2047,411
4355,4355,0,2046,762
4356,4356,0,2046,1183
4357,4357,0,2047,1652
4358,4358,0,2047,2142
4359,4359,0,2046,2625
4360,4360,0,2047,3078
4361,4361,0,2046,3472
4362,4362,0,2046,3788
4363,4363,0,2046,4006
4364,4364,0,2046,4095
4365,4365,0,2046,4095
4366,4366,0,2046,3990
4367,4367,0,2046,3761
4368,4368,0,2047,3438
4369,4369,0,2047,3037
4370,4370,0,2047,2581
4371,4371,0,2046,2095
4372,4372,0,2046,1606
4373,4373,0,2047,1140
4374,4374,0,2046,725
4375,4375,0,2046,383
4376,4376,0,2047,131
4377,4377,0,2046,0
4378,4378,0,2046,0
4379,4379,0,2046,35
4380,4380,0,2046,229
4381,4381,0,2047,524
4382,4382,0,2047,901
4383,4383,0,2047,1341
4384,4384,0,2047,1821
4385,4385,0,2047,2312
4386,4386,0,2046,2788
4387,4387,0,2046,3223
4388,4388,0,2047,3593
4389,4389,0,2047,3875
4390,4390,0,2046,4057
4391,4391,0,2047,4095
4392,4392,0,2046,4081
4393,4393,0,2046,3922
4394,4394,0,2046,3660
4395,4395,0,2046,3307
4396,4396,0,2047,2884
4397,4397,0,2047,2414
4398,4398,0,2047,1924
4399,4399,0,2046,1441
4400,4400,0,2046,990
4401,4401,0,2046,597
4402,4402,0,2047,283
4403,4403,0,2046,67
4404,4404,0,2046,0
4405,4405,0,2047,0
4406,4406,0,2046,91
4407,4407,0,2047,321
4408,4408,0,2046,646
4409,4409,0,2046,1048
4410,4410,0,2046,1505
4411,4411,0,2046,1992
4412,4412,0,2047,2480
4413,4413,0,2046,2945
4414,4414,0,2046,3359
4415,4415,0,2046,3701
4416,4416,0,2046,3950
4417,4417,0,2047,4095
4418,4418,0,2046,4095
4419,4419,0,2047,4038
4420,4420,0,2047,3843
4421,4421,0,2046,3546
4422,4422,0,2046,3166
4423,4423,0,2046,2725
4424,4424,0,2047,2246
4425,4425,0,2046,1753
4426,4426,0,2046,1279
4427,4427,0,2046,845
4428,4428,0,2046,477
4429,4429,0,2047,196
4430,4430,0,2046,18
4431,4431,0,2046,0
4432,4432,0,2047,0
4433,4433,0,2047,159
4434,4434,0,2047,424
4435,4435,0,2046,778
4436,4436,0,2047,1202
4437,4437,0,2046,1672
4438,4438,0,2047,2163
4439,4439,0,2047,2646
4440,4440,0,2046,3096
4441,4441,0,2047,3487
4442,4442,0,2047,3799
4443,4443,0,2046,4013
4444,4444,0,2047,4095
4445,4445,0,2047,4095
4446,4446,0,2047,3982
4447,4447,0,2047,3750
4448,4448,0,2047,3423
4449,4449,0,2046,3018
4450,4450,0,2047,2562
4451,4451,0,2047,2075
4452,4452,0,2046,1585
4453,4453,0,2046,1122
4454,4454,0,2046,709
4455,4455,0,2047,370
4456,4456,0,2047,122
4457,4457,0,2047,0
4458,4458,0,2046,0
4459,4459,0,2046,42
4460,4460,0,2046,240
4461,4461,0,2047,538
4462,4462,0,2046,919
4463,4463,0,2046,1361
4464,4464,0,2047,1841
4465,4465,0,2046,2333
4466,4466,0,2046,2807
4467,4467,0,2046,3239
4468,4468,0,2046,3606
4469,4469,0,2046,3885
4470,4470,0,2046,4062
4471,4471,0,2046,4095
4472,4472,0,2046,4076
4473,4473,0,2046,3913
4474,4474,0,2046,3646
4475,4475,0,2046,3290
4476,4476,0,2047,2865
4477,4477,0,2046,2394
4478,4478,0,2047,1903
4479,4479,0,2046,1420
4480,4480,0,2047,971
4481,4481,0,2046,582
4482,4482,0,2046,273
4483,4483,0,2046,61
4484,4484,0,2046,0
4485,4485,0,2047,0
4486,4486,0,2047,99
4487,4487,0,2046,333
4488,4488,0,2047,662
4489,4489,0,2047,1067
4490,4490,0,2046,1525
4491,4491,0,2047,2013
4492,4492,0,2046,2501
4493,4493,0,2046,2964
4494,4494,0,2047,3376
4495,4495,0,2046,3714
4496,4496,0,2046,3958
4497,4497,0,2046,4095
4498,4498,0,2046,4095
4499,4499,0,2046,4033
4500,4500,0,2046,3831
4501,4501,0,2046,3531
4502,4502,0,2046,3149
4503,4503,0,2046,2705
4504,4504,0,2046,2224
4505,4505,0,2046,1733
4506,4506,0,2047,1259
4507,4507,0,2046,828
4508,4508,0,2046,464
4509,4509,0,2046,187
4510,4510,0,2047,13
4511,4511,0,2046,0
4512,4512,0,2047,2
4513,4513,0,2047,168
4514,4514,0,2047,437
4515,4515,0,2046,795
4516,4516,0,2046,1221
4517,4517,0,2046,1693
4518,4518,0,2046,2184
4519,4519,0,2046,2666
4520,4520,0,2047,3114
4521,4521,0,2046,3502
4522,4522,0,2047,3810
4523,4523,0,2046,4020
4524,4524,0,2046,4095
4525,4525,0,2046,4095
4526,4526,0,2047,3975
4527,4527,0,2046,3737
4528,4528,0,2046,3407
4529,4529,0,2046,3000
4530,4530,0,2046,2541
4531,4531,0,2047,2053
4532,4532,0,2047,1565
4533,4533,0,2046,1104
4534,4534,0,2047,693
4535,4535,0,2046,357
4536,4536,0,2047,114
4537,4537,0,2046,0
4538,4538,0,2047,0
4539,4539,0,2047,48
4540,4540,0,2046,250
4541,4541,0,2047,553
4542,4542,0,2046,936
4543,4543,0,2046,1381
4544,4544,0,2047,1862
4545,4545,0,2046,2354
4546,4546,0,2046,2827
4547,4547,0,2046,3257
4548,4548,0,2047,3620
4549,4549,0,2046,3894
4550,4550,0,2046,4067
4551,4551,0,2046,4095
4552,4552,0,2046,4072
4553,4553,0,2046,3904
4554,4554,0,2046,3633
4555,4555,0,2046,3273
4556,4556,0,2045,2846
4557,4557,0,2046,2374
4558,4558,0,2046,1882
4559,4559,0,2046,1400
4560,4560,0,2046,954
4561,4561,0,2046,567
4562,4562,0,2047,262
4563,4563,0,2047,54
4564,4564,0,2046,0
4565,4565,0,2047,0
4566,4566,0,2046,106
4567,4567,0,2046,345
4568,4568,0,2046,678
4569,4569,0,2047,1085
4570,4570,0,2046,1545
4571,4571,0,2046,2034
4572,4572,0,2046,2522
4573,4573,0,2046,2983
4574,4574,0,2047,3392
4575,4575,0,2047,3726
4576,4576,0,2046,3967
4577,4577,0,2046,4095
4578,4578,0,2046,4095
4579,4579,0,2046,4026
4580,4580,0,2046,3821
4581,4581,0,2046,3517
4582,4582,0,2047,3132
4583,4583,0,2047,2686
4584,4584,0,2046,2204
4585,4585,0,2046,1713
4586,4586,0,2046,1240
4587,4587,0,2046,811
4588,4588,0,2046,450
4589,4589,0,2047,177
4590,4590,0,2046,7
4591,4591,0,2046,0
4592,4592,0,2046,7
4593,4593,0,2047,178
4594,4594,0,2046,451
4595,4595,0,2046,812
4596,4596,0,2046,1240
4597,4597,0,2046,1713
4598,4598,0,2046,2205
4599,4599,0,2046,2687
4600,4600,0,2046,3132
4601,4601,0,2047,3517
4602,4602,0,2047,3821
4603,4603,0,2047,4026
4604,4604,0,2046,4095
4605,4605,0,2047,4095
4606,4606,0,2046,3967
4607,4607,0,2047,3725
4608,4608,0,2047,3391
4609,4609,0,2048,2983
4610,4610,0,2047,2522
4611,4611,0,2046,2033
4612,4612,0,2047,1545
4613,4613,0,2047,1085
4614,4614,0,2047,677
4615,4615,0,2046,345
4616,4616,0,2047,106
4617,4617,0,2046,0
4618,4618,0,2046,0
4619,4619,0,2047,54
4620,4620,0,2046,262
4621,4621,0,2047,568
4622,4622,0,2046,954
4623,4623,0,2046,1401
4624,4624,0,2047,1883
4625,4625,0,2046,2373
4626,4626,0,2047,2846
4627,4627,0,2046,3274
4628,4628,0,2046,3634
4629,4629,0,2047,3904
4630,4630,0,2046,4072
4631,4631,0,2046,4095
4632,4632,0,2046,4067
4633,4633,0,2047,3895
4634,4634,0,2046,3619
4635,4635,0,2046,3257
4636,4636,0,2047,2827
4637,4637,0,2046,2353
4638,4638,0,2047,1862
4639,4639,0,2046,1381
4640,4640,0,2046,937
4641,4641,0,2046,552
4642,4642,0,2047,251
4643,4643,0,2047,48
4644,4644,0,2047,0
4645,4645,0,2046,0
4646,4646,0,2046,114
4647,4647,0,2047,357
4648,4648,0,2046,693
4649,4649,0,2047,1103
4650,4650,0,2046,1566
4651,4651,0,2045,2054
4652,4652,0,2046,2542
4653,4653,0,2046,3001
4654,4654,0,2046,3407
4655,4655,0,2047,3739
4656,4656,0,2046,3974
4657,4657,0,2046,4095
4658,4658,0,2046,4095
4659,4659,0,2046,4020
4660,4660,0,2047,3809
4661,4661,0,2047,3503
4662,4662,0,2047,3114
4663,4663,0,2047,2666
4664,4664,0,2046,2183
4665,4665,0,2047,1692
4666,4666,0,2046,1221
4667,4667,0,2046,795
4668,4668,0,2046,437
4669,4669,0,2046,168
4670,4670,0,2046,3
4671,4671,0,2046,0
4672,4672,0,2046,12
4673,4673,0,2047,188
4674,4674,0,2047,465
4675,4675,0,2046,829
4676,4676,0,2046,1259
4677,4677,0,2046,1734
4678,4678,0,2047,2225
4679,4679,0,2046,2706
4680,4680,0,2046,3150
4681,4681,0,2046,3532
4682,4682,0,2046,3832
4683,4683,0,2046,4032
4684,4684,0,2047,4095
4685,4685,0,2046,4095
4686,4686,0,2047,3959
4687,4687,0,2046,3713
4688,4688,0,2046,3375
4689,4689,0,2047,2963
4690,4690,0,2046,2500
4691,4691,0,2046,2012
4692,4692,0,2047,1525
4693,4693,0,2047,1066
4694,4694,0,2046,661
4695,4695,0,2047,333
4696,4696,0,2047,98
4697,4697,0,2046,0
4698,4698,0,2046,0
4699,4699,0,2046,60
4700,4700,0,2046,272
4701,4701,0,2046,582
4702,4702,0,2046,972
4703,4703,0,2046,1421
4704,4704,0,2046,1904
4705,4705,0,2046,2395
4706,4706,0,2047,2865
4707,4707,0,2046,3291
4708,4708,0,2046,3647
4709,4709,0,2046,3913
4710,4710,0,2046,4076
4711,4711,0,2047,4095
4712,4712,0,2046,4062
4713,4713,0,2047,3885
4714,4714,0,2046,3606
4715,4715,0,2046,3239
4716,4716,0,2046,2807
4717,4717,0,2046,2332
4718,4718,0,2047,1841
4719,4719,0,2047,1361
4720,4720,0,2046,918
4721,4721,0,2047,538
4722,4722,0,2046,240
4723,4723,0,2046,42
4724,4724,0,2046,0
4725,4725,0,2046,0
4726,4726,0,2047,123
4727,4727,0,2046,370
4728,4728,0,2046,709
4729,4729,0,2046,1122
4730,4730,0,2046,1586
4731,4731,0,2046,2075
4732,4732,0,2046,2562
4733,4733,0,2046,3019
4734,4734,0,2046,3423
4735,4735,0,2046,3750
4736,4736,0,2047,3983
4737,4737,0,2046,4095
4738,4738,0,2047,4095
4739,4739,0,2046,4012
4740,4740,0,2046,3799
4741,4741,0,2047,3487
4742,4742,0,2046,3096
4743,4743,0,2046,2646
4744,4744,0,2046,2162
4745,4745,0,2046,1672
4746,4746,0,2046,1202
4747,4747,0,2046,778
4748,4748,0,2046,424
4749,4749,0,2046,159
4750,4750,0,2046,0
4751,4751,0,2046,0
4752,4752,0,2047,17
4753,4753,0,2047,197
4754,4754,0,2047,479
4755,4755,0,2047,846
4756,4756,0,2046,1279
4757,4757,0,2046,1754
4758,4758,0,2046,2246
4759,4759,0,2047,2726
4760,4760,0,2046,3167
4761,4761,0,2046,3546
4762,4762,0,2046,3843
4763,4763,0,2046,4039
4764,4764,0,2046,4095
4765,4765,0,2047,4094
4766,4766,0,2046,3950
4767,4767,0,2046,3701
4768,4768,0,2047,3359
4769,4769,0,2047,2944
4770,4770,0,2047,2480
4771,4771,0,2046,1991
4772,4772,0,2046,1505
4773,4773,0,2047,1048
4774,4774,0,2046,646
4775,4775,0,2046,321
4776,4776,0,2046,91
4777,4777,0,2046,0
4778,4778,0,2047,0
4779,4779,0,2046,68
4780,4780,0,2047,284
4781,4781,0,2047,597
4782,4782,0,2047,990
4783,4783,0,2046,1441
4784,4784,0,2046,1926
4785,4785,0,2046,2415
4786,4786,0,2046,2885
4787,4787,0,2046,3307
4788,4788,0,2046,3660
4789,4789,0,2046,3923
4790,4790,0,2046,4082
4791,4791,0,2046,4095
4792,4792,0,2047,4057
4793,4793,0,2047,3875
4794,4794,0,2046,3591
4795,4795,0,2047,3222
4796,4796,0,2047,2788
4797,4797,0,2046,2312
4798,4798,0,2047,1820
4799,4799,0,2046,1341
4800,4800,0,2047,901
4801,4801,0,2046,523
4802,4802,0,2046,230
4803,4803,0,2046,36
4804,4804,0,2047,0
4805,4805,0,2046,0
4806,4806,0,2046,131
4807,4807,0,2046,382
4808,4808,0,2046,726
4809,4809,0,2046,1141
4810,4810,0,2046,1607
4811,4811,0,2047,2096
4812,4812,0,2047,2582
4813,4813,0,2047,3038
4814,4814,0,2046,3439
4815,4815,0,2047,3762
4816,4816,0,2046,3989
4817,4817,0,2046,4095
4818,4818,0,2046,4095
4819,4819,0,2046,4006
4820,4820,0,2046,3787
4821,4821,0,2046,3472
4822,4822,0,2046,3078
4823,4823,0,2046,2626
4824,4824,0,2046,2141
4825,4825,0,2046,1650
4826,4826,0,2046,1183
4827,4827,0,2047,762
4828,4828,0,2047,410
4829,4829,0,2046,150
4830,4830,0,2046,0
4831,4831,0,2046,0
4832,4832,0,2046,24
4833,4833,0,2046,207
4834,4834,0,2046,493
4835,4835,0,2047,863
4836,4836,0,2047,1299
4837,4837,0,2046,1776
4838,4838,0,2047,2267
4839,4839,0,2047,2746
4840,4840,0,2046,3185
4841,4841,0,2046,3561
4842,4842,0,2047,3853
4843,4843,0,2047,4044
4844,4844,0,2046,4095
4845,4845,0,2047,4091
4846,4846,0,2046,3941
4847,4847,0,2047,3688
4848,4848,0,2046,3343
4849,4849,0,2047,2926
4850,4850,0,2047,2460
4851,4851,0,2046,1970
4852,4852,0,2046,1484
4853,4853,0,2046,1029
4854,4854,0,2046,630
4855,4855,0,2046,309
4856,4856,0,2046,83
4857,4857,0,2046,0
4858,4858,0,2046,0
4859,4859,0,2047,75
4860,4860,0,2047,295
4861,4861,0,2046,612
4862,4862,0,2046,1008
4863,4863,0,2046,1461
4864,4864,0,2046,1946
4865,4865,0,2047,2436
4866,4866,0,2046,2904
4867,4867,0,2046,3324
4868,4868,0,2046,3673
4869,4869,0,2047,3931
4870,4870,0,2046,4086
4871,4871,0,2047,4095
4872,4872,0,2046,4051
4873,4873,0,2046,3865
4874,4874,0,2047,3578
4875,4875,0,2046,3205
4876,4876,0,2046,2768
4877,4877,0,2047,2290
4878,4878,0,2047,1800
4879,4879,0,2046,1321
4880,4880,0,2046,883
4881,4881,0,2046,508
4882,4882,0,2046,219
4883,4883,0,2046,29
4884,4884,0,2046,0
4885,4885,0,2046,0
4886,4886,0,2046,140
4887,4887,0,2046,395
4888,4888,0,2046,742
4889,4889,0,2046,1160
4890,4890,0,2046,1627
4891,4891,0,2046,2116
4892,4892,0,2046,2602
4893,4893,0,2046,3057
4894,4894,0,2046,3454
4895,4895,0,2046,3773
4896,4896,0,2046,3997
4897,4897,0,2046,4095
4898,4898,0,2046,4095
4899,4899,0,2047,3998
4900,4900,0,2046,3776
4901,4901,0,2046,3457
4902,4902,0,2046,3060
4903,4903,0,2046,2605
4904,4904,0,2046,2120
4905,4905,0,2046,1631
4906,4906,0,2047,1164
4907,4907,0,2047,745
4908,4908,0,2047,398
4909,4909,0,2046,140
4910,4910,0,2046,0
4911,4911,0,2047,0
4912,4912,0,2046,28
4913,4913,0,2046,217
4914,4914,0,2046,506
4915,4915,0,2046,880
4916,4916,0,2046,1318
4917,4917,0,2046,1796
4918,4918,0,2047,2287
4919,4919,0,2046,2765
4920,4920,0,2046,3202
4921,4921,0,2047,3575
4922,4922,0,2047,3863
4923,4923,0,2047,4050
4924,4924,0,2046,4095
4925,4925,0,2047,4086
4926,4926,0,2047,3933
4927,4927,0,2046,3675
4928,4928,0,2047,3326
4929,4929,0,2047,2907
4930,4930,0,2046,2439
4931,4931,0,2047,1950
4932,4932,0,2046,1464
4933,4933,0,2046,1011
4934,4934,0,2046,615
4935,4935,0,2046,298
4936,4936,0,2047,76
4937,4937,0,2046,0
4938,4938,0,2046,0
4939,4939,0,2046,82
4940,4940,0,2047,307
4941,4941,0,2046,628
4942,4942,0,2047,1027
4943,4943,0,2046,1480
4944,4944,0,2046,1967
4945,4945,0,2047,2456
4946,4946,0,2046,2922
4947,4947,0,2046,3340
4948,4948,0,2046,3686
4949,4949,0,2046,3940
4950,4950,0,2046,4090
4951,4951,0,2047,4095
4952,4952,0,2047,4046
4953,4953,0,2046,3855
4954,4954,0,2046,3563
4955,4955,0,2047,3187
4956,4956,0,2046,2749
4957,4957,0,2047,2270
4958,4958,0,2047,1779
4959,4959,0,2045,1302
4960,4960,0,2046,866
4961,4961,0,2046,495
4962,4962,0,2045,209
4963,4963,0,2046,24
4964,4964,0,2046,0
4965,4965,0,2046,0
4966,4966,0,2046,149
4967,4967,0,2047,408
4968,4968,0,2047,759
4969,4969,0,2047,1179
4970,4970,0,2046,1648
4971,4971,0,2047,2137
4972,4972,0,2046,2622
4973,4973,0,2047,3074
4974,4974,0,2046,3469
4975,4975,0,2046,3785
4976,4976,0,2046,4005
4977,4977,0,2046,4095
4978,4978,0,2046,4095
4979,4979,0,2047,3991
4980,4980,0,2047,3764
4981,4981,0,2047,3441
4982,4982,0,2046,3041
4983,4983,0,2047,2585
4984,4984,0,2046,2099
4985,4985,0,2046,1611
4986,4986,0,2046,1145
4987,4987,0,2047,728
4988,4988,0,2046,385
4989,4989,0,2046,132
4990,4990,0,2046,0
4991,4991,0,2047,0
4992,4992,0,2046,34
4993,4993,0,2046,228
4994,4994,0,2046,521
4995,4995,0,2047,897
4996,4996,0,2046,1338
4997,4997,0,2046,1816
4998,4998,0,2046,2308
4999,4999,0,2046,2784
5000,5000,0,2047,3220
5001,5001,0,2047,3589
5002,5002,0,2046,3873
5003,5003,0,2046,4056
5004,5004,0,2046,4095
5005,5005,0,2046,4082
5006,5006,0,2047,3923
5007,5007,0,2046,3662
5008,5008,0,2047,3310
5009,5009,0,2047,2888
5010,5010,0,2046,2418
5011,5011,0,2046,1928
5012,5012,0,2046,1444
5013,5013,0,2046,993
5014,5014,0,2046,599
5015,5015,0,2046,286
5016,5016,0,2046,69
5017,5017,0,2046,0
5018,5018,0,2046,0
5019,5019,0,2047,89
5020,5020,0,2046,319
5021,5021,0,2047,642
5022,5022,0,2046,1044
5023,5023,0,2047,1501
5024,5024,0,2046,1987
5025,5025,0,2046,2477
5026,5026,0,2046,2941
5027,5027,0,2046,3357
5028,5028,0,2047,3699
5029,5029,0,2046,3949
5030,5030,0,2046,4093
5031,5031,0,2046,4095
5032,5032,0,2047,4040
5033,5033,0,2047,3845
5034,5034,0,2046,3549
5035,5035,0,2046,3171
5036,5036,0,2046,2729
5037,5037,0,2046,2250
5038,5038,0,2046,1758
5039,5039,0,2047,1283
5040,5040,0,2046,849
5041,5041,0,2047,481
5042,5042,0,2047,199
5043,5043,0,2046,19
5044,5044,0,2046,0
5045,5045,0,2046,0
5046,5046,0,2047,157
5047,5047,0,2047,421
5048,5048,0,2046,775
5049,5049,0,2046,1198
5050,5050,0,2047,1668
5051,5051,0,2046,2159
5052,5052,0,2046,2642
5053,5053,0,2047,3092
5054,5054,0,2047,3485
5055,5055,0,2046,3797
5056,5056,0,2047,4011
5057,5057,0,2046,4095
5058,5058,0,2047,4095
5059,5059,0,2046,3984
5060,5060,0,2046,3752
5061,5061,0,2047,3426
5062,5062,0,2047,3022
5063,5063,0,2046,2565
5064,5064,0,2046,2079
5065,5065,0,2046,1589
5066,5066,0,2047,1126
5067,5067,0,2046,712
5068,5068,0,2046,372
5069,5069,0,2046,125
5070,5070,0,2046,0
5071,5071,0,2046,0
5072,5072,0,2046,40
5073,5073,0,2047,238
5074,5074,0,2046,534
5075,5075,0,2047,915
5076,5076,0,2046,1357
5077,5077,0,2047,1837
5078,5078,0,2047,2328
5079,5079,0,2047,2804
5080,5080,0,2046,3237
5081,5081,0,2046,3603
5082,5082,0,2046,3882
5083,5083,0,2046,4060
5084,5084,0,2046,4095
5085,5085,0,2047,4077
5086,5086,0,2047,3915
5087,5087,0,2047,3648
5088,5088,0,2046,3293
5089,5089,0,2046,2869
5090,5090,0,2046,2398
5091,5091,0,2046,1908
5092,5092,0,2047,1425
5093,5093,0,2047,975
5094,5094,0,2046,584
5095,5095,0,2047,274
5096,5096,0,2046,62
5097,5097,0,2047,0
5098,5098,0,2046,0
5099,5099,0,2047,96
5100,5100,0,2046,331
5101,5101,0,2046,658
5102,5102,0,2047,1063
5103,5103,0,2046,1521
5104,5104,0,2046,2008
5105,5105,0,2047,2497
5106,5106,0,2047,2960
5107,5107,0,2047,3372
5108,5108,0,2046,3711
5109,5109,0,2046,3957
5110,5110,0,2047,4095
5111,5111,0,2047,4095
5112,5112,0,2046,4033
5113,5113,0,2046,3833
5114,5114,0,2046,3535
5115,5115,0,2046,3153
5116,5116,0,2046,2709
5117,5117,0,2046,2228
5118,5118,0,2046,1737
5119,5119,0,2046,1263
5120,5120,0,2047,831
5121,5121,0,2047,467
5122,5122,0,2046,189
5123,5123,0,2047,14
5124,5124,0,2046,0
5125,5125,0,2047,2
5126,5126,0,2046,166
5127,5127,0,2046,435
5128,5128,0,2046,792
5129,5129,0,2046,1217
5130,5130,0,2047,1688
5131,5131,0,2047,2179
5132,5132,0,2046,2662
5133,5133,0,2046,3111
5134,5134,0,2047,3500
5135,5135,0,2047,3808
5136,5136,0,2047,4018
5137,5137,0,2046,4095
5138,5138,0,2047,4095
5139,5139,0,2046,3976
5140,5140,0,2047,3741
5141,5141,0,2046,3410
5142,5142,0,2047,3004
5143,5143,0,2047,2545
5144,5144,0,2047,2058
5145,5145,0,2047,1568
5146,5146,0,2046,1107
5147,5147,0,2046,695
5148,5148,0,2047,359
5149,5149,0,2047,116
5150,5150,0,2046,0
5151,5151,0,2046,0
5152,5152,0,2046,47
5153,5153,0,2047,249
5154,5154,0,2046,549
5155,5155,0,2046,933
5156,5156,0,2046,1377
5157,5157,0,2046,1858
5158,5158,0,2046,2349
5159,5159,0,2047,2823
5160,5160,0,2046,3253
5161,5161,0,2046,3617
5162,5162,0,2046,3893
5163,5163,0,2046,4066
5164,5164,0,2047,4095
5165,5165,0,2046,4072
5166,5166,0,2046,3905
5167,5167,0,2046,3635
5168,5168,0,2047,3277
5169,5169,0,2046,2849
5170,5170,0,2046,2377
5171,5171,0,2047,1887
5172,5172,0,2046,1404
5173,5173,0,2046,958
5174,5174,0,2046,570
5175,5175,0,2047,263
5176,5176,0,2046,55
5177,5177,0,2046,0
5178,5178,0,2047,0
5179,5179,0,2046,105
5180,5180,0,2046,342
5181,5181,0,2046,674
5182,5182,0,2046,1081
5183,5183,0,2046,1542
5184,5184,0,2046,2029
5185,5185,0,2047,2517
5186,5186,0,2046,2979
5187,5187,0,2047,3388
5188,5188,0,2047,3724
5189,5189,0,2046,3965
5190,5190,0,2047,4095
5191,5191,0,2047,4095
5192,5192,0,2047,4028
5193,5193,0,2047,3823
5194,5194,0,2046,3520
5195,5195,0,2046,3136
5196,5196,0,2046,2690
5197,5197,0,2046,2208
5198,5198,0,2046,1717
5199,5199,0,2046,1244
5200,5200,0,2047,815
5201,5201,0,2046,454
5202,5202,0,2047,179
5203,5203,0,2047,9
5204,5204,0,2046,0
5205,5205,0,2047,6
5206,5206,0,2047,175
5207,5207,0,2046,448
5208,5208,0,2047,808
5209,5209,0,2046,1236
5210,5210,0,2047,1709
5211,5211,0,2047,2199
5212,5212,0,2046,2682
5213,5213,0,2046,3128
5214,5214,0,2047,3515
5215,5215,0,2047,3819
5216,5216,0,2046,4024
5217,5217,0,2047,4095
5218,5218,0,2047,4095
5219,5219,0,2047,3968
5220,5220,0,2047,3728
5221,5221,0,2046,3394
5222,5222,0,2046,2986
5223,5223,0,2046,2525
5224,5224,0,2046,2037
5225,5225,0,2046,1549
5226,5226,0,2046,1089
5227,5227,0,2046,680
5228,5228,0,2046,348
5229,5229,0,2046,108
5230,5230,0,2047,0
5231,5231,0,2046,0
5232,5232,0,2046,53
5233,5233,0,2046,260
5234,5234,0,2047,564
5235,5235,0,2047,950
5236,5236,0,2047,1397
5237,5237,0,2046,1879
5238,5238,0,2046,2370
5239,5239,0,2047,2842
5240,5240,0,2047,3270
5241,5241,0,2046,3630
5242,5242,0,2047,3903
5243,5243,0,2047,4071
5244,5244,0,2046,4095
5245,5245,0,2047,4068
5246,5246,0,2046,3896
5247,5247,0,2046,3622
5248,5248,0,2046,3260
5249,5249,0,2047,2831
5250,5250,0,2046,2357
5251,5251,0,2046,1866
5252,5252,0,2046,1385
5253,5253,0,2047,939
5254,5254,0,2047,555
5255,5255,0,2046,252
5256,5256,0,2046,49
5257,5257,0,2046,0
5258,5258,0,2047,0
5259,5259,0,2046,113
5260,5260,0,2046,355
5261,5261,0,2047,689
5262,5262,0,2046,1100
5263,5263,0,2047,1562
5264,5264,0,2046,2050
5265,5265,0,2047,2538
5266,5266,0,2046,2997
5267,5267,0,2047,3404
5268,5268,0,2047,3736
5269,5269,0,2047,3973
5270,5270,0,2046,4095
5271,5271,0,2047,4095
5272,5272,0,2046,4021
5273,5273,0,2046,3813
5274,5274,0,2046,3505
5275,5275,0,2046,3118
5276,5276,0,2046,2670
5277,5277,0,2046,2187
5278,5278,0,2047,1696
5279,5279,0,2047,1225
5280,5280,0,2047,798
5281,5281,0,2047,440
5282,5282,0,2046,170
5283,5283,0,2047,4
5284,5284,0,2046,0
5285,5285,0,2047,12
5286,5286,0,2046,185
5287,5287,0,2047,462
5288,5288,0,2046,825
5289,5289,0,2046,1256
5290,5290,0,2047,1729
5291,5291,0,2046,2221
5292,5292,0,2047,2702
5293,5293,0,2046,3146
5294,5294,0,2047,3529
5295,5295,0,2046,3829
5296,5296,0,2047,4031
5297,5297,0,2047,4095
5298,5298,0,2046,4095
5299,5299,0,2046,3960
5300,5300,0,2046,3716
5301,5301,0,2046,3379
5302,5302,0,2046,2967
5303,5303,0,2047,2505
5304,5304,0,2047,2016
5305,5305,0,2047,1529
5306,5306,0,2047,1070
5307,5307,0,2046,665
5308,5308,0,2047,335
5309,5309,0,2046,99
5310,5310,0,2047,0
5311,5311,0,2047,0
5312,5312,0,2047,59
5313,5313,0,2046,271
5314,5314,0,2047,579
5315,5315,0,2047,968
5316,5316,0,2047,1417
5317,5317,0,2046,1900
5318,5318,0,2047,2391
5319,5319,0,2046,2862
5320,5320,0,2047,3287
5321,5321,0,2047,3644
5322,5322,0,2047,3912
5323,5323,0,2047,4076
5324,5324,0,2046,4095
5325,5325,0,2046,4063
5326,5326,0,2046,3887
5327,5327,0,2046,3608
5328,5328,0,2046,3243
5329,5329,0,2047,2812
5330,5330,0,2046,2336
5331,5331,0,2046,1845
5332,5332,0,2047,1365
5333,5333,0,2046,922
5334,5334,0,2047,541
5335,5335,0,2047,243
5336,5336,0,2046,43
5337,5337,0,2046,0
5338,5338,0,2046,0
5339,5339,0,2046,120
5340,5340,0,2046,367
5341,5341,0,2046,706
5342,5342,0,2046,1119
5343,5343,0,2046,1582
5344,5344,0,2047,2071
5345,5345,0,2047,2558
5346,5346,0,2046,3015
5347,5347,0,2046,3420
5348,5348,0,2046,3748
5349,5349,0,2047,3981
5350,5350,0,2046,4095
5351,5351,0,2047,4095
5352,5352,0,2046,4015
5353,5353,0,2046,3801
5354,5354,0,2046,3490
5355,5355,0,2046,3100
5356,5356,0,2047,2650
5357,5357,0,2047,2167
5358,5358,0,2047,1676
5359,5359,0,2047,1206
5360,5360,0,2047,782
5361,5361,0,2046,426
5362,5362,0,2047,161
5363,5363,0,2047,0
5364,5364,0,2046,0
5365,5365,0,2047,16
5366,5366,0,2047,195
5367,5367,0,2046,476
5368,5368,0,2046,842
5369,5369,0,2047,1275
5370,5370,0,2046,1750
5371,5371,0,2047,2242
5372,5372,0,2047,2721
5373,5373,0,2047,3164
5374,5374,0,2047,3543
5375,5375,0,2047,3840
5376,5376,0,2046,4037
5377,5377,0,2046,4095
5378,5378,0,2046,4095
5379,5379,0,2047,3953
5380,5380,0,2047,3703
5381,5381,0,2046,3363
5382,5382,0,2046,2949
5383,5383,0,2047,2484
5384,5384,0,2046,1995
5385,5385,0,2047,1509
5386,5386,0,2047,1051
5387,5387,0,2046,649
5388,5388,0,2046,323
5389,5389,0,2046,92
5390,5390,0,2046,0
5391,5391,0,2046,0
5392,5392,0,2046,66
5393,5393,0,2046,281
5394,5394,0,2046,594
5395,5395,0,2047,987
5396,5396,0,2046,1437
5397,5397,0,2046,1921
5398,5398,0,2047,2411
5399,5399,0,2046,2881
5400,5400,0,2046,3304
5401,5401,0,2047,3657
5402,5402,0,2047,3921
5403,5403,0,2046,4080
5404,5404,0,2046,4095
5405,5405,0,2047,4057
5406,5406,0,2047,3877
5407,5407,0,2046,3594
5408,5408,0,2046,3226
5409,5409,0,2047,2791
5410,5410,0,2046,2316
5411,5411,0,2046,1824
5412,5412,0,2046,1346
5413,5413,0,2046,904
5414,5414,0,2046,526
5415,5415,0,2046,231
5416,5416,0,2047,37
5417,5417,0,2046,0
5418,5418,0,2047,0
5419,5419,0,2047,130
5420,5420,0,2047,380
5421,5421,0,2046,722
5422,5422,0,2047,1138
5423,5423,0,2046,1602
5424,5424,0,2047,2091
5425,5425,0,2046,2578
5426,5426,0,2047,3034
5427,5427,0,2046,3436
5428,5428,0,2046,3759
5429,5429,0,2046,3988
5430,5430,0,2046,4095
5431,5431,0,2046,4095
5432,5432,0,2047,4007
5433,5433,0,2046,3789
5434,5434,0,2046,3475
5435,5435,0,2047,3081
5436,5436,0,2046,2630
5437,5437,0,2046,2145
5438,5438,0,2046,1655
5439,5439,0,2047,1187
5440,5440,0,2046,764
5441,5441,0,2047,413
5442,5442,0,2047,152
5443,5443,0,2046,0
5444,5444,0,2046,0
5445,5445,0,2046,22
5446,5446,0,2047,205
5447,5447,0,2047,490
5448,5448,0,2046,859
5449,5449,0,2046,1295
5450,5450,0,2046,1771
5451,5451,0,2047,2262
5452,5452,0,2046,2742
5453,5453,0,2046,3182
5454,5454,0,2046,3558
5455,5455,0,2046,3851
5456,5456,0,2046,4043
5457,5457,0,2047,4095
5458,5458,0,2046,4091
5459,5459,0,2046,3944
5460,5460,0,2046,3690
5461,5461,0,2047,3346
5462,5462,0,2046,2930
5463,5463,0,2046,2463
5464,5464,0,2046,1975
5465,5465,0,2046,1488
5466,5466,0,2046,1034
5467,5467,0,2047,634
5468,5468,0,2046,311
5469,5469,0,2047,84
5470,5470,0,2047,0
5471,5471,0,2046,0
5472,5472,0,2046,74
5473,5473,0,2046,293
5474,5474,0,2047,609
5475,5475,0,2047,1004
5476,5476,0,2047,1457
5477,5477,0,2046,1941
5478,5478,0,2046,2432
5479,5479,0,2047,2899
5480,5480,0,2046,3320
5481,5481,0,2047,3671
5482,5482,0,2047,3930
5483,5483,0,2047,4085
5484,5484,0,2047,4095
5485,5485,0,2046,4052
5486,5486,0,2047,3867
5487,5487,0,2047,3580
5488,5488,0,2046,3208
5489,5489,0,2047,2772
5490,5490,0,2046,2295
5491,5491,0,2047,1804
5492,5492,0,2046,1326
5493,5493,0,2047,887
5494,5494,0,2047,512
5495,5495,0,2046,221
5496,5496,0,2047,31
5497,5497,0,2046,0
5498,5498,0,2047,0
5499,5499,0,2046,138
5500,5500,0,2047,393
5501,5501,0,2047,738
5502,5502,0,2047,1156
5503,5503,0,2046,1623
5504,5504,0,2046,2112
5505,5505,0,2047,2597
5506,5506,0,2047,3052
5507,5507,0,2047,3451
5508,5508,0,2047,3772
5509,5509,0,2046,3996
5510,5510,0,2047,4095
5511,5511,0,2046,4095
5512,5512,0,2046,4000
5513,5513,0,2046,3778
5514,5514,0,2047,3460
5515,5515,0,2047,3063
5516,5516,0,2047,2610
5517,5517,0,2046,2125
5518,5518,0,2046,1635
5519,5519,0,2046,1167
5520,5520,0,2047,748
5521,5521,0,2046,400
5522,5522,0,2047,143
5523,5523,0,2047,0
5524,5524,0,2046,0
5525,5525,0,2046,28
5526,5526,0,2046,215
5527,5527,0,2047,504
5528,5528,0,2046,876
5529,5529,0,2046,1315
5530,5530,0,2047,1791
5531,5531,0,2046,2283
5532,5532,0,2047,2761
5533,5533,0,2046,3200
5534,5534,0,2046,3572
5535,5535,0,2046,3862
5536,5536,0,2046,4049
5537,5537,0,2047,4095
5538,5538,0,2047,4087
5539,5539,0,2046,3935
5540,5540,0,2047,3677
5541,5541,0,2047,3330
5542,5542,0,2047,2911
5543,5543,0,2047,2443
5544,5544,0,2047,1953
5545,5545,0,2047,1468
5546,5546,0,2047,1016
5547,5547,0,2046,618
5548,5548,0,2047,300
5549,5549,0,2047,78
5550,5550,0,2047,0
5551,5551,0,2047,0
5552,5552,0,2047,80
5553,5553,0,2047,304
5554,5554,0,2046,624
5555,5555,0,2046,1023
5556,5556,0,2046,1478
5557,5557,0,2047,1962
5558,5558,0,2047,2452
5559,5559,0,2046,2919
5560,5560,0,2047,3336
5561,5561,0,2047,3683
5562,5562,0,2047,3939
5563,5563,0,2046,4089
5564,5564,0,2047,4095
5565,5565,0,2046,4047
5566,5566,0,2046,3857
5567,5567,0,2047,3566
5568,5568,0,2047,3191
5569,5569,0,2047,2753
5570,5570,0,2046,2275
5571,5571,0,2047,1783
5572,5572,0,2046,1306
5573,5573,0,2046,869
5574,5574,0,2046,498
5575,5575,0,2047,210
5576,5576,0,2047,25
5577,5577,0,2046,0
5578,5578,0,2046,0
5579,5579,0,2046,146
5580,5580,0,2046,406
5581,5581,0,2047,755
5582,5582,0,2047,1175
5583,5583,0,2047,1644
5584,5584,0,2046,2134
5585,5585,0,2047,2618
5586,5586,0,2046,3071
5587,5587,0,2046,3467
5588,5588,0,2047,3783
5589,5589,0,2047,4003
5590,5590,0,2047,4095
5591,5591,0,2046,4095
5592,5592,0,2046,3993
5593,5593,0,2047,3767
5594,5594,0,2046,3445
5595,5595,0,2046,3045
5596,5596,0,2046,2589
5597,5597,0,2047,2103
5598,5598,0,2046,1614
5599,5599,0,2046,1148
5600,5600,0,2046,732
5601,5601,0,2046,387
5602,5602,0,2047,135
5603,5603,0,2046,0
5604,5604,0,2046,0
5605,5605,0,2046,33
5606,5606,0,2046,225
5607,5607,0,2047,517
5608,5608,0,2046,894
5609,5609,0,2047,1333
5610,5610,0,2047,1812
5611,5611,0,2046,2304
5612,5612,0,2046,2780
5613,5613,0,2047,3216
5614,5614,0,2046,3586
5615,5615,0,2046,3871
5616,5616,0,2046,4054
5617,5617,0,2047,4095
5618,5618,0,2046,4083
5619,5619,0,2047,3926
5620,5620,0,2047,3665
5621,5621,0,2046,3313
5622,5622,0,2046,2892
5623,5623,0,2046,2422
5624,5624,0,2046,1933
5625,5625,0,2047,1448
5626,5626,0,2046,997
5627,5627,0,2046,603
5628,5628,0,2046,288
5629,5629,0,2046,70
5630,5630,0,2046,0
5631,5631,0,2046,0
5632,5632,0,2046,88
5633,5633,0,2047,316
5634,5634,0,2046,639
5635,5635,0,2047,1041
5636,5636,0,2047,1496
5637,5637,0,2047,1983
5638,5638,0,2047,2473
5639,5639,0,2047,2938
5640,5640,0,2046,3352
5641,5641,0,2047,3696
5642,5642,0,2047,3947
5643,5643,0,2046,4092
5644,5644,0,2046,4095
5645,5645,0,2046,4040
5646,5646,0,2046,3846
5647,5647,0,2047,3552
5648,5648,0,2046,3174
5649,5649,0,2047,2733
5650,5650,0,2046,2254
5651,5651,0,2047,1763
5652,5652,0,2046,1286
5653,5653,0,2046,852
5654,5654,0,2047,484
5655,5655,0,2046,201
5656,5656,0,2046,20
5657,5657,0,2046,0
5658,5658,0,2046,0
5659,5659,0,2047,156
5660,5660,0,2046,419
5661,5661,0,2047,772
5662,5662,0,2047,1194
5663,5663,0,2047,1664
5664,5664,0,2046,2154
5665,5665,0,2047,2638
5666,5666,0,2046,3089
5667,5667,0,2047,3481
5668,5668,0,2046,3795
5669,5669,0,2046,4010
5670,5670,0,2046,4095
5671,5671,0,2047,4095
5672,5672,0,2047,3985
5673,5673,0,2046,3755
5674,5674,0,2046,3429
5675,5675,0,2047,3026
5676,5676,0,2046,2569
5677,5677,0,2046,2083
5678,5678,0,2046,1594
5679,5679,0,2046,1129
5680,5680,0,2047,716
5681,5681,0,2047,375
5682,5682,0,2046,126
5683,5683,0,2047,0
5684,5684,0,2047,0
5685,5685,0,2047,39
5686,5686,0,2047,236
5687,5687,0,2046,532
5688,5688,0,2046,912
5689,5689,0,2046,1354
5690,5690,0,2046,1833
5691,5691,0,2047,2324
5692,5692,0,2047,2800
5693,5693,0,2046,3233
5694,5694,0,2047,3601
5695,5695,0,2046,3881
5696,5696,0,2046,4061
5697,5697,0,2047,4095
5698,5698,0,2047,4078
5699,5699,0,2046,3917
5700,5700,0,2047,3651
5701,5701,0,2046,3297
5702,5702,0,2047,2873
5703,5703,0,2046,2402
5704,5704,0,2046,1912
5705,5705,0,2047,1429
5706,5706,0,2046,979
5707,5707,0,2046,588
5708,5708,0,2046,277
5709,5709,0,2046,64
5710,5710,0,2046,0
5711,5711,0,2047,0
5712,5712,0,2046,95
5713,5713,0,2046,328
5714,5714,0,2046,655
5715,5715,0,2047,1059
5716,5716,0,2047,1516
5717,5717,0,2047,2004
5718,5718,0,2047,2493
5719,5719,0,2046,2956
5720,5720,0,2047,3369
5721,5721,0,2047,3708
5722,5722,0,2046,3955
5723,5723,0,2046,4095
5724,5724,0,2046,4095
5725,5725,0,2046,4035
5726,5726,0,2047,3836
5727,5727,0,2046,3538
5728,5728,0,2047,3156
5729,5729,0,2046,2713
5730,5730,0,2047,2234
5731,5731,0,2047,1742
5732,5732,0,2046,1267
5733,5733,0,2046,835
5734,5734,0,2046,470
5735,5735,0,2046,191
5736,5736,0,2046,15
5737,5737,0,2046,0
5738,5738,0,2046,1
5739,5739,0,2047,165
5740,5740,0,2047,431
5741,5741,0,2047,788
5742,5742,0,2047,1213
5743,5743,0,2045,1684
5744,5744,0,2047,2176
5745,5745,0,2047,2658
5746,5746,0,2047,3107
5747,5747,0,2046,3496
5748,5748,0,2047,3806
5749,5749,0,2046,4017
5750,5750,0,2046,4095
5751,5751,0,2046,4095
5752,5752,0,2046,3978
5753,5753,0,2046,3743
5754,5754,0,2047,3413
5755,5755,0,2046,3008
5756,5756,0,2046,2550
5757,5757,0,2047,2061
5758,5758,0,2046,1574
5759,5759,0,2046,1111
5760,5760,0,2046,700
5761,5761,0,2047,363
5762,5762,0,2047,118
5763,5763,0,2046,0
5764,5764,0,2046,0
5765,5765,0,2046,45
5766,5766,0,2046,246
5767,5767,0,2047,547
5768,5768,0,2047,930
5769,5769,0,2047,1373
5770,5770,0,2046,1854
5771,5771,0,2046,2345
5772,5772,0,2047,2819
5773,5773,0,2046,3250
5774,5774,0,2046,3614
5775,5775,0,2046,3891
5776,5776,0,2046,4066
5777,5777,0,2046,4095
5778,5778,0,2047,4074
5779,5779,0,2047,3908
5780,5780,0,2046,3638
5781,5781,0,2046,3281
5782,5782,0,2046,2854
5783,5783,0,2046,2382
5784,5784,0,2047,1891
5785,5785,0,2046,1408
5786,5786,0,2047,961
5787,5787,0,2047,573
5788,5788,0,2047,266
5789,5789,0,2046,57
5790,5790,0,2046,0
5791,5791,0,2047,0
5792,5792,0,2047,104
5793,5793,0,2047,340
5794,5794,0,2047,671
5795,5795,0,2047,1078
5796,5796,0,2047,1537
5797,5797,0,2047,2025
5798,5798,0,2047,2512
5799,5799,0,2046,2976
5800,5800,0,2046,3385
5801,5801,0,2046,3721
5802,5802,0,2047,3963
5803,5803,0,2046,4095
5804,5804,0,2046,4095
5805,5805,0,2046,4029
5806,5806,0,2046,3825
5807,5807,0,2046,3523
5808,5808,0,2046,3139
5809,5809,0,2047,2693
5810,5810,0,2046,2212
5811,5811,0,2046,1721
5812,5812,0,2047,1248
5813,5813,0,2046,818
5814,5814,0,2046,456
5815,5815,0,2047,182
5816,5816,0,2046,10
5817,5817,0,2046,0
5818,5818,0,2046,5
5819,5819,0,2046,174
5820,5820,0,2046,445
5821,5821,0,2046,805
5822,5822,0,2046,1233
5823,5823,0,2046,1705
5824,5824,0,2047,2196
5825,5825,0,2046,2678
5826,5826,0,2046,3124
5827,5827,0,2046,3512
5828,5828,0,2046,3816
5829,5829,0,2046,4023
5830,5830,0,2046,4095
5831,5831,0,2047,4095
5832,5832,0,2047,3970
5833,5833,0,2047,3730
5834,5834,0,2046,3398
5835,5835,0,2047,2990
5836,5836,0,2046,2529
5837,5837,0,2046,2041
5838,5838,0,2047,1554
5839,5839,0,2046,1093
5840,5840,0,2047,684
5841,5841,0,2046,350
5842,5842,0,2047,110
5843,5843,0,2047,0
5844,5844,0,2047,0
5845,5845,0,2046,52
5846,5846,0,2046,257
5847,5847,0,2047,561
5848,5848,0,2047,947
5849,5849,0,2046,1394
5850,5850,0,2047,1874
5851,5851,0,2047,2365
5852,5852,0,2046,2838
5853,5853,0,2046,3267
5854,5854,0,2046,3628
5855,5855,0,2046,3901
5856,5856,0,2046,4070
5857,5857,0,2046,4095
5858,5858,0,2047,4069
5859,5859,0,2047,3898
5860,5860,0,2046,3625
5861,5861,0,2046,3263
5862,5862,0,2046,2834
5863,5863,0,2046,2362
5864,5864,0,2046,1871
5865,5865,0,2047,1389
5866,5866,0,2047,943
5867,5867,0,2046,559
5868,5868,0,2046,255
5869,5869,0,2046,51
5870,5870,0,2046,0
5871,5871,0,2046,0
5872,5872,0,2046,111
5873,5873,0,2047,353
5874,5874,0,2047,688
5875,5875,0,2046,1096
5876,5876,0,2046,1558
5877,5877,0,2047,2045
5878,5878,0,2047,2534
5879,5879,0,2047,2994
5880,5880,0,2047,3401
5881,5881,0,2047,3733
5882,5882,0,2046,3972
5883,5883,0,2046,4095
5884,5884,0,2047,4095
5885,5885,0,2046,4022
5886,5886,0,2046,3815
5887,5887,0,2046,3508
5888,5888,0,2046,3120
5889,5889,0,2046,2674
5890,5890,0,2046,2191
5891,5891,0,2046,1701
5892,5892,0,2046,1228
5893,5893,0,2046,801
5894,5894,0,2047,442
5895,5895,0,2047,171
5896,5896,0,2046,5
5897,5897,0,2046,0
5898,5898,0,2047,10
5899,5899,0,2047,184
5900,5900,0,2047,459
5901,5901,0,2047,822
5902,5902,0,2047,1252
5903,5903,0,2046,1725
5904,5904,0,2046,2217
5905,5905,0,2047,2698
5906,5906,0,2047,3142
5907,5907,0,2046,3526
5908,5908,0,2046,3827
5909,5909,0,2047,4030
5910,5910,0,2047,4095
5911,5911,0,2047,4095
5912,5912,0,2046,3961
5913,5913,0,2046,3718
5914,5914,0,2046,3382
5915,5915,0,2047,2971
5916,5916,0,2047,2509
5917,5917,0,2047,2021
5918,5918,0,2047,1533
5919,5919,0,2046,1074
5920,5920,0,2047,668
5921,5921,0,2046,338
5922,5922,0,2047,101
5923,5923,0,2046,0
5924,5924,0,2046,0
5925,5925,0,2046,58
5926,5926,0,2047,268
5927,5927,0,2047,576
5928,5928,0,2046,965
5929,5929,0,2047,1412
5930,5930,0,2046,1896
5931,5931,0,2047,2386
5932,5932,0,2047,2857
5933,5933,0,2047,3284
5934,5934,0,2047,3642
5935,5935,0,2046,3910
5936,5936,0,2047,4075
5937,5937,0,2046,4095
5938,5938,0,2047,4064
5939,5939,0,2046,3889
5940,5940,0,2047,3611
5941,5941,0,2046,3246
5942,5942,0,2046,2815
5943,5943,0,2046,2341
5944,5944,0,2047,1849
5945,5945,0,2046,1368
5946,5946,0,2046,926
5947,5947,0,2046,544
5948,5948,0,2046,245
5949,5949,0,2046,43
5950,5950,0,2046,0
5951,5951,0,2046,0
5952,5952,0,2047,119
5953,5953,0,2046,365
5954,5954,0,2047,703
5955,5955,0,2046,1114
5956,5956,0,2046,1577
5957,5957,0,2046,2067
5958,5958,0,2046,2554
5959,5959,0,2045,3012
5960,5960,0,2047,3416
5961,5961,0,2046,3745
5962,5962,0,2047,3980
5963,5963,0,2046,4095
5964,5964,0,2047,4095
5965,5965,0,2047,4016
5966,5966,0,2046,3803
5967,5967,0,2046,3493
5968,5968,0,2046,3103
5969,5969,0,2046,2654
5970,5970,0,2046,2171
5971,5971,0,2046,1680
5972,5972,0,2046,1209
5973,5973,0,2046,785
5974,5974,0,2047,429
5975,5975,0,2047,163
5976,5976,0,2047,1
5977,5977,0,2047,0
5978,5978,0,2046,15
5979,5979,0,2046,193
5980,5980,0,2047,473
5981,5981,0,2047,839
5982,5982,0,2046,1272
5983,5983,0,2046,1746
5984,5984,0,2046,2238
5985,5985,0,2046,2717
5986,5986,0,2046,3160
5987,5987,0,2046,3541
5988,5988,0,2047,3838
5989,5989,0,2047,4036
5990,5990,0,2046,4095
5991,5991,0,2047,4095
5992,5992,0,2046,3954
5993,5993,0,2047,3706
5994,5994,0,2046,3366
5995,5995,0,2046,2951
5996,5996,0,2047,2488
5997,5997,0,2046,1999
5998,5998,0,2046,1513
5999,5999,0,2047,1055
6000,6000,0,2047,653
6001,6001,0,2046,326
6002,6002,0,2047,94
6003,6003,0,2047,0
6004,6004,0,2047,0
6005,6005,0,2046,64
6006,6006,0,2047,279
6007,6007,0,2047,591
6008,6008,0,2046,982
6009,6009,0,2046,1433
6010,6010,0,2047,1917
6011,6011,0,2046,2407
6012,6012,0,2047,2877
6013,6013,0,2047,3301
6014,6014,0,2046,3655
6015,6015,0,2046,3918
6016,6016,0,2046,4080
6017,6017,0,2046,4095
6018,6018,0,2047,4058
6019,6019,0,2047,3879
6020,6020,0,2046,3597
6021,6021,0,2047,3230
6022,6022,0,2046,2796
6023,6023,0,2046,2320
6024,6024,0,2047,1828
6025,6025,0,2046,1349
6026,6026,0,2046,908
6027,6027,0,2046,529
6028,6028,0,2046,234
6029,6029,0,2046,38
6030,6030,0,2046,0
6031,6031,0,2046,0
6032,6032,0,2046,128
6033,6033,0,2046,377
6034,6034,0,2046,720
6035,6035,0,2046,1134
6036,6036,0,2046,1598
6037,6037,0,2046,2088
6038,6038,0,2046,2574
6039,6039,0,2046,3031
6040,6040,0,2046,3432
6041,6041,0,2047,3757
6042,6042,0,2046,3987
6043,6043,0,2046,4095
6044,6044,0,2047,4095
6045,6045,0,2047,4009
6046,6046,0,2046,3792
6047,6047,0,2046,3478
6048,6048,0,2047,3085
6049,6049,0,2046,2633
6050,6050,0,2047,2149
6051,6051,0,2047,1659
6052,6052,0,2047,1190
6053,6053,0,2047,768
6054,6054,0,2046,416
6055,6055,0,2046,154
6056,6056,0,2047,0
6057,6057,0,2046,0
6058,6058,0,2047,21
6059,6059,0,2047,203
6060,6060,0,2047,487
6061,6061,0,2047,856
6062,6062,0,2047,1291
6063,6063,0,2046,1767
6064,6064,0,2047,2258
6065,6065,0,2047,2737
6066,6066,0,2046,3178
6067,6067,0,2046,3555
6068,6068,0,2047,3849
6069,6069,0,2046,4042
6070,6070,0,2046,4095
6071,6071,0,2046,4092
6072,6072,0,2046,3945
6073,6073,0,2046,3693
6074,6074,0,2046,3349
6075,6075,0,2046,2934
6076,6076,0,2046,2467
6077,6077,0,2046,1979
6078,6078,0,2047,1492
6079,6079,0,2047,1037
6080,6080,0,2047,636
6081,6081,0,2046,313
6082,6082,0,2047,87
6083,6083,0,2046,0
6084,6084,0,2046,0
6085,6085,0,2046,72
6086,6086,0,2046,291
6087,6087,0,2046,606
6088,6088,0,2046,1001
6089,6089,0,2046,1453
6090,6090,0,2047,1937
6091,6091,0,2046,2427
6092,6092,0,2047,2896
6093,6093,0,2046,3317
6094,6094,0,2046,3668
6095,6095,0,2046,3928
6096,6096,0,2047,4084
6097,6097,0,2046,4095
6098,6098,0,2047,4053
6099,6099,0,2047,3869
6100,6100,0,2046,3583
6101,6101,0,2046,3212
6102,6102,0,2046,2776
6103,6103,0,2047,2299
6104,6104,0,2046,1808
6105,6105,0,2047,1330
6106,6106,0,2046,890
6107,6107,0,2046,515
6108,6108,0,2047,224
6109,6109,0,2047,33
6110,6110,0,2047,0
6111,6111,0,2047,0
6112,6112,0,2046,136
6113,6113,0,2046,391
6114,6114,0,2047,735
6115,6115,0,2047,1153
6116,6116,0,2046,1619
6117,6117,0,2047,2109
6118,6118,0,2046,2594
6119,6119,0,2046,3049
6120,6120,0,2047,3448
6121,6121,0,2046,3769
6122,6122,0,2047,3995
6123,6123,0,2046,4095
6124,6124,0,2046,4095
6125,6125,0,2046,4001
6126,6126,0,2047,3780
6127,6127,0,2047,3463
6128,6128,0,2046,3067
6129,6129,0,2046,2614
6130,6130,0,2046,2129
6131,6131,0,2046,1639
6132,6132,0,2046,1171
6133,6133,0,2046,752
6134,6134,0,2047,402
6135,6135,0,2046,144
6136,6136,0,2046,0
6137,6137,0,2046,0
6138,6138,0,2046,26
6139,6139,0,2046,213
6140,6140,0,2046,500
6141,6141,0,2046,873
6142,6142,0,2047,1310
6143,6143,0,2046,1787
6144,6144,0,2046,2279
6145,6145,0,2046,2758
6146,6146,0,2047,3195
6147,6147,0,2046,3570
6148,6148,0,2046,3859
6149,6149,0,2047,4048
6150,6150,0,2047,4095
6151,6151,0,2046,4088
6152,6152,0,2047,3936
6153,6153,0,2047,3681
6154,6154,0,2046,3333
6155,6155,0,2046,2915
6156,6156,0,2046,2447
6157,6157,0,2046,1958
6158,6158,0,2046,1472
6159,6159,0,2046,1018
6160,6160,0,2047,622
6161,6161,0,2046,302
6162,6162,0,2046,78
6163,6163,0,2046,0
6164,6164,0,2047,0
6165,6165,0,2046,79
6166,6166,0,2047,302
6167,6167,0,2047,621
6168,6168,0,2046,1020
6169,6169,0,2046,1474
6170,6170,0,2046,1959
6171,6171,0,2046,2447
6172,6172,0,2046,2915
6173,6173,0,2046,3334
6174,6174,0,2046,3682
6175,6175,0,2047,3937
6176,6176,0,2047,4088
6177,6177,0,2046,4095
6178,6178,0,2046,4047
6179,6179,0,2047,3859
6180,6180,0,2046,3569
6181,6181,0,2046,3194
6182,6182,0,2046,2756
6183,6183,0,2046,2279
6184,6184,0,2046,1787
6185,6185,0,2047,1310
6186,6186,0,2046,873
6187,6187,0,2047,501
6188,6188,0,2046,213
6189,6189,0,2046,27
6190,6190,0,2046,0
6191,6191,0,2046,0
6192,6192,0,2046,145
6193,6193,0,2046,403
6194,6194,0,2047,752
6195,6195,0,2047,1171
6196,6196,0,2046,1640
6197,6197,0,2046,2129
6198,6198,0,2047,2614
6199,6199,0,2047,3067
6200,6200,0,2046,3463
6201,6201,0,2047,3781
6202,6202,0,2047,4002
6203,6203,0,2047,4095
6204,6204,0,2046,4095
6205,6205,0,2047,3994
6206,6206,0,2047,3769
6207,6207,0,2046,3448
6208,6208,0,2046,3049
6209,6209,0,2046,2593
6210,6210,0,2046,2108
6211,6211,0,2047,1618
6212,6212,0,2047,1152
6213,6213,0,2047,736
6214,6214,0,2047,390
6215,6215,0,2046,135
6216,6216,0,2047,0
6217,6217,0,2047,0
6218,6218,0,2046,32
6219,6219,0,2046,223
6220,6220,0,2046,515
6221,6221,0,2047,891
6222,6222,0,2047,1329
6223,6223,0,2046,1809
6224,6224,0,2047,2301
6225,6225,0,2046,2777
6226,6226,0,2046,3213
6227,6227,0,2046,3584
6228,6228,0,2047,3869
6229,6229,0,2047,4053
6230,6230,0,2046,4095
6231,6231,0,2047,4084
6232,6232,0,2046,3928
6233,6233,0,2046,3667
6234,6234,0,2046,3317
6235,6235,0,2047,2896
6236,6236,0,2046,2426
6237,6237,0,2046,1937
6238,6238,0,2046,1452
6239,6239,0,2046,1000
6240,6240,0,2046,606
6241,6241,0,2046,290
6242,6242,0,2046,71
6243,6243,0,2047,0
6244,6244,0,2046,0
6245,6245,0,2046,87
6246,6246,0,2046,314
6247,6247,0,2046,637
6248,6248,0,2047,1038
6249,6249,0,2047,1493
6250,6250,0,2046,1979
6251,6251,0,2046,2469
6252,6252,0,2046,2934
6253,6253,0,2047,3350
6254,6254,0,2046,3694
6255,6255,0,2047,3946
6256,6256,0,2047,4092
6257,6257,0,2047,4095
6258,6258,0,2046,4042
6259,6259,0,2047,3848
6260,6260,0,2047,3555
6261,6261,0,2046,3178
6262,6262,0,2046,2736
6263,6263,0,2046,2258
6264,6264,0,2046,1766
6265,6265,0,2046,1291
6266,6266,0,2047,854
6267,6267,0,2046,486
6268,6268,0,2047,202
6269,6269,0,2046,21
6270,6270,0,2047,0
6271,6271,0,2046,0
6272,6272,0,2046,154
6273,6273,0,2046,416
6274,6274,0,2046,768
6275,6275,0,2046,1191
6276,6276,0,2047,1660
6277,6277,0,2046,2151
6278,6278,0,2046,2634
6279,6279,0,2046,3086
6280,6280,0,2047,3478
6281,6281,0,2046,3793
6282,6282,0,2046,4009
6283,6283,0,2046,4095
6284,6284,0,2046,4095
6285,6285,0,2047,3986
6286,6286,0,2046,3757
6287,6287,0,2046,3432
6288,6288,0,2047,3030
6289,6289,0,2047,2573
6290,6290,0,2047,2086
6291,6291,0,2047,1598
6292,6292,0,2046,1133
6293,6293,0,2047,718
6294,6294,0,2046,377
6295,6295,0,2046,127
6296,6296,0,2047,0
6297,6297,0,2046,0
6298,6298,0,2046,38
6299,6299,0,2047,234
6300,6300,0,2047,529
6301,6301,0,2047,908
6302,6302,0,2046,1350
6303,6303,0,2046,1830
6304,6304,0,2046,2320
6305,6305,0,2046,2796
6306,6306,0,2046,3230
6307,6307,0,2046,3598
6308,6308,0,2047,3879
6309,6309,0,2047,4059
6310,6310,0,2046,4095
6311,6311,0,2046,4080
6312,6312,0,2047,3918
6313,6313,0,2046,3654
6314,6314,0,2047,3300
6315,6315,0,2047,2876
6316,6316,0,2047,2406
6317,6317,0,2047,1915
6318,6318,0,2046,1432
6319,6319,0,2047,983
6320,6320,0,2046,590
6321,6321,0,2046,279
6322,6322,0,2047,65
6323,6323,0,2046,0
6324,6324,0,2047,0
6325,6325,0,2047,94
6326,6326,0,2046,326
6327,6327,0,2047,652
6328,6328,0,2046,1055
6329,6329,0,2046,1513
6330,6330,0,2046,2000
6331,6331,0,2046,2489
6332,6332,0,2046,2953
6333,6333,0,2047,3365
6334,6334,0,2046,3707
6335,6335,0,2046,3953
6336,6336,0,2046,4095
6337,6337,0,2047,4095
6338,6338,0,2046,4036
6339,6339,0,2046,3839
6340,6340,0,2047,3540
6341,6341,0,2047,3160
6342,6342,0,2047,2717
6343,6343,0,2046,2236
6344,6344,0,2046,1745
6345,6345,0,2047,1271
6346,6346,0,2046,838
6347,6347,0,2047,472
6348,6348,0,2047,193
6349,6349,0,2047,15
6350,6350,0,2046,0
6351,6351,0,2046,0
6352,6352,0,2046,163
6353,6353,0,2047,429
6354,6354,0,2046,785
6355,6355,0,2046,1209
6356,6356,0,2046,1681
6357,6357,0,2046,2171
6358,6358,0,2046,2654
6359,6359,0,2047,3104
6360,6360,0,2046,3494
6361,6361,0,2046,3804
6362,6362,0,2046,4016
6363,6363,0,2046,4095
6364,6364,0,2047,4095
6365,6365,0,2047,3979
6366,6366,0,2046,3744
6367,6367,0,2046,3416
6368,6368,0,2047,3012
6369,6369,0,2046,2553
6370,6370,0,2046,2065
6371,6371,0,2046,1578
6372,6372,0,2046,1114
6373,6373,0,2046,702
6374,6374,0,2047,364
6375,6375,0,2047,119
6376,6376,0,2046,0
6377,6377,0,2046,0
6378,6378,0,2046,45
6379,6379,0,2046,244
6380,6380,0,2046,544
6381,6381,0,2046,926
6382,6382,0,2046,1369
6383,6383,0,2047,1850
6384,6384,0,2046,2341
6385,6385,0,2047,2815
6386,6386,0,2046,3247
6387,6387,0,2046,3612
6388,6388,0,2046,3889
6389,6389,0,2047,4064
6390,6390,0,2046,4095
6391,6391,0,2046,4075
6392,6392,0,2047,3910
6393,6393,0,2046,3641
6394,6394,0,2047,3283
6395,6395,0,2046,2856
6396,6396,0,2046,2385
6397,6397,0,2047,1895
6398,6398,0,2046,1412
6399,6399,0,2046,964
6400,6400,0,2047,576
6401,6401,0,2046,268
6402,6402,0,2047,58
6403,6403,0,2047,0
6404,6404,0,2047,0
6405,6405,0,2046,101
6406,6406,0,2047,338
6407,6407,0,2047,668
6408,6408,0,2046,1075
6409,6409,0,2046,1534
6410,6410,0,2047,2022
6411,6411,0,2047,2510
6412,6412,0,2046,2971
6413,6413,0,2047,3383
6414,6414,0,2046,3718
6415,6415,0,2047,3962
6416,6416,0,2047,4095
6417,6417,0,2047,4095
6418,6418,0,2047,4030
6419,6419,0,2046,3827
6420,6420,0,2046,3526
6421,6421,0,2046,3142
6422,6422,0,2046,2697
6423,6423,0,2046,2216
6424,6424,0,2046,1725
6425,6425,0,2046,1252
6426,6426,0,2046,821
6427,6427,0,2047,459
6428,6428,0,2046,183
6429,6429,0,2047,10
6430,6430,0,2046,0
6431,6431,0,2046,5
6432,6432,0,2046,172
6433,6433,0,2046,443
6434,6434,0,2046,802
6435,6435,0,2047,1229
6436,6436,0,2046,1701
6437,6437,0,2046,2192
6438,6438,0,2046,2675
6439,6439,0,2047,3121
6440,6440,0,2047,3509
6441,6441,0,2047,3815
6442,6442,0,2047,4022
6443,6443,0,2046,4095
6444,6444,0,2047,4095
6445,6445,0,2046,3971
6446,6446,0,2046,3732
6447,6447,0,2046,3401
6448,6448,0,2047,2993
6449,6449,0,2046,2533
6450,6450,0,2047,2045
6451,6451,0,2047,1556
6452,6452,0,2047,1096
6453,6453,0,2046,686
6454,6454,0,2047,352
6455,6455,0,2046,111
6456,6456,0,2047,0
6457,6457,0,2046,0
6458,6458,0,2046,51
6459,6459,0,2047,255
6460,6460,0,2047,558
6461,6461,0,2046,944
6462,6462,0,2047,1389
6463,6463,0,2046,1871
6464,6464,0,2046,2362
6465,6465,0,2047,2835
6466,6466,0,2046,3264
6467,6467,0,2047,3625
6468,6468,0,2046,3899
6469,6469,0,2046,4069
6470,6470,0,2046,4095
6471,6471,0,2047,4070
6472,6472,0,2047,3900
6473,6473,0,2046,3627
6474,6474,0,2047,3266
6475,6475,0,2046,2838
6476,6476,0,2047,2365
6477,6477,0,2046,1874
6478,6478,0,2047,1392
6479,6479,0,2046,947
6480,6480,0,2046,561
6481,6481,0,2046,257
6482,6482,0,2046,51
6483,6483,0,2047,0
6484,6484,0,2047,0
6485,6485,0,2047,110
6486,6486,0,2046,350
6487,6487,0,2046,684
6488,6488,0,2046,1093
6489,6489,0,2046,1554
6490,6490,0,2046,2042
6491,6491,0,2047,2530
6492,6492,0,2047,2991
6493,6493,0,2047,3399
6494,6494,0,2046,3731
6495,6495,0,2046,3970
6496,6496,0,2046,4095
6497,6497,0,2046,4095
6498,6498,0,2046,4023
6499,6499,0,2046,3816
6500,6500,0,2046,3511
6501,6501,0,2046,3124
6502,6502,0,2047,2678
6503,6503,0,2046,2195
6504,6504,0,2046,1704
6505,6505,0,2047,1232
6506,6506,0,2047,804
6507,6507,0,2047,445
6508,6508,0,2046,173
6509,6509,0,2047,5
6510,6510,0,2047,0
6511,6511,0,2047,9
6512,6512,0,2046,182
6513,6513,0,2047,457
6514,6514,0,2046,819
6515,6515,0,2046,1249
6516,6516,0,2047,1722
6517,6517,0,2047,2213
6518,6518,0,2047,2695
6519,6519,0,2047,3138
6520,6520,0,2046,3523
6521,6521,0,2047,3825
6522,6522,0,2046,4029
6523,6523,0,2047,4095
6524,6524,0,2047,4095
6525,6525,0,2046,3963
6526,6526,0,2046,3720
6527,6527,0,2046,3385
6528,6528,0,2047,2974
6529,6529,0,2047,2513
6530,6530,0,2046,2024
6531,6531,0,2046,1538
6532,6532,0,2046,1077
6533,6533,0,2045,670
6534,6534,0,2047,340
6535,6535,0,2047,102
6536,6536,0,2047,0
6537,6537,0,2046,0
6538,6538,0,2046,57
6539,6539,0,2046,266
6540,6540,0,2046,573
6541,6541,0,2047,961
6542,6542,0,2046,1409
6543,6543,0,2047,1892
6544,6544,0,2046,2382
6545,6545,0,2047,2854
6546,6546,0,2047,3281
6547,6547,0,2046,3639
6548,6548,0,2047,3908
6549,6549,0,2046,4074
6550,6550,0,2047,4095
6551,6551,0,2047,4065
6552,6552,0,2046,3891
6553,6553,0,2046,3614
6554,6554,0,2046,3249
6555,6555,0,2046,2819
6556,6556,0,2046,2344
6557,6557,0,2046,1853
6558,6558,0,2046,1372
6559,6559,0,2046,928
6560,6560,0,2046,546
6561,6561,0,2046,245
6562,6562,0,2047,45
6563,6563,0,2046,0
6564,6564,0,2047,0
6565,6565,0,2046,117
6566,6566,0,2047,363
6567,6567,0,2046,700
6568,6568,0,2046,1111
6569,6569,0,2047,1574
6570,6570,0,2046,2063
6571,6571,0,2047,2550
6572,6572,0,2047,3008
6573,6573,0,2046,3414
6574,6574,0,2046,3743
6575,6575,0,2047,3979
6576,6576,0,2047,4095
6577,6577,0,2047,4095
6578,6578,0,2046,4017
6579,6579,0,2046,3806
6580,6580,0,2046,3496
6581,6581,0,2047,3106
6582,6582,0,2047,2658
6583,6583,0,2046,2174
6584,6584,0,2046,1683
6585,6585,0,2047,1212
6586,6586,0,2046,787
6587,6587,0,2046,431
6588,6588,0,2046,164
6589,6589,0,2046,1
6590,6590,0,2046,0
6591,6591,0,2046,14
6592,6592,0,2046,191
6593,6593,0,2046,471
6594,6594,0,2046,836
6595,6595,0,2047,1268
6596,6596,0,2047,1742
6597,6597,0,2047,2234
6598,6598,0,2046,2714
6599,6599,0,2046,3157
6600,6600,0,2046,3538
6601,6601,0,2046,3837
6602,6602,0,2046,4035
6603,6603,0,2046,4095
6604,6604,0,2046,4095
6605,6605,0,2046,3955
6606,6606,0,2047,3708
6607,6607,0,2048,3368
6608,6608,0,2047,2955
6609,6609,0,2047,2492
6610,6610,0,2046,2003
6611,6611,0,2046,1516
6612,6612,0,2047,1058
6613,6613,0,2047,655
6614,6614,0,2046,328
6615,6615,0,2046,95
6616,6616,0,2046,0
6617,6617,0,2046,0
6618,6618,0,2047,63
6619,6619,0,2046,277
6620,6620,0,2046,588
6621,6621,0,2046,979
6622,6622,0,2046,1429
6623,6623,0,2047,1913
6624,6624,0,2047,2404
6625,6625,0,2047,2874
6626,6626,0,2046,3298
6627,6627,0,2046,3652
6628,6628,0,2046,3917
6629,6629,0,2046,4079
6630,6630,0,2046,4095
6631,6631,0,2047,4060
6632,6632,0,2046,3881
6633,6633,0,2046,3599
6634,6634,0,2046,3233
6635,6635,0,2046,2799
6636,6636,0,2046,2324
6637,6637,0,2046,1833
6638,6638,0,2046,1352
6639,6639,0,2046,911
6640,6640,0,2046,531
6641,6641,0,2046,235
6642,6642,0,2046,39
6643,6643,0,2046,0
6644,6644,0,2047,0
6645,6645,0,2047,126
6646,6646,0,2046,375
6647,6647,0,2046,716
6648,6648,0,2046,1130
6649,6649,0,2046,1595
6650,6650,0,2046,2084
6651,6651,0,2046,2570
6652,6652,0,2046,3028
6653,6653,0,2046,3430
6654,6654,0,2046,3756
6655,6655,0,2046,3986
6656,6656,0,2046,4095
6657,6657,0,2046,4095
6658,6658,0,2047,4010
6659,6659,0,2047,3794
6660,6660,0,2046,3481
6661,6661,0,2046,3089
6662,6662,0,2046,2637
6663,6663,0,2046,2153
6664,6664,0,2046,1663
6665,6665,0,2047,1193
6666,6666,0,2046,771
6667,6667,0,2046,418
6668,6668,0,2046,155
6669,6669,0,2047,0
6670,6670,0,2046,0
6671,6671,0,2046,19
6672,6672,0,2046,201
6673,6673,0,2046,484
6674,6674,0,2046,853
6675,6675,0,2046,1287
6676,6676,0,2046,1763
6677,6677,0,2047,2254
6678,6678,0,2047,2734
6679,6679,0,2047,3175
6680,6680,0,2047,3553
6681,6681,0,2047,3847
6682,6682,0,2047,4040
6683,6683,0,2046,4095
6684,6684,0,2046,4093
6685,6685,0,2046,3946
6686,6686,0,2047,3695
6687,6687,0,2047,3352
6688,6688,0,2046,2937
6689,6689,0,2046,2471
6690,6690,0,2046,1982
6691,6691,0,2046,1497
6692,6692,0,2047,1041
6693,6693,0,2046,639
6694,6694,0,2047,316
6695,6695,0,2046,87
6696,6696,0,2046,0
6697,6697,0,2046,0
6698,6698,0,2047,70
6699,6699,0,2046,288
6700,6700,0,2046,603
6701,6701,0,2046,997
6702,6702,0,2046,1449
6703,6703,0,2047,1934
6704,6704,0,2046,2424
6705,6705,0,2047,2892
6706,6706,0,2046,3314
6707,6707,0,2046,3665
6708,6708,0,2046,3926
6709,6709,0,2046,4083
6710,6710,0,2047,4095
6711,6711,0,2046,4055
6712,6712,0,2046,3871
6713,6713,0,2046,3586
6714,6714,0,2047,3215
6715,6715,0,2046,2780
6716,6716,0,2047,2303
6717,6717,0,2046,1812
6718,6718,0,2047,1333
6719,6719,0,2046,894
6720,6720,0,2047,518
6721,6721,0,2047,226
6722,6722,0,2047,33
6723,6723,0,2046,0
6724,6724,0,2046,0
6725,6725,0,2046,135
6726,6726,0,2046,388
6727,6727,0,2046,732
6728,6728,0,2046,1149
6729,6729,0,2046,1615
6730,6730,0,2047,2104
6731,6731,0,2046,2591
6732,6732,0,2046,3045
6733,6733,0,2047,3445
6734,6734,0,2047,3767
6735,6735,0,2046,3994
6736,6736,0,2046,4095
6737,6737,0,2047,4095
6738,6738,0,2046,4003
6739,6739,0,2046,3782
6740,6740,0,2047,3465
6741,6741,0,2047,3070
6742,6742,0,2047,2617
6743,6743,0,2046,2132
6744,6744,0,2046,1642
6745,6745,0,2046,1174
6746,6746,0,2047,755
6747,6747,0,2046,405
6748,6748,0,2047,146
6749,6749,0,2046,0
6750,6750,0,2046,0
6751,6751,0,2046,25
6752,6752,0,2046,211
6753,6753,0,2046,498
6754,6754,0,2046,870
6755,6755,0,2046,1306
6756,6756,0,2046,1784
6757,6757,0,2046,2276
6758,6758,0,2046,2754
6759,6759,0,2046,3192
6760,6760,0,2046,3566
6761,6761,0,2047,3857
6762,6762,0,2047,4047
6763,6763,0,2047,4095
6764,6764,0,2046,4089
6765,6765,0,2046,3938
6766,6766,0,2047,3683
6767,6767,0,2047,3337
6768,6768,0,2047,2918
6769,6769,0,2047,2451
6770,6770,0,2047,1962
6771,6771,0,2047,1476
6772,6772,0,2046,1022
6773,6773,0,2046,624
6774,6774,0,2047,304
6775,6775,0,2047,80
6776,6776,0,2046,0
6777,6777,0,2047,0
6778,6778,0,2047,78
6779,6779,0,2046,300
6780,6780,0,2046,618
6781,6781,0,2047,1016
6782,6782,0,2046,1469
6783,6783,0,2046,1955
6784,6784,0,2047,2444
6785,6785,0,2047,2912
6786,6786,0,2047,3331
6787,6787,0,2047,3679
6788,6788,0,2047,3935
6789,6789,0,2046,4087
6790,6790,0,2046,4095
6791,6791,0,2046,4048
6792,6792,0,2047,3861
6793,6793,0,2047,3572
6794,6794,0,2046,3198
6795,6795,0,2047,2760
6796,6796,0,2046,2283
6797,6797,0,2046,1792
6798,6798,0,2046,1314
6799,6799,0,2046,877
6800,6800,0,2047,503
6801,6801,0,2047,214
6802,6802,0,2046,28
6803,6803,0,2046,0
6804,6804,0,2046,0
6805,6805,0,2046,143
6806,6806,0,2047,401
6807,6807,0,2047,749
6808,6808,0,2047,1168
6809,6809,0,2046,1636
6810,6810,0,2046,2125
6811,6811,0,2047,2610
6812,6812,0,2047,3064
6813,6813,0,2046,3461
6814,6814,0,2047,3779
6815,6815,0,2047,4001
6816,6816,0,2047,4095
6817,6817,0,2047,4095
6818,6818,0,2046,3996
6819,6819,0,2046,3770
6820,6820,0,2047,3450
6821,6821,0,2047,3052
6822,6822,0,2046,2598
6823,6823,0,2046,2112
6824,6824,0,2046,1622
6825,6825,0,2047,1155
6826,6826,0,2047,739
6827,6827,0,2046,393
6828,6828,0,2047,138
6829,6829,0,2046,0
6830,6830,0,2046,0
6831,6831,0,2046,31
6832,6832,0,2046,221
6833,6833,0,2046,513
6834,6834,0,2046,887
6835,6835,0,2046,1326
6836,6836,0,2047,1805
6837,6837,0,2046,2296
6838,6838,0,2047,2773
6839,6839,0,2046,3209
6840,6840,0,2046,3581
6841,6841,0,2046,3868
6842,6842,0,2046,4052
6843,6843,0,2046,4095
6844,6844,0,2047,4085
6845,6845,0,2046,3930
6846,6846,0,2046,3670
6847,6847,0,2046,3320
6848,6848,0,2047,2899
6849,6849,0,2046,2430
6850,6850,0,2046,1940
6851,6851,0,2046,1457
6852,6852,0,2047,1004
6853,6853,0,2047,609
6854,6854,0,2046,293
6855,6855,0,2047,73
6856,6856,0,2046,0
6857,6857,0,2046,0
6858,6858,0,2047,85
6859,6859,0,2047,312
6860,6860,0,2046,634
6861,6861,0,2047,1034
6862,6862,0,2047,1490
6863,6863,0,2047,1975
6864,6864,0,2046,2465
6865,6865,0,2046,2930
6866,6866,0,2047,3347
6867,6867,0,2046,3692
6868,6868,0,2047,3944
6869,6869,0,2047,4091
6870,6870,0,2047,4095
6871,6871,0,2046,4043
6872,6872,0,2046,3850
6873,6873,0,2046,3557
6874,6874,0,2046,3180
6875,6875,0,2046,2741
6876,6876,0,2046,2261
6877,6877,0,2046,1771
6878,6878,0,2046,1294
6879,6879,0,2046,859
6880,6880,0,2046,488
6881,6881,0,2046,205
6882,6882,0,2047,22
6883,6883,0,2046,0
6884,6884,0,2046,0
6885,6885,0,2046,152
6886,6886,0,2046,413
6887,6887,0,2046,765
6888,6888,0,2046,1187
6889,6889,0,2047,1656
6890,6890,0,2046,2146
6891,6891,0,2046,2630
6892,6892,0,2047,3082
6893,6893,0,2046,3476
6894,6894,0,2047,3790
6895,6895,0,2047,4007
6896,6896,0,2046,4095
6897,6897,0,2047,4095
6898,6898,0,2047,3989
6899,6899,0,2047,3759
6900,6900,0,2046,3436
6901,6901,0,2046,3033
6902,6902,0,2046,2577
6903,6903,0,2047,2091
6904,6904,0,2047,1601
6905,6905,0,2046,1136
6906,6906,0,2046,722
6907,6907,0,2047,379
6908,6908,0,2047,129
6909,6909,0,2046,0
6910,6910,0,2047,0
6911,6911,0,2047,36
6912,6912,0,2047,232
6913,6913,0,2047,527
6914,6914,0,2046,904
6915,6915,0,2047,1346
6916,6916,0,2047,1825
6917,6917,0,2047,2316
6918,6918,0,2046,2792
6919,6919,0,2046,3227
6920,6920,0,2046,3596
6921,6921,0,2046,3878
6922,6922,0,2046,4058
6923,6923,0,2046,4095
6924,6924,0,2046,4080
6925,6925,0,2047,3920
6926,6926,0,2046,3658
6927,6927,0,2046,3303
6928,6928,0,2046,2880
6929,6929,0,2047,2410
6930,6930,0,2047,1920
6931,6931,0,2047,1436
6932,6932,0,2046,985
6933,6933,0,2046,593
6934,6934,0,2047,281
6935,6935,0,2046,66
6936,6936,0,2047,0
6937,6937,0,2046,0
6938,6938,0,2046,92
6939,6939,0,2046,323
6940,6940,0,2046,649
6941,6941,0,2046,1052
6942,6942,0,2047,1509
6943,6943,0,2046,1996
6944,6944,0,2047,2485
6945,6945,0,2046,2949
6946,6946,0,2046,3363
6947,6947,0,2047,3703
6948,6948,0,2046,3952
6949,6949,0,2047,4095
6950,6950,0,2046,4095
6951,6951,0,2046,4037
6952,6952,0,2046,3839
6953,6953,0,2047,3543
6954,6954,0,2046,3164
6955,6955,0,2046,2720
6956,6956,0,2046,2241
6957,6957,0,2046,1750
6958,6958,0,2046,1274
6959,6959,0,2046,841
6960,6960,0,2047,475
6961,6961,0,2047,195
6962,6962,0,2047,16
6963,6963,0,2046,0
6964,6964,0,2046,0
6965,6965,0,2046,161
6966,6966,0,2047,427
6967,6967,0,2047,782
6968,6968,0,2046,1206
6969,6969,0,2046,1677
6970,6970,0,2047,2167
6971,6971,0,2047,2651
6972,6972,0,2047,3099
6973,6973,0,2046,3490
6974,6974,0,2046,3801
6975,6975,0,2045,4015
6976,6976,0,2047,4095
6977,6977,0,2046,4095
6978,6978,0,2046,3981
6979,6979,0,2046,3747
6980,6980,0,2046,3419
6981,6981,0,2046,3015
6982,6982,0,2046,2557
6983,6983,0,2046,2069
6984,6984,0,2047,1581
6985,6985,0,2046,1118
6986,6986,0,2047,706
6987,6987,0,2046,367
6988,6988,0,2046,121
6989,6989,0,2047,0
6990,6990,0,2046,0
6991,6991,0,2046,43
6992,6992,0,2047,243
6993,6993,0,2046,541
6994,6994,0,2047,922
6995,6995,0,2046,1365
6996,6996,0,2046,1846
6997,6997,0,2046,2337
6998,6998,0,2047,2812
6999,6999,0,2047,3243
7000,7000,0,2046,3609
7001,7001,0,2046,3887
7002,7002,0,2046,4064
7003,7003,0,2046,4095
7004,7004,0,2046,4076
7005,7005,0,2047,3911
7006,7006,0,2047,3643
7007,7007,0,2047,3286
7008,7008,0,2046,2861
7009,7009,0,2046,2390
7010,7010,0,2047,1899
7011,7011,0,2047,1417
7012,7012,0,2046,968
7013,7013,0,2046,579
7014,7014,0,2046,270
7015,7015,0,2046,59
7016,7016,0,2047,0
7017,7017,0,2047,0
7018,7018,0,2047,101
7019,7019,0,2047,336
7020,7020,0,2047,665
7021,7021,0,2046,1071
7022,7022,0,2047,1529
7023,7023,0,2046,2017
7024,7024,0,2046,2505
7025,7025,0,2046,2968
7026,7026,0,2047,3378
7027,7027,0,2046,3716
7028,7028,0,2047,3961
7029,7029,0,2047,4095
7030,7030,0,2046,4095
7031,7031,0,2047,4031
7032,7032,0,2046,3830
7033,7033,0,2047,3528
7034,7034,0,2046,3145
7035,7035,0,2046,2701
7036,7036,0,2046,2220
7037,7037,0,2046,1729
7038,7038,0,2047,1256
7039,7039,0,2047,825
7040,7040,0,2047,461
7041,7041,0,2047,185
7042,7042,0,2046,11
7043,7043,0,2047,0
7044,7044,0,2046,4
7045,7045,0,2046,170
7046,7046,0,2047,440
7047,7047,0,2047,798
7048,7048,0,2046,1225
7049,7049,0,2047,1697
7050,7050,0,2046,2188
7051,7051,0,2047,2670
7052,7052,0,2046,3118
7053,7053,0,2046,3506
7054,7054,0,2047,3813
7055,7055,0,2046,4021
7056,7056,0,2046,4095
7057,7057,0,2046,4095
7058,7058,0,2046,3973
7059,7059,0,2047,3735
7060,7060,0,2046,3404
7061,7061,0,2045,2997
7062,7062,0,2046,2537
7063,7063,0,2046,2049
7064,7064,0,2046,1561
7065,7065,0,2046,1099
7066,7066,0,2047,689
7067,7067,0,2046,355
7068,7068,0,2047,113
7069,7069,0,2046,0
7070,7070,0,2046,0
7071,7071,0,2046,49
7072,7072,0,2046,253
7073,7073,0,2046,556
7074,7074,0,2046,940
7075,7075,0,2046,1385
7076,7076,0,2047,1867
7077,7077,0,2046,2358
7078,7078,0,2046,2831
7079,7079,0,2046,3261
7080,7080,0,2047,3623
7081,7081,0,2046,3897
7082,7082,0,2046,4068
7083,7083,0,2047,4095
7084,7084,0,2046,4071
7085,7085,0,2047,3902
7086,7086,0,2047,3630
7087,7087,0,2046,3270
7088,7088,0,2047,2841
7089,7089,0,2047,2368
7090,7090,0,2046,1878
7091,7091,0,2046,1396
7092,7092,0,2047,950
7093,7093,0,2046,563
7094,7094,0,2046,259
7095,7095,0,2047,53
7096,7096,0,2046,0
7097,7097,0,2046,0
7098,7098,0,2047,108
7099,7099,0,2046,348
7100,7100,0,2047,681
7101,7101,0,2046,1089
7102,7102,0,2046,1550
7103,7103,0,2046,2037
7104,7104,0,2046,2525
7105,7105,0,2046,2986
7106,7106,0,2047,3394
7107,7107,0,2046,3729
7108,7108,0,2046,3969
7109,7109,0,2046,4095
7110,7110,0,2046,4095
7111,7111,0,2046,4025
7112,7112,0,2046,3818
7113,7113,0,2046,3514
7114,7114,0,2047,3128
7115,7115,0,2046,2682
7116,7116,0,2047,2200
7117,7117,0,2047,1708
7118,7118,0,2046,1236
7119,7119,0,2046,807
7120,7120,0,2047,448
7121,7121,0,2047,176
7122,7122,0,2047,6
7123,7123,0,2046,0
7124,7124,0,2047,8
7125,7125,0,2046,179
7126,7126,0,2046,453
7127,7127,0,2046,815
7128,7128,0,2047,1244
7129,7129,0,2046,1718
7130,7130,0,2047,2209
7131,7131,0,2047,2690
7132,7132,0,2046,3136
7133,7133,0,2046,3520
7134,7134,0,2047,3823
7135,7135,0,2046,4027
7136,7136,0,2047,4095
7137,7137,0,2046,4095
7138,7138,0,2046,3965
7139,7139,0,2047,3722
7140,7140,0,2046,3388
7141,7141,0,2047,2978
7142,7142,0,2046,2516
7143,7143,0,2046,2028
7144,7144,0,2047,1540
7145,7145,0,2047,1081
7146,7146,0,2047,674
7147,7147,0,2046,343
7148,7148,0,2046,104
7149,7149,0,2046,0
7150,7150,0,2047,0
7151,7151,0,2046,55
7152,7152,0,2046,263
7153,7153,0,2046,570
7154,7154,0,2046,958
7155,7155,0,2046,1405
7156,7156,0,2046,1887
7157,7157,0,2046,2379
7158,7158,0,2046,2851
7159,7159,0,2046,3277
7160,7160,0,2047,3636
7161,7161,0,2046,3907
7162,7162,0,2046,4073
7163,7163,0,2046,4095
7164,7164,0,2047,4066
7165,7165,0,2046,3892
7166,7166,0,2046,3616
7167,7167,0,2046,3253
7168,7168,0,2046,2823
7169,7169,0,2047,2349
7170,7170,0,2047,1857
7171,7171,0,2046,1376
7172,7172,0,2046,932
7173,7173,0,2046,549
7174,7174,0,2046,249
7175,7175,0,2046,46
7176,7176,0,2047,0
7177,7177,0,2047,0
7178,7178,0,2047,116
7179,7179,0,2047,360
7180,7180,0,2046,697
7181,7181,0,2046,1108
7182,7182,0,2046,1570
7183,7183,0,2047,2058
7184,7184,0,2047,2546
7185,7185,0,2047,3005
7186,7186,0,2047,3411
7187,7187,0,2047,3741
7188,7188,0,2046,3977
7189,7189,0,2047,4095
7190,7190,0,2047,4095
7191,7191,0,2046,4019
7192,7192,0,2046,3808
7193,7193,0,2046,3499
7194,7194,0,2046,3110
7195,7195,0,2047,2661
7196,7196,0,2046,2178
7197,7197,0,2047,1688
7198,7198,0,2046,1217
7199,7199,0,2047,791
7200,7200,0,2046,434
7201,7201,0,2047,166
7202,7202,0,2046,1
7203,7203,0,2047,0
7204,7204,0,2047,13
7205,7205,0,2046,189
7206,7206,0,2047,468
7207,7207,0,2047,832
7208,7208,0,2047,1264
7209,7209,0,2046,1739
7210,7210,0,2046,2229
7211,7211,0,2047,2710
7212,7212,0,2046,3154
7213,7213,0,2046,3535
7214,7214,0,2047,3835
7215,7215,0,2047,4033
7216,7216,0,2046,4095
7217,7217,0,2046,4095
7218,7218,0,2047,3957
7219,7219,0,2046,3710
7220,7220,0,2046,3372
7221,7221,0,2046,2959
7222,7222,0,2046,2496
7223,7223,0,2047,2008
7224,7224,0,2046,1521
7225,7225,0,2045,1063
7226,7226,0,2046,658
7227,7227,0,2047,330
7228,7228,0,2047,97
7229,7229,0,2047,0
7230,7230,0,2046,0
7231,7231,0,2046,62
7232,7232,0,2047,274
7233,7233,0,2047,585
7234,7234,0,2046,976
7235,7235,0,2046,1425
7236,7236,0,2046,1908
7237,7237,0,2046,2399
7238,7238,0,2046,2869
7239,7239,0,2047,3294
7240,7240,0,2047,3650
7241,7241,0,2046,3916
7242,7242,0,2047,4078
7243,7243,0,2047,4095
7244,7244,0,2046,4061
7245,7245,0,2046,3883
7246,7246,0,2046,3603
7247,7247,0,2046,3236
7248,7248,0,2046,2803
7249,7249,0,2047,2328
7250,7250,0,2047,1837
7251,7251,0,2046,1356
7252,7252,0,2047,914
7253,7253,0,2046,534
7254,7254,0,2047,238
7255,7255,0,2047,40
7256,7256,0,2046,0
7257,7257,0,2046,0
7258,7258,0,2047,124
7259,7259,0,2046,373
7260,7260,0,2047,713
7261,7261,0,2046,1126
7262,7262,0,2047,1591
7263,7263,0,2047,2080
7264,7264,0,2046,2566
7265,7265,0,2046,3023
7266,7266,0,2047,3427
7267,7267,0,2047,3753
7268,7268,0,2046,3984
7269,7269,0,2046,4095
7270,7270,0,2046,4095
7271,7271,0,2047,4011
7272,7272,0,2046,3796
7273,7273,0,2046,3484
7274,7274,0,2047,3092
7275,7275,0,2046,2642
7276,7276,0,2046,2157
7277,7277,0,2046,1667
7278,7278,0,2046,1198
7279,7279,0,2047,774
7280,7280,0,2046,420
7281,7281,0,2046,157
7282,7282,0,2046,0
7283,7283,0,2046,0
7284,7284,0,2046,19
7285,7285,0,2046,199
7286,7286,0,2046,482
7287,7287,0,2046,850
7288,7288,0,2047,1283
7289,7289,0,2046,1759
7290,7290,0,2047,2250
7291,7291,0,2046,2730
7292,7292,0,2046,3171
7293,7293,0,2046,3549
7294,7294,0,2046,3845
7295,7295,0,2046,4040
7296,7296,0,2046,4095
7297,7297,0,2047,4094
7298,7298,0,2046,3949
7299,7299,0,2046,3699
7300,7300,0,2046,3356
7301,7301,0,2046,2942
7302,7302,0,2046,2475
7303,7303,0,2046,1987
7304,7304,0,2046,1501
7305,7305,0,2046,1043
7306,7306,0,2047,642
7307,7307,0,2047,319
7308,7308,0,2046,89
7309,7309,0,2046,0
7310,7310,0,2045,0
7311,7311,0,2047,69
7312,7312,0,2046,286
7313,7313,0,2046,600
7314,7314,0,2046,994
7315,7315,0,2046,1445
7316,7316,0,2047,1929
7317,7317,0,2047,2420
7318,7318,0,2047,2888
7319,7319,0,2046,3311
7320,7320,0,2046,3663
7321,7321,0,2046,3925
7322,7322,0,2046,4082
7323,7323,0,2046,4095
7324,7324,0,2047,4055
7325,7325,0,2046,3874
7326,7326,0,2046,3588
7327,7327,0,2046,3218
7328,7328,0,2047,2783
7329,7329,0,2047,2308
7330,7330,0,2046,1816
7331,7331,0,2046,1337
7332,7332,0,2046,897
7333,7333,0,2046,520
7334,7334,0,2046,227
7335,7335,0,2047,33
7336,7336,0,2047,0
7337,7337,0,2046,0
7338,7338,0,2047,133
7339,7339,0,2047,385
7340,7340,0,2047,729
7341,7341,0,2046,1145
7342,7342,0,2047,1611
7343,7343,0,2046,2100
7344,7344,0,2046,2586
7345,7345,0,2047,3042
7346,7346,0,2046,3442
7347,7347,0,2047,3765
7348,7348,0,2047,3992
7349,7349,0,2046,4095
7350,7350,0,2046,4095
7351,7351,0,2046,4004
7352,7352,0,2047,3784
7353,7353,0,2046,3468
7354,7354,0,2046,3074
7355,7355,0,2046,2622
7356,7356,0,2046,2136
7357,7357,0,2046,1647
7358,7358,0,2046,1178
7359,7359,0,2046,758
7360,7360,0,2046,408
7361,7361,0,2047,148
7362,7362,0,2046,0
7363,7363,0,2046,0
7364,7364,0,2046,23
7365,7365,0,2046,209
7366,7366,0,2046,495
7367,7367,0,2046,866
7368,7368,0,2046,1302
7369,7369,0,2047,1780
7370,7370,0,2046,2271
7371,7371,0,2047,2750
7372,7372,0,2046,3189
7373,7373,0,2047,3565
7374,7374,0,2047,3856
7375,7375,0,2046,4046
7376,7376,0,2046,4095
7377,7377,0,2046,4089
7378,7378,0,2046,3940
7379,7379,0,2046,3685
7380,7380,0,2047,3339
7381,7381,0,2046,2921
7382,7382,0,2046,2455
7383,7383,0,2046,1966
7384,7384,0,2047,1481
7385,7385,0,2046,1026
7386,7386,0,2046,627
7387,7387,0,2046,307
7388,7388,0,2046,82
7389,7389,0,2046,0
7390,7390,0,2046,0
7391,7391,0,2047,77
7392,7392,0,2047,298
7393,7393,0,2047,616
7394,7394,0,2047,1011
7395,7395,0,2046,1465
7396,7396,0,2046,1950
7397,7397,0,2046,2440
7398,7398,0,2047,2907
7399,7399,0,2047,3327
7400,7400,0,2046,3676
7401,7401,0,2047,3934
7402,7402,0,2047,4086
7403,7403,0,2046,4095
7404,7404,0,2047,4050
7405,7405,0,2046,3863
7406,7406,0,2046,3574
7407,7407,0,2047,3202
7408,7408,0,2046,2764
7409,7409,0,2047,2286
7410,7410,0,2046,1795
7411,7411,0,2047,1318
7412,7412,0,2046,880
7413,7413,0,2046,506
7414,7414,0,2047,216
7415,7415,0,2046,29
7416,7416,0,2047,0
7417,7417,0,2046,0
7418,7418,0,2047,142
7419,7419,0,2046,398
7420,7420,0,2046,746
7421,7421,0,2046,1165
7422,7422,0,2046,1632
7423,7423,0,2047,2121
7424,7424,0,2047,2606
7425,7425,0,2046,3060
7426,7426,0,2046,3457
7427,7427,0,2046,3776
7428,7428,0,2046,4000
7429,7429,0,2047,4095
7430,7430,0,2047,4095
7431,7431,0,2046,3997
7432,7432,0,2046,3773
7433,7433,0,2046,3454
7434,7434,0,2047,3056
7435,7435,0,2047,2601
7436,7436,0,2047,2116
7437,7437,0,2047,1626
7438,7438,0,2047,1160
7439,7439,0,2047,742
7440,7440,0,2047,395
7441,7441,0,2047,139
7442,7442,0,2046,0
7443,7443,0,2046,0
7444,7444,0,2047,30
7445,7445,0,2046,219
7446,7446,0,2047,510
7447,7447,0,2046,884
7448,7448,0,2046,1322
7449,7449,0,2046,1801
7450,7450,0,2046,2291
7451,7451,0,2046,2769
7452,7452,0,2047,3206
7453,7453,0,2046,3579
7454,7454,0,2047,3866
7455,7455,0,2046,4051
7456,7456,0,2046,4095
7457,7457,0,2046,4086
7458,7458,0,2047,3931
7459,7459,0,2046,3673
7460,7460,0,2046,3324
7461,7461,0,2046,2903
7462,7462,0,2046,2434
7463,7463,0,2046,1945
7464,7464,0,2047,1460
7465,7465,0,2046,1007
7466,7466,0,2047,612
7467,7467,0,2046,295
7468,7468,0,2046,74
7469,7469,0,2046,0
7470,7470,0,2047,0
7471,7471,0,2046,83
7472,7472,0,2047,310
7473,7473,0,2047,630
7474,7474,0,2047,1030
7475,7475,0,2047,1485
7476,7476,0,2047,1971
7477,7477,0,2046,2461
7478,7478,0,2047,2927
7479,7479,0,2047,3343
7480,7480,0,2047,3688
7481,7481,0,2046,3942
7482,7482,0,2046,4090
7483,7483,0,2047,4095
7484,7484,0,2047,4044
7485,7485,0,2046,3852
7486,7486,0,2046,3561
7487,7487,0,2046,3185
7488,7488,0,2047,2745
7489,7489,0,2047,2266
7490,7490,0,2046,1775
7491,7491,0,2047,1298
7492,7492,0,2046,863
7493,7493,0,2046,491
7494,7494,0,2047,206
7495,7495,0,2047,23
7496,7496,0,2047,0
7497,7497,0,2046,0
7498,7498,0,2047,151
7499,7499,0,2046,411
7500,7500,0,2047,762
7501,7501,0,2046,1183
7502,7502,0,2046,1653
7503,7503,0,2047,2142
7504,7504,0,2046,2627
7505,7505,0,2047,3078
7506,7506,0,2046,3473
7507,7507,0,2046,3788
7508,7508,0,2046,4007
7509,7509,0,2046,4095
7510,7510,0,2047,4095
7511,7511,0,2047,3990
7512,7512,0,2046,3761
7513,7513,0,2046,3438
7514,7514,0,2046,3038
7515,7515,0,2046,2582
7516,7516,0,2047,2095
7517,7517,0,2047,1606
7518,7518,0,2046,1141
7519,7519,0,2046,726
7520,7520,0,2046,382
7521,7521,0,2046,131
7522,7522,0,2046,0
7523,7523,0,2047,0
7524,7524,0,2047,36
7525,7525,0,2046,230
7526,7526,0,2047,523
7527,7527,0,2046,901
7528,7528,0,2046,1342
7529,7529,0,2047,1821
7530,7530,0,2047,2313
7531,7531,0,2046,2789
7532,7532,0,2047,3223
7533,7533,0,2046,3592
7534,7534,0,2046,3875
7535,7535,0,2046,4057
7536,7536,0,2047,4095
7537,7537,0,2047,4081
7538,7538,0,2046,3923
7539,7539,0,2047,3659
7540,7540,0,2046,3307
7541,7541,0,2046,2884
7542,7542,0,2046,2414
7543,7543,0,2047,1925
7544,7544,0,2047,1440
7545,7545,0,2047,990
7546,7546,0,2046,597
7547,7547,0,2047,284
7548,7548,0,2046,67
7549,7549,0,2047,0
7550,7550,0,2046,0
7551,7551,0,2047,91
7552,7552,0,2047,321
7553,7553,0,2047,646
7554,7554,0,2047,1049
7555,7555,0,2046,1505
7556,7556,0,2046,1993
7557,7557,0,2047,2481
7558,7558,0,2046,2946
7559,7559,0,2047,3360
7560,7560,0,2046,3702
7561,7561,0,2047,3950
7562,7562,0,2046,4095
7563,7563,0,2046,4095
7564,7564,0,2047,4038
7565,7565,0,2047,3842
7566,7566,0,2047,3545
7567,7567,0,2046,3166
7568,7568,0,2046,2724
7569,7569,0,2047,2245
7570,7570,0,2046,1754
7571,7571,0,2046,1279
7572,7572,0,2046,845
7573,7573,0,2046,478
7574,7574,0,2046,196
7575,7575,0,2046,18
7576,7576,0,2047,0
7577,7577,0,2046,0
7578,7578,0,2046,158
7579,7579,0,2046,424
7580,7580,0,2047,778
7581,7581,0,2047,1202
7582,7582,0,2046,1672
7583,7583,0,2047,2163
7584,7584,0,2046,2646
7585,7585,0,2046,3096
7586,7586,0,2046,3487
7587,7587,0,2046,3799
7588,7588,0,2047,4013
7589,7589,0,2046,4095
7590,7590,0,2047,4095
7591,7591,0,2046,3983
7592,7592,0,2046,3749
7593,7593,0,2046,3423
7594,7594,0,2046,3019
7595,7595,0,2047,2561
7596,7596,0,2047,2074
7597,7597,0,2046,1586
7598,7598,0,2047,1122
7599,7599,0,2046,709
7600,7600,0,2046,369
7601,7601,0,2046,122
7602,7602,0,2046,0
7603,7603,0,2047,0
7604,7604,0,2047,42
7605,7605,0,2046,240
7606,7606,0,2046,538
7607,7607,0,2046,918
7608,7608,0,2047,1362
7609,7609,0,2046,1843
7610,7610,0,2047,2333
7611,7611,0,2047,2808
7612,7612,0,2046,3240
7613,7613,0,2046,3607
7614,7614,0,2046,3886
7615,7615,0,2046,4062
7616,7616,0,2046,4095
7617,7617,0,2046,4077
7618,7618,0,2047,3913
7619,7619,0,2046,3646
7620,7620,0,2046,3290
7621,7621,0,2046,2865
7622,7622,0,2046,2394
7623,7623,0,2046,1903
7624,7624,0,2047,1421
7625,7625,0,2046,972
7626,7626,0,2047,582
7627,7627,0,2047,272
7628,7628,0,2047,61
7629,7629,0,2046,0
7630,7630,0,2047,0
7631,7631,0,2046,98
7632,7632,0,2046,334
7633,7633,0,2047,662
7634,7634,0,2046,1067
7635,7635,0,2046,1526
7636,7636,0,2046,2012
7637,7637,0,2047,2502
7638,7638,0,2046,2964
7639,7639,0,2046,3376
7640,7640,0,2046,3714
7641,7641,0,2046,3959
7642,7642,0,2046,4095
7643,7643,0,2046,4095
7644,7644,0,2047,4033
7645,7645,0,2046,3831
7646,7646,0,2046,3531
7647,7647,0,2046,3149
7648,7648,0,2047,2705
7649,7649,0,2046,2224
7650,7650,0,2046,1734
7651,7651,0,2047,1259
7652,7652,0,2046,828
7653,7653,0,2046,464
7654,7654,0,2046,187
7655,7655,0,2046,12
7656,7656,0,2046,0
7657,7657,0,2046,3
7658,7658,0,2046,168
7659,7659,0,2046,438
7660,7660,0,2047,795
7661,7661,0,2047,1221
7662,7662,0,2047,1694
7663,7663,0,2046,2184
7664,7664,0,2046,2667
7665,7665,0,2047,3114
7666,7666,0,2046,3503
7667,7667,0,2046,3811
7668,7668,0,2046,4019
7669,7669,0,2046,4095
7670,7670,0,2046,4095
7671,7671,0,2047,3975
7672,7672,0,2046,3737
7673,7673,0,2047,3406
7674,7674,0,2047,3000
7675,7675,0,2047,2542
7676,7676,0,2046,2053
7677,7677,0,2046,1565
7678,7678,0,2046,1103
7679,7679,0,2046,692
7680,7680,0,2047,357
7681,7681,0,2046,114
7682,7682,0,2046,0
7683,7683,0,2047,0
7684,7684,0,2046,48
7685,7685,0,2047,250
7686,7686,0,2047,553
7687,7687,0,2047,937
7688,7688,0,2046,1382
7689,7689,0,2046,1863
7690,7690,0,2046,2354
7691,7691,0,2046,2828
7692,7692,0,2046,3257
7693,7693,0,2046,3620
7694,7694,0,2046,3895
7695,7695,0,2047,4067
7696,7696,0,2047,4095
7697,7697,0,2046,4072
7698,7698,0,2046,3904
7699,7699,0,2046,3633
7700,7700,0,2046,3273
7701,7701,0,2046,2846
7702,7702,0,2046,2373
7703,7703,0,2047,1882
7704,7704,0,2046,1401
7705,7705,0,2047,953
7706,7706,0,2047,567
7707,7707,0,2046,261
7708,7708,0,2047,54
7709,7709,0,2046,0
7710,7710,0,2047,0
7711,7711,0,2046,106
7712,7712,0,2046,344
7713,7713,0,2046,678
7714,7714,0,2046,1086
7715,7715,0,2047,1546
7716,7716,0,2047,2034
7717,7717,0,2047,2522
7718,7718,0,2047,2983
7719,7719,0,2046,3392
7720,7720,0,2046,3726
7721,7721,0,2046,3967
7722,7722,0,2047,4095
7723,7723,0,2046,4095
7724,7724,0,2046,4026
7725,7725,0,2046,3821
7726,7726,0,2046,3517
7727,7727,0,2046,3131
7728,7728,0,2046,2685
7729,7729,0,2047,2203
7730,7730,0,2047,1712
7731,7731,0,2046,1240
7732,7732,0,2047,811
7733,7733,0,2046,450
7734,7734,0,2047,177
7735,7735,0,2046,7
7736,7736,0,2046,0
7737,7737,0,2047,7
7738,7738,0,2046,178
7739,7739,0,2046,451
7740,7740,0,2046,812
7741,7741,0,2047,1241
7742,7742,0,2046,1714
7743,7743,0,2047,2205
7744,7744,0,2046,2687
7745,7745,0,2047,3131
7746,7746,0,2047,3517
7747,7747,0,2047,3821
7748,7748,0,2046,4026
7749,7749,0,2046,4095
7750,7750,0,2046,4095
7751,7751,0,2047,3967
7752,7752,0,2046,3726
7753,7753,0,2046,3391
7754,7754,0,2046,2981
7755,7755,0,2046,2521
7756,7756,0,2046,2033
7757,7757,0,2046,1545
7758,7758,0,2046,1085
7759,7759,0,2046,677
7760,7760,0,2046,345
7761,7761,0,2047,106
7762,7762,0,2046,0
7763,7763,0,2047,0
7764,7764,0,2046,55
7765,7765,0,2046,262
7766,7766,0,2047,567
7767,7767,0,2047,955
7768,7768,0,2047,1402
7769,7769,0,2046,1884
7770,7770,0,2047,2374
7771,7771,0,2047,2846
7772,7772,0,2046,3274
7773,7773,0,2046,3634
7774,7774,0,2046,3904
7775,7775,0,2046,4072
7776,7776,0,2046,4095
7777,7777,0,2047,4067
7778,7778,0,2046,3895
7779,7779,0,2046,3619
7780,7780,0,2046,3256
7781,7781,0,2046,2826
7782,7782,0,2046,2353
7783,7783,0,2047,1861
7784,7784,0,2046,1380
7785,7785,0,2046,935
7786,7786,0,2047,552
7787,7787,0,2047,250
7788,7788,0,2046,47
7789,7789,0,2046,0
7790,7790,0,2046,0
7791,7791,0,2046,114
7792,7792,0,2046,358
7793,7793,0,2046,693
7794,7794,0,2047,1104
7795,7795,0,2046,1566
7796,7796,0,2047,2055
7797,7797,0,2046,2542
7798,7798,0,2046,3002
7799,7799,0,2047,3408
7800,7800,0,2046,3738
7801,7801,0,2046,3974
7802,7802,0,2047,4095
7803,7803,0,2047,4095
7804,7804,0,2047,4020
7805,7805,0,2046,3810
7806,7806,0,2046,3502
7807,7807,0,2046,3114
7808,7808,0,2046,2666
7809,7809,0,2047,2183
7810,7810,0,2047,1693
7811,7811,0,2046,1220
7812,7812,0,2046,794
7813,7813,0,2046,437
7814,7814,0,2046,168
7815,7815,0,2047,3
7816,7816,0,2046,0
7817,7817,0,2047,12
7818,7818,0,2047,187
7819,7819,0,2046,465
7820,7820,0,2046,829
7821,7821,0,2047,1259
7822,7822,0,2047,1735
7823,7823,0,2046,2226
7824,7824,0,2046,2706
7825,7825,0,2046,3150
7826,7826,0,2046,3532
7827,7827,0,2046,3832
7828,7828,0,2046,4032
7829,7829,0,2046,4095
7830,7830,0,2046,4095
7831,7831,0,2046,3959
7832,7832,0,2047,3713
7833,7833,0,2047,3374
7834,7834,0,2047,2963
7835,7835,0,2046,2501
7836,7836,0,2046,2011
7837,7837,0,2047,1524
7838,7838,0,2047,1066
7839,7839,0,2046,661
7840,7840,0,2047,333
7841,7841,0,2047,99
7842,7842,0,2046,0
7843,7843,0,2046,0
7844,7844,0,2047,60
7845,7845,0,2046,273
7846,7846,0,2046,583
7847,7847,0,2046,972
7848,7848,0,2046,1421
7849,7849,0,2046,1905
7850,7850,0,2047,2395
7851,7851,0,2047,2866
7852,7852,0,2046,3291
7853,7853,0,2047,3647
7854,7854,0,2046,3914
7855,7855,0,2046,4077
7856,7856,0,2046,4095
7857,7857,0,2046,4061
7858,7858,0,2046,3884
7859,7859,0,2046,3605
7860,7860,0,2047,3239
7861,7861,0,2046,2807
7862,7862,0,2046,2332
7863,7863,0,2046,1841
7864,7864,0,2047,1360
7865,7865,0,2047,918
7866,7866,0,2046,538
7867,7867,0,2047,240
7868,7868,0,2046,41
7869,7869,0,2046,0
7870,7870,0,2047,0
7871,7871,0,2046,123
7872,7872,0,2046,370
7873,7873,0,2046,709
7874,7874,0,2046,1122
7875,7875,0,2046,1586
7876,7876,0,2047,2074
7877,7877,0,2047,2562
7878,7878,0,2046,3020
7879,7879,0,2047,3424
7880,7880,0,2047,3750
7881,7881,0,2046,3982
7882,7882,0,2046,4095
7883,7883,0,2046,4095
7884,7884,0,2047,4012
7885,7885,0,2046,3798
7886,7886,0,2046,3487
7887,7887,0,2046,3095
7888,7888,0,2046,2645
7889,7889,0,2047,2162
7890,7890,0,2046,1671
7891,7891,0,2046,1201
7892,7892,0,2047,778
7893,7893,0,2046,424
7894,7894,0,2046,159
7895,7895,0,2047,0
7896,7896,0,2047,0
7897,7897,0,2046,18
7898,7898,0,2046,198
7899,7899,0,2047,478
7900,7900,0,2046,846
7901,7901,0,2046,1279
7902,7902,0,2046,1754
7903,7903,0,2046,2246
7904,7904,0,2047,2727
7905,7905,0,2046,3168
7906,7906,0,2046,3547
7907,7907,0,2046,3842
7908,7908,0,2047,4039
7909,7909,0,2046,4095
7910,7910,0,2047,4094
7911,7911,0,2046,3950
7912,7912,0,2046,3700
7913,7913,0,2047,3359
7914,7914,0,2046,2944
7915,7915,0,2046,2479
7916,7916,0,2047,1991
7917,7917,0,2047,1504
7918,7918,0,2046,1048
7919,7919,0,2046,646
7920,7920,0,2046,321
7921,7921,0,2047,90
7922,7922,0,2047,0
7923,7923,0,2046,0
7924,7924,0,2047,68
7925,7925,0,2046,284
7926,7926,0,2047,597
7927,7927,0,2047,990
7928,7928,0,2047,1442
7929,7929,0,2046,1925
7930,7930,0,2046,2415
7931,7931,0,2047,2885
7932,7932,0,2047,3308
7933,7933,0,2046,3660
7934,7934,0,2046,3923
7935,7935,0,2046,4081
7936,7936,0,2046,4095
7937,7937,0,2046,4057
7938,7938,0,2046,3875
7939,7939,0,2046,3592
7940,7940,0,2047,3222
7941,7941,0,2046,2788
7942,7942,0,2046,2311
7943,7943,0,2047,1820
7944,7944,0,2047,1341
7945,7945,0,2046,900
7946,7946,0,2046,523
7947,7947,0,2046,230
7948,7948,0,2046,35
7949,7949,0,2046,0
7950,7950,0,2046,0
7951,7951,0,2046,131
7952,7952,0,2046,383
7953,7953,0,2046,726
7954,7954,0,2046,1142
7955,7955,0,2046,1607
7956,7956,0,2046,2097
7957,7957,0,2046,2583
7958,7958,0,2047,3038
7959,7959,0,2047,3439
7960,7960,0,2047,3762
7961,7961,0,2047,3990
7962,7962,0,2046,4095
7963,7963,0,2047,4095
7964,7964,0,2047,4005
7965,7965,0,2046,3787
7966,7966,0,2046,3472
7967,7967,0,2046,3078
7968,7968,0,2046,2625
7969,7969,0,2047,2141
7970,7970,0,2047,1650
7971,7971,0,2047,1182
7972,7972,0,2046,761
7973,7973,0,2046,410
7974,7974,0,2047,149
7975,7975,0,2046,0
7976,7976,0,2046,0
7977,7977,0,2047,23
7978,7978,0,2046,207
7979,7979,0,2047,493
7980,7980,0,2046,863
7981,7981,0,2046,1299
7982,7982,0,2047,1776
7983,7983,0,2046,2267
7984,7984,0,2047,2746
7985,7985,0,2046,3186
7986,7986,0,2047,3561
7987,7987,0,2046,3853
7988,7988,0,2045,4044
7989,7989,0,2046,4095
7990,7990,0,2047,4090
7991,7991,0,2046,3941
7992,7992,0,2047,3687
7993,7993,0,2046,3342
7994,7994,0,2047,2925
7995,7995,0,2046,2459
7996,7996,0,2047,1970
7997,7997,0,2046,1484
7998,7998,0,2046,1029
7999,7999,0,2046,630
8000,8000,0,2046,309
8001,8001,0,2046,83
8002,8002,0,2047,0
8003,8003,0,2046,0
8004,8004,0,2046,75
8005,8005,0,2047,295
8006,8006,0,2046,612
8007,8007,0,2046,1008
8008,8008,0,2047,1462
8009,8009,0,2046,1946
8010,8010,0,2047,2436
8011,8011,0,2046,2903
8012,8012,0,2046,3324
8013,8013,0,2047,3673
8014,8014,0,2046,3932
8015,8015,0,2046,4086
8016,8016,0,2047,4095
8017,8017,0,2046,4051
8018,8018,0,2047,3865
8019,8019,0,2047,3577
8020,8020,0,2046,3204
8021,8021,0,2046,2768
8022,8022,0,2046,2291
8023,8023,0,2046,1799
8024,8024,0,2046,1321
8025,8025,0,2046,883
8026,8026,0,2047,509
8027,8027,0,2047,219
8028,8028,0,2047,29
8029,8029,0,2046,0
8030,8030,0,2047,0
8031,8031,0,2047,140
8032,8032,0,2047,396
8033,8033,0,2046,743
8034,8034,0,2047,1160
8035,8035,0,2047,1628
8036,8036,0,2047,2117
8037,8037,0,2046,2602
8038,8038,0,2046,3057
8039,8039,0,2046,3455
8040,8040,0,2047,3774
8041,8041,0,2046,3998
8042,8042,0,2046,4095
8043,8043,0,2047,4095
8044,8044,0,2046,3999
8045,8045,0,2047,3775
8046,8046,0,2046,3456
8047,8047,0,2046,3059
8048,8048,0,2047,2605
8049,8049,0,2046,2120
8050,8050,0,2047,1630
8051,8051,0,2046,1163
8052,8052,0,2046,744
8053,8053,0,2046,397
8054,8054,0,2046,141
8055,8055,0,2046,0
8056,8056,0,2046,0
8057,8057,0,2046,29
8058,8058,0,2046,217
8059,8059,0,2047,507
8060,8060,0,2046,880
8061,8061,0,2047,1319
8062,8062,0,2047,1796
8063,8063,0,2047,2288
8064,8064,0,2046,2765
8065,8065,0,2046,3203
8066,8066,0,2047,3575
8067,8067,0,2046,3863
8068,8068,0,2046,4050
8069,8069,0,2046,4095
8070,8070,0,2046,4086
8071,8071,0,2046,3933
8072,8072,0,2047,3675
8073,8073,0,2046,3326
8074,8074,0,2046,2906
8075,8075,0,2046,2439
8076,8076,0,2047,1949
8077,8077,0,2047,1464
8078,8078,0,2046,1011
8079,8079,0,2046,615
8080,8080,0,2046,296
8081,8081,0,2046,75
8082,8082,0,2046,0
8083,8083,0,2047,0
8084,8084,0,2046,82
8085,8085,0,2046,307
8086,8086,0,2046,628
8087,8087,0,2046,1026
8088,8088,0,2046,1481
8089,8089,0,2046,1968
8090,8090,0,2046,2457
8091,8091,0,2047,2924
8092,8092,0,2046,3340
8093,8093,0,2047,3686
8094,8094,0,2046,3941
8095,8095,0,2046,4089
8096,8096,0,2046,4095
8097,8097,0,2047,4046
8098,8098,0,2047,3854
8099,8099,0,2047,3563
8100,8100,0,2046,3188
8101,8101,0,2046,2748
8102,8102,0,2046,2270
8103,8103,0,2046,1779
8104,8104,0,2046,1301
8105,8105,0,2046,865
8106,8106,0,2046,494
8107,8107,0,2046,209
8108,8108,0,2046,24
8109,8109,0,2046,0
8110,8110,0,2046,0
8111,8111,0,2046,148
8112,8112,0,2046,408
8113,8113,0,2046,759
8114,8114,0,2046,1179
8115,8115,0,2047,1648
8116,8116,0,2046,2138
8117,8117,0,2046,2622
8118,8118,0,2047,3074
8119,8119,0,2047,3469
8120,8120,0,2047,3785
8121,8121,0,2046,4005
8122,8122,0,2046,4095
8123,8123,0,2046,4095
8124,8124,0,2047,3991
8125,8125,0,2046,3763
8126,8126,0,2047,3441
8127,8127,0,2046,3041
8128,8128,0,2047,2586
8129,8129,0,2046,2099
8130,8130,0,2046,1610
8131,8131,0,2046,1144
8132,8132,0,2046,728
8133,8133,0,2046,384
8134,8134,0,2046,132
8135,8135,0,2047,0
8136,8136,0,2046,0
8137,8137,0,2046,34
8138,8138,0,2046,227
8139,8139,0,2046,521
8140,8140,0,2046,898
8141,8141,0,2046,1338
8142,8142,0,2047,1817
8143,8143,0,2046,2308
8144,8144,0,2046,2784
8145,8145,0,2046,3220
8146,8146,0,2046,3589
8147,8147,0,2046,3873
8148,8148,0,2046,4056
8149,8149,0,2046,4095
8150,8150,0,2046,4082
8151,8151,0,2046,3924
8152,8152,0,2046,3662
8153,8153,0,2046,3310
8154,8154,0,2046,2888
8155,8155,0,2046,2418
8156,8156,0,2046,1928
8157,8157,0,2046,1444
8158,8158,0,2046,993
8159,8159,0,2046,599
8160,8160,0,2046,285
8161,8161,0,2046,68
8162,8162,0,2046,0
8163,8163,0,2046,0
8164,8164,0,2047,88
8165,8165,0,2047,318
8166,8166,0,2046,643
8167,8167,0,2046,1045
8168,8168,0,2046,1501
8169,8169,0,2046,1988
8170,8170,0,2047,2476
8171,8171,0,2046,2942
8172,8172,0,2046,3356
8173,8173,0,2046,3699
8174,8174,0,2046,3949
8175,8175,0,2046,4094
8176,8176,0,2046,4095
8177,8177,0,2046,4039
8178,8178,0,2047,3844
8179,8179,0,2046,3549
8180,8180,0,2046,3170
8181,8181,0,2046,2728
8182,8182,0,2046,2249
8183,8183,0,2046,1758
8184,8184,0,2046,1283
8185,8185,0,2046,848
8186,8186,0,2047,481
8187,8187,0,2047,198
8188,8188,0,2046,19
8189,8189,0,2047,0
8190,8190,0,2046,0
8191,8191,0,2047,158
8192,8192,1,2046,421
8193,8193,0,2046,775
8194,8194,0,2046,1198
8195,8195,0,2046,1669
8196,8196,0,2046,2159
8197,8197,0,2047,2642
8198,8198,0,2046,3093
8199,8199,0,2047,3485
8200,8200,0,2046,3797
8201,8201,0,2046,4012
8202,8202,0,2046,4095
8203,8203,0,2047,4095
8204,8204,0,2046,3984
8205,8205,0,2047,3752
8206,8206,0,2047,3426
8207,8207,0,2046,3022
8208,8208,0,2046,2566
8209,8209,0,2047,2078
8210,8210,0,2046,1590
8211,8211,0,2046,1125
8212,8212,0,2046,712
8213,8213,0,2046,372
8214,8214,0,2046,124
8215,8215,0,2047,0
8216,8216,0,2046,0
8217,8217,0,2047,40
8218,8218,0,2047,238
8219,8219,0,2046,535
8220,8220,0,2047,916
8221,8221,0,2046,1358
8222,8222,0,2046,1837
8223,8223,0,2047,2329
8224,8224,0,2047,2804
8225,8225,0,2047,3236
8226,8226,0,2046,3603
8227,8227,0,2046,3884
8228,8228,0,2047,4061
8229,8229,0,2047,4095
8230,8230,0,2047,4077
8231,8231,0,2046,3915
8232,8232,0,2047,3649
8233,8233,0,2047,3293
8234,8234,0,2047,2868
8235,8235,0,2046,2398
8236,8236,0,2047,1907
8237,8237,0,2046,1425
8238,8238,0,2046,975
8239,8239,0,2047,584
8240,8240,0,2046,274
8241,8241,0,2047,62
8242,8242,0,2047,0
8243,8243,0,2047,0
8244,8244,0,2047,97
8245,8245,0,2046,330
8246,8246,0,2046,658
8247,8247,0,2047,1063
8248,8248,0,2046,1522
8249,8249,0,2047,2009
8250,8250,0,2047,2497
8251,8251,0,2046,2961
8252,8252,0,2046,3373
8253,8253,0,2046,3711
8254,8254,0,2046,3958
8255,8255,0,2046,4095
8256,8256,0,2046,4095
8257,8257,0,2047,4034
8258,8258,0,2046,3834
8259,8259,0,2046,3535
8260,8260,0,2046,3154
8261,8261,0,2046,2709
8262,8262,0,2046,2228
8263,8263,0,2046,1737
8264,8264,0,2046,1263
8265,8265,0,2047,832
8266,8266,0,2046,467
8267,8267,0,2046,189
8268,8268,0,2047,13
8269,8269,0,2046,0
8270,8270,0,2046,2
8271,8271,0,2046,166
8272,8272,0,2046,435
8273,8273,0,2047,792
8274,8274,0,2047,1217
8275,8275,0,2046,1689
8276,8276,0,2046,2180
8277,8277,0,2047,2663
8278,8278,0,2047,3111
8279,8279,0,2047,3500
8280,8280,0,2047,3808
8281,8281,0,2046,4018
8282,8282,0,2047,4095
8283,8283,0,2046,4095
8284,8284,0,2047,3976
8285,8285,0,2046,3739
8286,8286,0,2046,3410
8287,8287,0,2047,3004
8288,8288,0,2046,2545
8289,8289,0,2046,2058
8290,8290,0,2046,1569
8291,8291,0,2046,1107
8292,8292,0,2047,696
8293,8293,0,2047,359
8294,8294,0,2046,116
8295,8295,0,2047,0
8296,8296,0,2047,0
8297,8297,0,2046,46
8298,8298,0,2047,248
8299,8299,0,2047,550
8300,8300,0,2047,933
8301,8301,0,2047,1377
8302,8302,0,2046,1859
8303,8303,0,2046,2350
8304,8304,0,2046,2823
8305,8305,0,2047,3253
8306,8306,0,2047,3617
8307,8307,0,2046,3893
8308,8308,0,2046,4066
8309,8309,0,2047,4095
8310,8310,0,2047,4073
8311,8311,0,2047,3905
8312,8312,0,2046,3636
8313,8313,0,2046,3276
8314,8314,0,2046,2849
8315,8315,0,2046,2377
8316,8316,0,2047,1886
8317,8317,0,2046,1404
8318,8318,0,2046,958
8319,8319,0,2047,570
8320,8320,0,2047,263
8321,8321,0,2046,56
8322,8322,0,2047,0
8323,8323,0,2047,0
8324,8324,0,2046,105
8325,8325,0,2047,344
8326,8326,0,2046,674
8327,8327,0,2047,1082
8328,8328,0,2046,1542
8329,8329,0,2046,2030
8330,8330,0,2047,2517
8331,8331,0,2047,2979
8332,8332,0,2046,3388
8333,8333,0,2047,3723
8334,8334,0,2047,3966
8335,8335,0,2046,4095
8336,8336,0,2046,4095
8337,8337,0,2047,4027
8338,8338,0,2046,3822
8339,8339,0,2046,3519
8340,8340,0,2047,3135
8341,8341,0,2046,2689
8342,8342,0,2047,2207
8343,8343,0,2046,1716
8344,8344,0,2046,1244
8345,8345,0,2047,814
8346,8346,0,2046,453
8347,8347,0,2045,179
8348,8348,0,2046,9
8349,8349,0,2047,0
8350,8350,0,2047,7
8351,8351,0,2046,176
8352,8352,0,2046,448
8353,8353,0,2046,808
8354,8354,0,2046,1237
8355,8355,0,2047,1710
8356,8356,0,2046,2201
8357,8357,0,2047,2682
8358,8358,0,2047,3129
8359,8359,0,2045,3515
8360,8360,0,2047,3819
8361,8361,0,2046,4025
8362,8362,0,2046,4095
8363,8363,0,2046,4095
8364,8364,0,2046,3968
8365,8365,0,2046,3728
8366,8366,0,2046,3394
8367,8367,0,2046,2985
8368,8368,0,2046,2524
8369,8369,0,2047,2036
8370,8370,0,2047,1549
8371,8371,0,2046,1087
8372,8372,0,2046,681
8373,8373,0,2046,348
8374,8374,0,2047,108
8375,8375,0,2047,0
8376,8376,0,2047,0
8377,8377,0,2047,53
8378,8378,0,2047,259
8379,8379,0,2046,565
8380,8380,0,2046,951
8381,8381,0,2046,1397
8382,8382,0,2046,1879
8383,8383,0,2046,2370
8384,8384,0,2047,2843
8385,8385,0,2046,3271
8386,8386,0,2046,3631
8387,8387,0,2047,3903
8388,8388,0,2047,4071
8389,8389,0,2046,4095
8390,8390,0,2047,4068
8391,8391,0,2046,3896
8392,8392,0,2046,3622
8393,8393,0,2046,3260
8394,8394,0,2046,2830
8395,8395,0,2047,2356
8396,8396,0,2046,1866
8397,8397,0,2046,1384
8398,8398,0,2046,939
8399,8399,0,2046,555
8400,8400,0,2046,252
8401,8401,0,2046,49
8402,8402,0,2046,0
8403,8403,0,2047,0
8404,8404,0,2046,113
8405,8405,0,2046,355
8406,8406,0,2046,691
8407,8407,0,2046,1100
8408,8408,0,2047,1561
8409,8409,0,2046,2050
8410,8410,0,2046,2538
8411,8411,0,2046,2998
8412,8412,0,2046,3406
8413,8413,0,2046,3736
8414,8414,0,2046,3973
8415,8415,0,2047,4095
8416,8416,0,2047,4095
8417,8417,0,2046,4021
8418,8418,0,2046,3812
8419,8419,0,2046,3505
8420,8420,0,2046,3117
8421,8421,0,2046,2669
8422,8422,0,2046,2186
8423,8423,0,2046,1696
8424,8424,0,2046,1224
8425,8425,0,2046,797
8426,8426,0,2046,439
8427,8427,0,2047,169
8428,8428,0,2046,4
8429,8429,0,2047,0
8430,8430,0,2047,11
8431,8431,0,2047,185
8432,8432,0,2046,462
8433,8433,0,2046,825
8434,8434,0,2046,1256
8435,8435,0,2046,1730
8436,8436,0,2046,2221
8437,8437,0,2046,2702
8438,8438,0,2046,3146
8439,8439,0,2046,3529
8440,8440,0,2047,3830
8441,8441,0,2047,4031
8442,8442,0,2046,4095
8443,8443,0,2047,4095
8444,8444,0,2047,3960
8445,8445,0,2046,3715
8446,8446,0,2046,3379
8447,8447,0,2046,2967
8448,8448,0,2046,2504
8449,8449,0,2046,2015
8450,8450,0,2046,1529
8451,8451,0,2046,1069
8452,8452,0,2046,664
8453,8453,0,2046,335
8454,8454,0,2047,100
8455,8455,0,2047,0
8456,8456,0,2046,0
8457,8457,0,2046,60
8458,8458,0,2047,270
8459,8459,0,2047,579
8460,8460,0,2047,968
8461,8461,0,2046,1418
8462,8462,0,2047,1901
8463,8463,0,2046,2391
8464,8464,0,2047,2862
8465,8465,0,2047,3287
8466,8466,0,2047,3645
8467,8467,0,2046,3912
8468,8468,0,2046,4076
8469,8469,0,2046,4095
8470,8470,0,2046,4062
8471,8471,0,2046,3886
8472,8472,0,2047,3608
8473,8473,0,2046,3243
8474,8474,0,2046,2810
8475,8475,0,2047,2336
8476,8476,0,2047,1844
8477,8477,0,2046,1364
8478,8478,0,2046,921
8479,8479,0,2047,540
8480,8480,0,2046,242
8481,8481,0,2047,43
8482,8482,0,2046,0
8483,8483,0,2047,0
8484,8484,0,2047,121
8485,8485,0,2046,367
8486,8486,0,2046,706
8487,8487,0,2047,1120
8488,8488,0,2046,1582
8489,8489,0,2047,2071
8490,8490,0,2046,2558
8491,8491,0,2047,3016
8492,8492,0,2046,3420
8493,8493,0,2047,3748
8494,8494,0,2046,3981
8495,8495,0,2047,4095
8496,8496,0,2046,4095
8497,8497,0,2046,4015
8498,8498,0,2046,3801
8499,8499,0,2046,3490
8500,8500,0,2047,3099
8501,8501,0,2047,2650
8502,8502,0,2046,2165
8503,8503,0,2047,1675
8504,8504,0,2046,1205
8505,8505,0,2046,781
8506,8506,0,2047,426
8507,8507,0,2046,160
8508,8508,0,2046,0
8509,8509,0,2046,0
8510,8510,0,2046,16
8511,8511,0,2047,195
8512,8512,0,2046,476
8513,8513,0,2046,842
8514,8514,0,2047,1275
8515,8515,0,2046,1750
8516,8516,0,2047,2242
8517,8517,0,2046,2722
8518,8518,0,2046,3164
8519,8519,0,2047,3544
8520,8520,0,2046,3840
8521,8521,0,2046,4037
8522,8522,0,2046,4095
8523,8523,0,2047,4095
8524,8524,0,2047,3952
8525,8525,0,2047,3703
8526,8526,0,2046,3362
8527,8527,0,2046,2948
8528,8528,0,2046,2483
8529,8529,0,2046,1995
8530,8530,0,2046,1508
8531,8531,0,2046,1051
8532,8532,0,2046,648
8533,8533,0,2046,322
8534,8534,0,2047,92
8535,8535,0,2047,0
8536,8536,0,2047,0
8537,8537,0,2047,67
8538,8538,0,2046,282
8539,8539,0,2047,594
8540,8540,0,2047,986
8541,8541,0,2047,1436
8542,8542,0,2047,1921
8543,8543,0,2047,2411
8544,8544,0,2046,2882
8545,8545,0,2046,3305
8546,8546,0,2047,3658
8547,8547,0,2047,3921
8548,8548,0,2047,4080
8549,8549,0,2046,4095
8550,8550,0,2047,4057
8551,8551,0,2046,3876
8552,8552,0,2046,3594
8553,8553,0,2046,3225
8554,8554,0,2046,2791
8555,8555,0,2046,2316
8556,8556,0,2046,1824
8557,8557,0,2046,1345
8558,8558,0,2046,903
8559,8559,0,2046,526
8560,8560,0,2046,231
8561,8561,0,2047,37
8562,8562,0,2046,0
8563,8563,0,2046,0
8564,8564,0,2046,130
8565,8565,0,2046,380
8566,8566,0,2046,723
8567,8567,0,2046,1138
8568,8568,0,2046,1603
8569,8569,0,2046,2092
8570,8570,0,2047,2578
8571,8571,0,2047,3035
8572,8572,0,2047,3436
8573,8573,0,2047,3759
8574,8574,0,2047,3988
8575,8575,0,2046,4095
8576,8576,0,2046,4095
8577,8577,0,2047,4007
8578,8578,0,2047,3790
8579,8579,0,2047,3475
8580,8580,0,2046,3081
8581,8581,0,2047,2630
8582,8582,0,2046,2145
8583,8583,0,2046,1655
8584,8584,0,2046,1186
8585,8585,0,2046,764
8586,8586,0,2046,413
8587,8587,0,2046,152
8588,8588,0,2046,0
8589,8589,0,2047,0
8590,8590,0,2046,22
8591,8591,0,2047,206
8592,8592,0,2046,490
8593,8593,0,2046,860
8594,8594,0,2046,1295
8595,8595,0,2046,1771
8596,8596,0,2046,2263
8597,8597,0,2046,2741
8598,8598,0,2046,3182
8599,8599,0,2046,3559
8600,8600,0,2047,3852
8601,8601,0,2046,4043
8602,8602,0,2047,4095
8603,8603,0,2046,4091
8604,8604,0,2046,3943
8605,8605,0,2047,3690
8606,8606,0,2046,3346
8607,8607,0,2046,2929
8608,8608,0,2047,2463
8609,8609,0,2046,1974
8610,8610,0,2046,1488
8611,8611,0,2046,1032
8612,8612,0,2046,633
8613,8613,0,2046,311
8614,8614,0,2047,85
8615,8615,0,2046,0
8616,8616,0,2046,0
8617,8617,0,2046,74
8618,8618,0,2047,294
8619,8619,0,2047,609
8620,8620,0,2046,1006
8621,8621,0,2046,1457
8622,8622,0,2047,1942
8623,8623,0,2046,2432
8624,8624,0,2046,2901
8625,8625,0,2047,3321
8626,8626,0,2046,3671
8627,8627,0,2046,3930
8628,8628,0,2047,4085
8629,8629,0,2046,4095
8630,8630,0,2047,4051
8631,8631,0,2047,3867
8632,8632,0,2047,3580
8633,8633,0,2047,3208
8634,8634,0,2047,2771
8635,8635,0,2046,2294
8636,8636,0,2046,1803
8637,8637,0,2046,1324
8638,8638,0,2047,886
8639,8639,0,2047,511
8640,8640,0,2046,220
8641,8641,0,2046,30
8642,8642,0,2047,0
8643,8643,0,2047,0
8644,8644,0,2046,138
8645,8645,0,2046,393
8646,8646,0,2046,739
8647,8647,0,2046,1157
8648,8648,0,2046,1624
8649,8649,0,2046,2113
8650,8650,0,2046,2599
8651,8651,0,2046,3053
8652,8652,0,2047,3452
8653,8653,0,2046,3771
8654,8654,0,2046,3996
8655,8655,0,2046,4095
8656,8656,0,2046,4095
8657,8657,0,2046,4000
8658,8658,0,2047,3778
8659,8659,0,2047,3460
8660,8660,0,2047,3063
8661,8661,0,2046,2609
8662,8662,0,2047,2124
8663,8663,0,2046,1634
8664,8664,0,2046,1167
8665,8665,0,2046,749
8666,8666,0,2046,400
8667,8667,0,2046,142
8668,8668,0,2046,0
8669,8669,0,2046,0
8670,8670,0,2046,27
8671,8671,0,2046,216
8672,8672,0,2046,504
8673,8673,0,2047,877
8674,8674,0,2047,1314
8675,8675,0,2046,1792
8676,8676,0,2046,2284
8677,8677,0,2046,2762
8678,8678,0,2046,3199
8679,8679,0,2047,3573
8680,8680,0,2046,3861
8681,8681,0,2046,4049
8682,8682,0,2046,4095
8683,8683,0,2047,4087
8684,8684,0,2046,3934
8685,8685,0,2047,3677
8686,8686,0,2047,3330
8687,8687,0,2046,2911
8688,8688,0,2046,2443
8689,8689,0,2046,1952
8690,8690,0,2047,1468
8691,8691,0,2046,1015
8692,8692,0,2046,617
8693,8693,0,2046,300
8694,8694,0,2047,77
8695,8695,0,2047,0
8696,8696,0,2046,0
8697,8697,0,2047,81
8698,8698,0,2047,305
8699,8699,0,2046,625
8700,8700,0,2047,1023
8701,8701,0,2047,1477
8702,8702,0,2046,1963
8703,8703,0,2047,2452
8704,8704,0,2046,2920
8705,8705,0,2046,3337
8706,8706,0,2047,3683
8707,8707,0,2046,3939
8708,8708,0,2047,4089
8709,8709,0,2046,4095
8710,8710,0,2047,4047
8711,8711,0,2047,3856
8712,8712,0,2046,3565
8713,8713,0,2047,3190
8714,8714,0,2047,2751
8715,8715,0,2046,2274
8716,8716,0,2046,1782
8717,8717,0,2046,1305
8718,8718,0,2047,869
8719,8719,0,2046,497
8720,8720,0,2046,211
8721,8721,0,2046,25
8722,8722,0,2046,0
8723,8723,0,2047,0
8724,8724,0,2046,147
8725,8725,0,2046,406
8726,8726,0,2047,756
8727,8727,0,2046,1176
8728,8728,0,2046,1644
8729,8729,0,2046,2135
8730,8730,0,2046,2618
8731,8731,0,2046,3071
8732,8732,0,2047,3467
8733,8733,0,2046,3784
8734,8734,0,2046,4004
8735,8735,0,2046,4095
8736,8736,0,2047,4095
8737,8737,0,2046,3993
8738,8738,0,2047,3766
8739,8739,0,2047,3444
8740,8740,0,2046,3044
8741,8741,0,2046,2589
8742,8742,0,2046,2103
8743,8743,0,2047,1613
8744,8744,0,2047,1148
8745,8745,0,2046,732
8746,8746,0,2046,387
8747,8747,0,2047,134
8748,8748,0,2046,0
8749,8749,0,2046,0
8750,8750,0,2046,34
8751,8751,0,2047,226
8752,8752,0,2046,518
8753,8753,0,2046,894
8754,8754,0,2047,1334
8755,8755,0,2047,1813
8756,8756,0,2047,2305
8757,8757,0,2046,2781
8758,8758,0,2046,3216
8759,8759,0,2046,3587
8760,8760,0,2047,3872
8761,8761,0,2046,4055
8762,8762,0,2046,4095
8763,8763,0,2046,4083
8764,8764,0,2047,3926
8765,8765,0,2046,3664
8766,8766,0,2046,3313
8767,8767,0,2046,2891
8768,8768,0,2046,2422
8769,8769,0,2047,1932
8770,8770,0,2046,1448
8771,8771,0,2046,997
8772,8772,0,2046,604
8773,8773,0,2047,288
8774,8774,0,2046,70
8775,8775,0,2046,0
8776,8776,0,2046,0
8777,8777,0,2046,88
8778,8778,0,2047,317
8779,8779,0,2047,641
8780,8780,0,2046,1042
8781,8781,0,2046,1497
8782,8782,0,2047,1984
8783,8783,0,2046,2473
8784,8784,0,2047,2939
8785,8785,0,2046,3354
8786,8786,0,2046,3697
8787,8787,0,2047,3948
8788,8788,0,2046,4093
8789,8789,0,2046,4095
8790,8790,0,2047,4041
8791,8791,0,2046,3847
8792,8792,0,2046,3552
8793,8793,0,2047,3173
8794,8794,0,2046,2732
8795,8795,0,2046,2253
8796,8796,0,2046,1762
8797,8797,0,2047,1286
8798,8798,0,2046,852
8799,8799,0,2046,483
8800,8800,0,2046,201
8801,8801,0,2046,20
8802,8802,0,2046,0
8803,8803,0,2047,0
8804,8804,0,2046,156
8805,8805,0,2046,419
8806,8806,0,2046,772
8807,8807,0,2046,1195
8808,8808,0,2046,1665
8809,8809,0,2046,2154
8810,8810,0,2046,2639
8811,8811,0,2046,3089
8812,8812,0,2047,3482
8813,8813,0,2046,3795
8814,8814,0,2046,4011
8815,8815,0,2047,4095
8816,8816,0,2046,4095
8817,8817,0,2046,3985
8818,8818,0,2046,3754
8819,8819,0,2047,3429
8820,8820,0,2046,3027
8821,8821,0,2046,2569
8822,8822,0,2046,2083
8823,8823,0,2046,1593
8824,8824,0,2046,1129
8825,8825,0,2046,714
8826,8826,0,2047,374
8827,8827,0,2046,126
8828,8828,0,2047,0
8829,8829,0,2046,0
8830,8830,0,2046,40
8831,8831,0,2047,237
8832,8832,0,2046,532
8833,8833,0,2046,912
8834,8834,0,2046,1354
8835,8835,0,2047,1834
8836,8836,0,2046,2325
8837,8837,0,2047,2800
8838,8838,0,2046,3234
8839,8839,0,2046,3601
8840,8840,0,2046,3882
8841,8841,0,2046,4061
8842,8842,0,2046,4095
8843,8843,0,2046,4079
8844,8844,0,2046,3917
8845,8845,0,2046,3652
8846,8846,0,2047,3296
8847,8847,0,2046,2873
8848,8848,0,2047,2402
8849,8849,0,2047,1912
8850,8850,0,2046,1428
8851,8851,0,2047,979
8852,8852,0,2046,588
8853,8853,0,2047,276
8854,8854,0,2046,63
8855,8855,0,2046,0
8856,8856,0,2047,0
8857,8857,0,2047,95
8858,8858,0,2047,329
8859,8859,0,2046,656
8860,8860,0,2046,1060
8861,8861,0,2046,1517
8862,8862,0,2046,2004
8863,8863,0,2046,2493
8864,8864,0,2046,2957
8865,8865,0,2046,3370
8866,8866,0,2047,3709
8867,8867,0,2046,3956
8868,8868,0,2046,4095
8869,8869,0,2046,4095
8870,8870,0,2046,4035
8871,8871,0,2046,3836
8872,8872,0,2046,3537
8873,8873,0,2046,3156
8874,8874,0,2046,2712
8875,8875,0,2046,2232
8876,8876,0,2046,1741
8877,8877,0,2046,1267
8878,8878,0,2046,835
8879,8879,0,2047,469
8880,8880,0,2046,190
8881,8881,0,2047,14
8882,8882,0,2047,0
8883,8883,0,2047,1
8884,8884,0,2047,165
8885,8885,0,2046,432
8886,8886,0,2046,789
8887,8887,0,2046,1214
8888,8888,0,2047,1685
8889,8889,0,2046,2176
8890,8890,0,2047,2659
8891,8891,0,2047,3108
8892,8892,0,2047,3497
8893,8893,0,2047,3805
8894,8894,0,2046,4018
8895,8895,0,2046,4095
8896,8896,0,2046,4095
8897,8897,0,2046,3977
8898,8898,0,2047,3742
8899,8899,0,2046,3413
8900,8900,0,2046,3008
8901,8901,0,2046,2549
8902,8902,0,2046,2061
8903,8903,0,2046,1573
8904,8904,0,2046,1110
8905,8905,0,2046,699
8906,8906,0,2046,362
8907,8907,0,2046,118
8908,8908,0,2046,0
8909,8909,0,2046,0
8910,8910,0,2047,45
8911,8911,0,2046,246
8912,8912,0,2046,547
8913,8913,0,2046,929
8914,8914,0,2047,1374
8915,8915,0,2047,1855
8916,8916,0,2047,2346
8917,8917,0,2047,2820
8918,8918,0,2047,3250
8919,8919,0,2046,3615
8920,8920,0,2046,3892
8921,8921,0,2046,4066
8922,8922,0,2046,4095
8923,8923,0,2047,4074
8924,8924,0,2047,3908
8925,8925,0,2046,3638
8926,8926,0,2046,3280
8927,8927,0,2046,2853
8928,8928,0,2047,2381
8929,8929,0,2047,1890
8930,8930,0,2047,1408
8931,8931,0,2046,961
8932,8932,0,2047,573
8933,8933,0,2046,266
8934,8934,0,2047,57
8935,8935,0,2047,0
8936,8936,0,2047,0
8937,8937,0,2046,103
8938,8938,0,2047,340
8939,8939,0,2047,671
8940,8940,0,2046,1078
8941,8941,0,2046,1537
8942,8942,0,2047,2026
8943,8943,0,2046,2514
8944,8944,0,2047,2976
8945,8945,0,2047,3385
8946,8946,0,2046,3721
8947,8947,0,2046,3963
8948,8948,0,2046,4095
8949,8949,0,2046,4095
8950,8950,0,2046,4028
8951,8951,0,2046,3825
8952,8952,0,2046,3523
8953,8953,0,2047,3138
8954,8954,0,2047,2693
8955,8955,0,2047,2211
8956,8956,0,2046,1721
8957,8957,0,2046,1248
8958,8958,0,2046,818
8959,8959,0,2046,455
8960,8960,0,2047,181
8961,8961,0,2047,9
8962,8962,0,2046,0
8963,8963,0,2046,5
8964,8964,0,2046,174
8965,8965,0,2047,445
8966,8966,0,2047,805
8967,8967,0,2046,1233
8968,8968,0,2047,1705
8969,8969,0,2046,2197
8970,8970,0,2047,2679
8971,8971,0,2047,3125
8972,8972,0,2046,3512
8973,8973,0,2046,3816
8974,8974,0,2046,4023
8975,8975,0,2046,4095
8976,8976,0,2047,4095
8977,8977,0,2046,3969
8978,8978,0,2046,3730
8979,8979,0,2046,3397
8980,8980,0,2047,2989
8981,8981,0,2046,2528
8982,8982,0,2046,2041
8983,8983,0,2047,1553
8984,8984,0,2047,1092
8985,8985,0,2046,683
8986,8986,0,2046,349
8987,8987,0,2047,109
8988,8988,0,2046,0
8989,8989,0,2046,0
8990,8990,0,2047,51
8991,8991,0,2047,257
8992,8992,0,2046,562
8993,8993,0,2047,947
8994,8994,0,2047,1394
8995,8995,0,2046,1875
8996,8996,0,2046,2366
8997,8997,0,2047,2839
8998,8998,0,2046,3268
8999,8999,0,2046,3628
9000,9000,0,2047,3900
9001,9001,0,2047,4071
9002,9002,0,2046,4095
9003,9003,0,2046,4069
9004,9004,0,2047,3899
9005,9005,0,2047,3624
9006,9006,0,2046,3263
9007,9007,0,2046,2834
9008,9008,0,2047,2360
9009,9009,0,2046,1870
9010,9010,0,2046,1388
9011,9011,0,2046,943
9012,9012,0,2046,558
9013,9013,0,2047,255
9014,9014,0,2046,51
9015,9015,0,2046,0
9016,9016,0,2046,0
9017,9017,0,2047,112
9018,9018,0,2046,353
9019,9019,0,2046,687
9020,9020,0,2046,1096
9021,9021,0,2046,1558
9022,9022,0,2047,2046
9023,9023,0,2047,2534
9024,9024,0,2047,2994
9025,9025,0,2047,3401
9026,9026,0,2046,3734
9027,9027,0,2047,3972
9028,9028,0,2047,4095
9029,9029,0,2047,4095
9030,9030,0,2046,4022
9031,9031,0,2046,3814
9032,9032,0,2046,3508
9033,9033,0,2046,3120
9034,9034,0,2046,2673
9035,9035,0,2046,2190
9036,9036,0,2047,1699
9037,9037,0,2047,1228
9038,9038,0,2047,801
9039,9039,0,2046,442
9040,9040,0,2046,172
9041,9041,0,2046,4
9042,9042,0,2046,0
9043,9043,0,2046,10
9044,9044,0,2047,184
9045,9045,0,2046,459
9046,9046,0,2046,822
9047,9047,0,2047,1253
9048,9048,0,2046,1726
9049,9049,0,2046,2217
9050,9050,0,2046,2699
9051,9051,0,2046,3143
9052,9052,0,2046,3526
9053,9053,0,2047,3829
9054,9054,0,2046,4030
9055,9055,0,2046,4095
9056,9056,0,2046,4095
9057,9057,0,2046,3961
9058,9058,0,2046,3718
9059,9059,0,2046,3381
9060,9060,0,2046,2970
9061,9061,0,2046,2509
9062,9062,0,2046,2020
9063,9063,0,2046,1532
9064,9064,0,2047,1073
9065,9065,0,2046,667
9066,9066,0,2047,337
9067,9067,0,2047,101
9068,9068,0,2046,0
9069,9069,0,2046,0
9070,9070,0,2047,58
9071,9071,0,2046,268
9072,9072,0,2046,576
9073,9073,0,2046,965
9074,9074,0,2046,1413
9075,9075,0,2047,1896
9076,9076,0,2047,2387
9077,9077,0,2047,2858
9078,9078,0,2047,3285
9079,9079,0,2046,3642
9080,9080,0,2046,3910
9081,9081,0,2047,4075
9082,9082,0,2047,4095
9083,9083,0,2047,4064
9084,9084,0,2047,3888
9085,9085,0,2046,3610
9086,9086,0,2047,3246
9087,9087,0,2047,2815
9088,9088,0,2047,2340
9089,9089,0,2047,1849
9090,9090,0,2047,1368
9091,9091,0,2046,925
9092,9092,0,2047,544
9093,9093,0,2047,244
9094,9094,0,2046,44
9095,9095,0,2047,0
9096,9096,0,2047,0
9097,9097,0,2046,119
9098,9098,0,2046,365
9099,9099,0,2047,703
9100,9100,0,2047,1115
9101,9101,0,2046,1579
9102,9102,0,2046,2067
9103,9103,0,2046,2554
9104,9104,0,2047,3012
9105,9105,0,2046,3417
9106,9106,0,2047,3747
9107,9107,0,2046,3980
9108,9108,0,2047,4095
9109,9109,0,2046,4095
9110,9110,0,2046,4015
9111,9111,0,2046,3803
9112,9112,0,2046,3494
9113,9113,0,2046,3102
9114,9114,0,2047,2653
9115,9115,0,2046,2169
9116,9116,0,2046,1680
9117,9117,0,2046,1209
9118,9118,0,2046,784
9119,9119,0,2046,429
9120,9120,0,2046,162
9121,9121,0,2046,0
9122,9122,0,2046,0
9123,9123,0,2047,15
9124,9124,0,2046,193
9125,9125,0,2046,473
9126,9126,0,2046,839
9127,9127,0,2046,1272
9128,9128,0,2047,1746
9129,9129,0,2046,2238
9130,9130,0,2046,2718
9131,9131,0,2046,3160
9132,9132,0,2046,3541
9133,9133,0,2046,3839
9134,9134,0,2046,4036
9135,9135,0,2046,4095
9136,9136,0,2047,4095
9137,9137,0,2046,3953
9138,9138,0,2046,3705
9139,9139,0,2046,3366
9140,9140,0,2047,2952
9141,9141,0,2047,2488
9142,9142,0,2047,1998
9143,9143,0,2046,1512
9144,9144,0,2046,1055
9145,9145,0,2046,652
9146,9146,0,2046,326
9147,9147,0,2046,94
9148,9148,0,2046,0
9149,9149,0,2046,0
9150,9150,0,2046,65
9151,9151,0,2047,279
9152,9152,0,2046,592
9153,9153,0,2046,983
9154,9154,0,2047,1434
9155,9155,0,2047,1917
9156,9156,0,2047,2407
9157,9157,0,2046,2878
9158,9158,0,2047,3301
9159,9159,0,2046,3655
9160,9160,0,2046,3919
9161,9161,0,2047,4080
9162,9162,0,2047,4095
9163,9163,0,2047,4058
9164,9164,0,2047,3879
9165,9165,0,2047,3597
9166,9166,0,2047,3229
9167,9167,0,2046,2796
9168,9168,0,2046,2319
9169,9169,0,2046,1828
9170,9170,0,2046,1348
9171,9171,0,2046,907
9172,9172,0,2046,529
9173,9173,0,2047,233
9174,9174,0,2046,38
9175,9175,0,2046,0
9176,9176,0,2046,0
9177,9177,0,2046,127
9178,9178,0,2046,378
9179,9179,0,2046,719
9180,9180,0,2046,1134
9181,9181,0,2046,1598
9182,9182,0,2047,2088
9183,9183,0,2046,2574
9184,9184,0,2047,3031
9185,9185,0,2047,3433
9186,9186,0,2047,3758
9187,9187,0,2047,3988
9188,9188,0,2046,4095
9189,9189,0,2046,4095
9190,9190,0,2046,4009
9191,9191,0,2046,3792
9192,9192,0,2046,3478
9193,9193,0,2047,3085
9194,9194,0,2047,2633
9195,9195,0,2046,2149
9196,9196,0,2046,1659
9197,9197,0,2047,1190
9198,9198,0,2046,768
9199,9199,0,2046,415
9200,9200,0,2047,153
9201,9201,0,2046,0
9202,9202,0,2047,0
9203,9203,0,2046,21
9204,9204,0,2046,204
9205,9205,0,2046,487
9206,9206,0,2047,857
9207,9207,0,2046,1291
9208,9208,0,2046,1768
9209,9209,0,2046,2259
9210,9210,0,2047,2737
9211,9211,0,2047,3177
9212,9212,0,2047,3555
9213,9213,0,2046,3848
9214,9214,0,2046,4042
9215,9215,0,2046,4095
9216,9216,0,2046,4092
9217,9217,0,2046,3945
9218,9218,0,2047,3693
9219,9219,0,2046,3349
9220,9220,0,2046,2933
9221,9221,0,2047,2467
9222,9222,0,2047,1978
9223,9223,0,2046,1493
9224,9224,0,2047,1036
9225,9225,0,2047,637
9226,9226,0,2046,313
9227,9227,0,2047,86
9228,9228,0,2047,0
9229,9229,0,2046,0
9230,9230,0,2046,73
9231,9231,0,2047,291
9232,9232,0,2047,606
9233,9233,0,2047,1002
9234,9234,0,2047,1453
9235,9235,0,2047,1938
9236,9236,0,2046,2428
9237,9237,0,2046,2896
9238,9238,0,2047,3317
9239,9239,0,2047,3668
9240,9240,0,2046,3928
9241,9241,0,2047,4085
9242,9242,0,2046,4095
9243,9243,0,2047,4053
9244,9244,0,2046,3869
9245,9245,0,2047,3582
9246,9246,0,2046,3212
9247,9247,0,2046,2775
9248,9248,0,2047,2300
9249,9249,0,2047,1807
9250,9250,0,2046,1329
9251,9251,0,2046,890
9252,9252,0,2046,514
9253,9253,0,2047,223
9254,9254,0,2047,32
9255,9255,0,2047,0
9256,9256,0,2047,0
9257,9257,0,2046,136
9258,9258,0,2047,390
9259,9259,0,2047,736
9260,9260,0,2046,1152
9261,9261,0,2047,1619
9262,9262,0,2046,2109
9263,9263,0,2046,2594
9264,9264,0,2046,3050
9265,9265,0,2046,3448
9266,9266,0,2047,3769
9267,9267,0,2047,3995
9268,9268,0,2047,4095
9269,9269,0,2046,4095
9270,9270,0,2046,4002
9271,9271,0,2046,3781
9272,9272,0,2047,3463
9273,9273,0,2047,3067
9274,9274,0,2046,2614
9275,9275,0,2046,2128
9276,9276,0,2046,1639
9277,9277,0,2046,1170
9278,9278,0,2047,752
9279,9279,0,2047,402
9280,9280,0,2047,145
9281,9281,0,2047,0
9282,9282,0,2046,0
9283,9283,0,2046,26
9284,9284,0,2047,213
9285,9285,0,2046,501
9286,9286,0,2047,873
9287,9287,0,2046,1310
9288,9288,0,2047,1788
9289,9289,0,2046,2279
9290,9290,0,2047,2757
9291,9291,0,2046,3195
9292,9292,0,2047,3569
9293,9293,0,2046,3859
9294,9294,0,2046,4048
9295,9295,0,2046,4095
9296,9296,0,2046,4088
9297,9297,0,2046,3936
9298,9298,0,2046,3680
9299,9299,0,2046,3333
9300,9300,0,2047,2915
9301,9301,0,2046,2447
9302,9302,0,2047,1957
9303,9303,0,2046,1472
9304,9304,0,2047,1018
9305,9305,0,2046,621
9306,9306,0,2047,302
9307,9307,0,2046,78
9308,9308,0,2046,0
9309,9309,0,2047,0
9310,9310,0,2047,79
9311,9311,0,2047,302
9312,9312,0,2047,622
9313,9313,0,2046,1019
9314,9314,0,2047,1473
9315,9315,0,2047,1958
9316,9316,0,2046,2449
9317,9317,0,2046,2916
9318,9318,0,2047,3333
9319,9319,0,2047,3681
9320,9320,0,2046,3937
9321,9321,0,2046,4088
9322,9322,0,2046,4095
9323,9323,0,2047,4048
9324,9324,0,2046,3858
9325,9325,0,2047,3569
9326,9326,0,2047,3194
9327,9327,0,2046,2756
9328,9328,0,2047,2279
9329,9329,0,2046,1788
9330,9330,0,2046,1310
9331,9331,0,2046,873
9332,9332,0,2046,500
9333,9333,0,2046,213
9334,9334,0,2047,27
9335,9335,0,2046,0
9336,9336,0,2047,0
9337,9337,0,2047,145
9338,9338,0,2047,403
9339,9339,0,2046,751
9340,9340,0,2046,1171
9341,9341,0,2046,1640
9342,9342,0,2046,2129
9343,9343,0,2046,2614
9344,9344,0,2046,3067
9345,9345,0,2047,3463
9346,9346,0,2046,3782
9347,9347,0,2046,4002
9348,9348,0,2046,4095
9349,9349,0,2046,4095
9350,9350,0,2046,3994
9351,9351,0,2046,3768
9352,9352,0,2047,3447
9353,9353,0,2046,3048
9354,9354,0,2047,2593
9355,9355,0,2047,2107
9356,9356,0,2047,1618
9357,9357,0,2047,1152
9358,9358,0,2046,736
9359,9359,0,2046,389
9360,9360,0,2047,136
9361,9361,0,2047,0
9362,9362,0,2047,0
9363,9363,0,2046,32
9364,9364,0,2047,224
9365,9365,0,2046,515
9366,9366,0,2047,891
9367,9367,0,2046,1330
9368,9368,0,2046,1808
9369,9369,0,2047,2300
9370,9370,0,2046,2777
9371,9371,0,2047,3212
9372,9372,0,2046,3584
9373,9373,0,2046,3869
9374,9374,0,2046,4054
9375,9375,0,2046,4095
9376,9376,0,2047,4084
9377,9377,0,2047,3928
9378,9378,0,2047,3668
9379,9379,0,2046,3316
9380,9380,0,2047,2895
9381,9381,0,2046,2427
9382,9382,0,2047,1937
9383,9383,0,2046,1452
9384,9384,0,2046,1000
9385,9385,0,2046,606
9386,9386,0,2047,289
9387,9387,0,2046,71
9388,9388,0,2047,0
9389,9389,0,2046,0
9390,9390,0,2047,86
9391,9391,0,2047,314
9392,9392,0,2047,637
9393,9393,0,2045,1037
9394,9394,0,2046,1494
9395,9395,0,2046,1979
9396,9396,0,2046,2468
9397,9397,0,2047,2934
9398,9398,0,2047,3350
9399,9399,0,2047,3694
9400,9400,0,2047,3946
9401,9401,0,2047,4092
9402,9402,0,2046,4095
9403,9403,0,2046,4042
9404,9404,0,2046,3849
9405,9405,0,2047,3555
9406,9406,0,2046,3177
9407,9407,0,2046,2736
9408,9408,0,2047,2258
9409,9409,0,2046,1767
9410,9410,0,2047,1289
9411,9411,0,2046,855
9412,9412,0,2047,486
9413,9413,0,2046,203
9414,9414,0,2047,21
9415,9415,0,2046,0
9416,9416,0,2047,0
9417,9417,0,2047,154
9418,9418,0,2046,417
9419,9419,0,2046,768
9420,9420,0,2047,1191
9421,9421,0,2047,1660
9422,9422,0,2047,2150
9423,9423,0,2046,2634
9424,9424,0,2047,3086
9425,9425,0,2047,3479
9426,9426,0,2047,3793
9427,9427,0,2046,4009
9428,9428,0,2046,4095
9429,9429,0,2046,4095
9430,9430,0,2046,3987
9431,9431,0,2046,3756
9432,9432,0,2047,3432
9433,9433,0,2046,3030
9434,9434,0,2047,2573
9435,9435,0,2047,2087
9436,9436,0,2047,1598
9437,9437,0,2047,1134
9438,9438,0,2046,718
9439,9439,0,2047,377
9440,9440,0,2046,127
9441,9441,0,2046,0
9442,9442,0,2047,0
9443,9443,0,2047,38
9444,9444,0,2046,234
9445,9445,0,2046,530
9446,9446,0,2047,908
9447,9447,0,2046,1349
9448,9448,0,2046,1830
9449,9449,0,2046,2321
9450,9450,0,2046,2795
9451,9451,0,2046,3230
9452,9452,0,2047,3598
9453,9453,0,2046,3880
9454,9454,0,2047,4059
9455,9455,0,2046,4095
9456,9456,0,2047,4079
9457,9457,0,2047,3918
9458,9458,0,2046,3654
9459,9459,0,2046,3300
9460,9460,0,2046,2876
9461,9461,0,2047,2406
9462,9462,0,2046,1916
9463,9463,0,2046,1431
9464,9464,0,2046,982
9465,9465,0,2046,591
9466,9466,0,2047,280
9467,9467,0,2046,65
9468,9468,0,2046,0
9469,9469,0,2046,0
9470,9470,0,2046,94
9471,9471,0,2046,326
9472,9472,0,2046,653
9473,9473,0,2046,1056
9474,9474,0,2046,1513
9475,9475,0,2046,2000
9476,9476,0,2046,2489
9477,9477,0,2047,2953
9478,9478,0,2047,3366
9479,9479,0,2046,3706
9480,9480,0,2047,3954
9481,9481,0,2046,4095
9482,9482,0,2046,4095
9483,9483,0,2047,4035
9484,9484,0,2046,3838
9485,9485,0,2047,3540
9486,9486,0,2046,3159
9487,9487,0,2046,2717
9488,9488,0,2046,2236
9489,9489,0,2046,1746
9490,9490,0,2046,1270
9491,9491,0,2046,838
9492,9492,0,2046,472
9493,9493,0,2047,193
9494,9494,0,2046,16
9495,9495,0,2046,0
9496,9496,0,2047,0
9497,9497,0,2047,163
9498,9498,0,2047,430
9499,9499,0,2046,785
9500,9500,0,2046,1209
9501,9501,0,2046,1680
9502,9502,0,2046,2171
9503,9503,0,2047,2654
9504,9504,0,2047,3104
9505,9505,0,2047,3493
9506,9506,0,2047,3804
9507,9507,0,2046,4016
9508,9508,0,2047,4095
9509,9509,0,2046,4095
9510,9510,0,2047,3979
9511,9511,0,2046,3745
9512,9512,0,2047,3416
9513,9513,0,2046,3011
9514,9514,0,2047,2553
9515,9515,0,2046,2065
9516,9516,0,2046,1578
9517,9517,0,2046,1114
9518,9518,0,2046,703
9519,9519,0,2046,365
9520,9520,0,2046,119
9521,9521,0,2046,0
9522,9522,0,2046,0
9523,9523,0,2047,45
9524,9524,0,2046,245
9525,9525,0,2047,544
9526,9526,0,2046,926
9527,9527,0,2046,1369
9528,9528,0,2046,1850
9529,9529,0,2047,2341
9530,9530,0,2046,2815
9531,9531,0,2046,3246
9532,9532,0,2046,3612
9533,9533,0,2046,3889
9534,9534,0,2046,4064
9535,9535,0,2046,4095
9536,9536,0,2047,4075
9537,9537,0,2046,3909
9538,9538,0,2047,3640
9539,9539,0,2046,3284
9540,9540,0,2046,2857
9541,9541,0,2046,2385
9542,9542,0,2046,1895
9543,9543,0,2047,1412
9544,9544,0,2046,964
9545,9545,0,2046,576
9546,9546,0,2047,268
9547,9547,0,2047,59
9548,9548,0,2046,0
9549,9549,0,2047,0
9550,9550,0,2046,102
9551,9551,0,2047,338
9552,9552,0,2047,668
9553,9553,0,2047,1074
9554,9554,0,2046,1534
9555,9555,0,2046,2021
9556,9556,0,2046,2509
9557,9557,0,2046,2972
9558,9558,0,2046,3382
9559,9559,0,2046,3718
9560,9560,0,2046,3962
9561,9561,0,2047,4095
9562,9562,0,2046,4095
9563,9563,0,2046,4030
9564,9564,0,2046,3827
9565,9565,0,2047,3525
9566,9566,0,2046,3142
9567,9567,0,2046,2697
9568,9568,0,2046,2215
9569,9569,0,2046,1725
9570,9570,0,2047,1251
9571,9571,0,2047,821
9572,9572,0,2046,458
9573,9573,0,2047,183
9574,9574,0,2046,11
9575,9575,0,2047,0
9576,9576,0,2046,4
9577,9577,0,2046,173
9578,9578,0,2047,443
9579,9579,0,2046,802
9580,9580,0,2046,1229
9581,9581,0,2046,1701
9582,9582,0,2046,2191
9583,9583,0,2046,2674
9584,9584,0,2047,3122
9585,9585,0,2046,3508
9586,9586,0,2047,3815
9587,9587,0,2046,4022
9588,9588,0,2047,4095
9589,9589,0,2047,4095
9590,9590,0,2047,3972
9591,9591,0,2046,3733
9592,9592,0,2046,3401
9593,9593,0,2046,2993
9594,9594,0,2046,2533
9595,9595,0,2046,2044
9596,9596,0,2046,1556
9597,9597,0,2046,1095
9598,9598,0,2047,687
9599,9599,0,2046,353
9600,9600,0,2046,111
9601,9601,0,2046,0
9602,9602,0,2046,0
9603,9603,0,2046,50
9604,9604,0,2046,255
9605,9605,0,2046,559
9606,9606,0,2046,943
9607,9607,0,2047,1389
9608,9608,0,2047,1871
9609,9609,0,2046,2361
9610,9610,0,2046,2834
9611,9611,0,2046,3263
9612,9612,0,2046,3625
9613,9613,0,2046,3899
9614,9614,0,2046,4069
9615,9615,0,2046,4095
9616,9616,0,2046,4070
9617,9617,0,2047,3900
9618,9618,0,2047,3627
9619,9619,0,2046,3267
9620,9620,0,2047,2837
9621,9621,0,2046,2365
9622,9622,0,2047,1874
9623,9623,0,2046,1392
9624,9624,0,2046,947
9625,9625,0,2046,561
9626,9626,0,2046,257
9627,9627,0,2046,52
9628,9628,0,2047,0
9629,9629,0,2046,0
9630,9630,0,2047,109
9631,9631,0,2046,351
9632,9632,0,2047,683
9633,9633,0,2046,1093
9634,9634,0,2046,1554
9635,9635,0,2047,2042
9636,9636,0,2046,2528
9637,9637,0,2046,2990
9638,9638,0,2047,3399
9639,9639,0,2046,3731
9640,9640,0,2046,3969
9641,9641,0,2046,4095
9642,9642,0,2046,4095
9643,9643,0,2046,4024
9644,9644,0,2046,3816
9645,9645,0,2046,3511
9646,9646,0,2046,3124
9647,9647,0,2046,2677
9648,9648,0,2046,2194
9649,9649,0,2047,1704
9650,9650,0,2047,1232
9651,9651,0,2046,804
9652,9652,0,2046,445
9653,9653,0,2046,174
9654,9654,0,2046,5
9655,9655,0,2047,0
9656,9656,0,2047,9
9657,9657,0,2046,182
9658,9658,0,2046,456
9659,9659,0,2046,819
9660,9660,0,2046,1249
9661,9661,0,2047,1722
9662,9662,0,2046,2213
9663,9663,0,2047,2694
9664,9664,0,2046,3139
9665,9665,0,2046,3523
9666,9666,0,2047,3826
9667,9667,0,2047,4029
9668,9668,0,2047,4095
9669,9669,0,2047,4095
9670,9670,0,2047,3963
9671,9671,0,2047,3720
9672,9672,0,2047,3385
9673,9673,0,2046,2975
9674,9674,0,2047,2513
9675,9675,0,2047,2024
9676,9676,0,2046,1537
9677,9677,0,2046,1077
9678,9678,0,2047,670
9679,9679,0,2046,340
9680,9680,0,2046,102
9681,9681,0,2046,0
9682,9682,0,2046,0
9683,9683,0,2046,56
9684,9684,0,2047,266
9685,9685,0,2046,572
9686,9686,0,2047,961
9687,9687,0,2047,1409
9688,9688,0,2046,1892
9689,9689,0,2047,2382
9690,9690,0,2047,2853
9691,9691,0,2046,3281
9692,9692,0,2046,3638
9693,9693,0,2046,3908
9694,9694,0,2046,4074
9695,9695,0,2046,4095
9696,9696,0,2046,4065
9697,9697,0,2046,3891
9698,9698,0,2046,3613
9699,9699,0,2047,3249
9700,9700,0,2046,2819
9701,9701,0,2047,2345
9702,9702,0,2047,1853
9703,9703,0,2046,1372
9704,9704,0,2046,929
9705,9705,0,2046,547
9706,9706,0,2047,246
9707,9707,0,2046,45
9708,9708,0,2046,0
9709,9709,0,2047,0
9710,9710,0,2046,118
9711,9711,0,2046,362
9712,9712,0,2046,700
9713,9713,0,2046,1112
9714,9714,0,2046,1574
9715,9715,0,2046,2063
9716,9716,0,2047,2550
9717,9717,0,2046,3008
9718,9718,0,2046,3414
9719,9719,0,2046,3743
9720,9720,0,2046,3978
9721,9721,0,2046,4095
9722,9722,0,2047,4095
9723,9723,0,2047,4017
9724,9724,0,2047,3806
9725,9725,0,2046,3497
9726,9726,0,2046,3106
9727,9727,0,2047,2657
9728,9728,0,2046,2173
9729,9729,0,2046,1683
9730,9730,0,2046,1213
9731,9731,0,2046,788
9732,9732,0,2046,432
9733,9733,0,2047,164
9734,9734,0,2046,1
9735,9735,0,2047,0
9736,9736,0,2047,15
9737,9737,0,2046,191
9738,9738,0,2046,470
9739,9739,0,2046,836
9740,9740,0,2046,1268
9741,9741,0,2046,1743
9742,9742,0,2046,2233
9743,9743,0,2046,2714
9744,9744,0,2046,3157
9745,9745,0,2047,3538
9746,9746,0,2046,3836
9747,9747,0,2046,4035
9748,9748,0,2046,4095
9749,9749,0,2046,4095
9750,9750,0,2045,3956
9751,9751,0,2047,3708
9752,9752,0,2047,3368
9753,9753,0,2047,2956
9754,9754,0,2047,2492
9755,9755,0,2046,2003
9756,9756,0,2046,1517
9757,9757,0,2046,1059
9758,9758,0,2047,655
9759,9759,0,2046,328
9760,9760,0,2046,95
9761,9761,0,2047,0
9762,9762,0,2046,0
9763,9763,0,2046,63
9764,9764,0,2046,277
9765,9765,0,2046,588
9766,9766,0,2047,979
9767,9767,0,2046,1429
9768,9768,0,2047,1913
9769,9769,0,2046,2403
9770,9770,0,2045,2873
9771,9771,0,2046,3297
9772,9772,0,2047,3652
9773,9773,0,2046,3918
9774,9774,0,2046,4078
9775,9775,0,2047,4095
9776,9776,0,2046,4060
9777,9777,0,2046,3881
9778,9778,0,2047,3599
9779,9779,0,2046,3232
9780,9780,0,2046,2799
9781,9781,0,2047,2323
9782,9782,0,2045,1832
9783,9783,0,2046,1352
9784,9784,0,2046,911
9785,9785,0,2046,531
9786,9786,0,2046,235
9787,9787,0,2047,39
9788,9788,0,2046,0
9789,9789,0,2046,0
9790,9790,0,2046,126
9791,9791,0,2046,375
9792,9792,0,2047,716
9793,9793,0,2046,1130
9794,9794,0,2047,1595
9795,9795,0,2047,2084
9796,9796,0,2047,2570
9797,9797,0,2047,3027
9798,9798,0,2047,3430
9799,9799,0,2047,3755
9800,9800,0,2047,3985
9801,9801,0,2047,4095
9802,9802,0,2046,4095
9803,9803,0,2047,4010
9804,9804,0,2046,3794
9805,9805,0,2047,3481
9806,9806,0,2047,3088
9807,9807,0,2046,2637
9808,9808,0,2046,2154
9809,9809,0,2046,1663
9810,9810,0,2046,1194
9811,9811,0,2047,771
9812,9812,0,2046,418
9813,9813,0,2046,155
9814,9814,0,2046,0
9815,9815,0,2046,0
9816,9816,0,2047,21
9817,9817,0,2046,202
9818,9818,0,2046,484
9819,9819,0,2046,852
9820,9820,0,2046,1287
9821,9821,0,2047,1763
9822,9822,0,2046,2255
9823,9823,0,2046,2733
9824,9824,0,2046,3174
9825,9825,0,2047,3552
9826,9826,0,2046,3847
9827,9827,0,2046,4041
9828,9828,0,2047,4095
9829,9829,0,2046,4093
9830,9830,0,2046,3947
9831,9831,0,2047,3695
9832,9832,0,2046,3352
9833,9833,0,2047,2937
9834,9834,0,2047,2471
9835,9835,0,2046,1982
9836,9836,0,2046,1496
9837,9837,0,2046,1041
9838,9838,0,2046,639
9839,9839,0,2047,316
9840,9840,0,2046,88
9841,9841,0,2046,0
9842,9842,0,2047,0
9843,9843,0,2046,70
9844,9844,0,2047,288
9845,9845,0,2046,603
9846,9846,0,2047,998
9847,9847,0,2046,1449
9848,9848,0,2047,1934
9849,9849,0,2046,2424
9850,9850,0,2047,2892
9851,9851,0,2047,3313
9852,9852,0,2046,3665
9853,9853,0,2046,3926
9854,9854,0,2047,4084
9855,9855,0,2047,4095
9856,9856,0,2046,4054
9857,9857,0,2046,3871
9858,9858,0,2046,3586
9859,9859,0,2046,3215
9860,9860,0,2046,2780
9861,9861,0,2046,2303
9862,9862,0,2047,1812
9863,9863,0,2047,1332
9864,9864,0,2047,893
9865,9865,0,2047,517
9866,9866,0,2046,225
9867,9867,0,2046,34
9868,9868,0,2046,0
9869,9869,0,2046,0
9870,9870,0,2047,135
9871,9871,0,2046,388
9872,9872,0,2046,732
9873,9873,0,2046,1149
9874,9874,0,2047,1615
9875,9875,0,2046,2104
9876,9876,0,2046,2590
9877,9877,0,2046,3046
9878,9878,0,2046,3446
9879,9879,0,2047,3767
9880,9880,0,2046,3993
9881,9881,0,2046,4095
9882,9882,0,2046,4095
9883,9883,0,2046,4003
9884,9884,0,2046,3783
9885,9885,0,2047,3465
9886,9886,0,2047,3070
9887,9887,0,2046,2618
9888,9888,0,2046,2133
9889,9889,0,2046,1643
9890,9890,0,2047,1174
9891,9891,0,2047,755
9892,9892,0,2046,405
9893,9893,0,2046,147
9894,9894,0,2046,0
9895,9895,0,2046,0
9896,9896,0,2046,25
9897,9897,0,2047,211
9898,9898,0,2046,498
9899,9899,0,2047,870
9900,9900,0,2047,1307
9901,9901,0,2047,1784
9902,9902,0,2047,2275
9903,9903,0,2046,2753
9904,9904,0,2046,3192
9905,9905,0,2046,3567
9906,9906,0,2047,3857
9907,9907,0,2046,4047
9908,9908,0,2047,4095
9909,9909,0,2046,4088
9910,9910,0,2046,3938
9911,9911,0,2046,3682
9912,9912,0,2047,3336
9913,9913,0,2047,2918
9914,9914,0,2046,2451
9915,9915,0,2047,1961
9916,9916,0,2047,1476
9917,9917,0,2047,1022
9918,9918,0,2047,623
9919,9919,0,2046,304
9920,9920,0,2046,80
9921,9921,0,2047,0
9922,9922,0,2046,0
9923,9923,0,2046,78
9924,9924,0,2046,300
9925,9925,0,2046,618
9926,9926,0,2047,1016
9927,9927,0,2046,1468
9928,9928,0,2046,1955
9929,9929,0,2046,2444
9930,9930,0,2046,2911
9931,9931,0,2047,3331
9932,9932,0,2046,3678
9933,9933,0,2046,3935
9934,9934,0,2047,4087
9935,9935,0,2046,4095
9936,9936,0,2046,4049
9937,9937,0,2047,3861
9938,9938,0,2046,3572
9939,9939,0,2046,3198
9940,9940,0,2047,2760
9941,9941,0,2046,2282
9942,9942,0,2046,1791
9943,9943,0,2046,1314
9944,9944,0,2046,876
9945,9945,0,2046,503
9946,9946,0,2046,216
9947,9947,0,2047,27
9948,9948,0,2046,0
9949,9949,0,2046,0
9950,9950,0,2047,143
9951,9951,0,2046,401
9952,9952,0,2047,749
9953,9953,0,2046,1168
9954,9954,0,2046,1636
9955,9955,0,2046,2125
9956,9956,0,2046,2611
9957,9957,0,2046,3063
9958,9958,0,2046,3460
9959,9959,0,2046,3779
9960,9960,0,2047,4000
9961,9961,0,2046,4095
9962,9962,0,2046,4095
9963,9963,0,2047,3996
9964,9964,0,2047,3771
9965,9965,0,2046,3450
9966,9966,0,2046,3052
9967,9967,0,2047,2597
9968,9968,0,2047,2112
9969,9969,0,2046,1622
9970,9970,0,2047,1155
9971,9971,0,2046,739
9972,9972,0,2047,392
9973,9973,0,2046,137
9974,9974,0,2047,0
9975,9975,0,2047,0
9976,9976,0,2047,32
9977,9977,0,2046,222
9978,9978,0,2047,512
9979,9979,0,2046,887
9980,9980,0,2046,1327
9981,9981,0,2047,1805
9982,9982,0,2046,2297
9983,9983,0,2047,2772
9984,9984,0,2047,3209
9985,9985,0,2046,3581
9986,9986,0,2047,3867
9987,9987,0,2047,4052
9988,9988,0,2047,4095
9989,9989,0,2046,4084
9990,9990,0,2046,3929
9991,9991,0,2046,3669
9992,9992,0,2046,3320
9993,9993,0,2046,2899
9994,9994,0,2047,2431
9995,9995,0,2047,1941
9996,9996,0,2047,1456
9997,9997,0,2046,1004
9998,9998,0,2046,609
9999,9999,0,2047,293
10000,10000,0,2046,73
10001,10001,0,2046,0
10002,10002,0,2046,0
10003,10003,0,2047,85
10004,10004,0,2046,312
10005,10005,0,2046,634
10006,10006,0,2047,1034
10007,10007,0,2046,1489
10008,10008,0,2046,1975
10009,10009,0,2046,2465
10010,10010,0,2046,2930
10011,10011,0,2047,3347
10012,10012,0,2046,3691
10013,10013,0,2046,3944
10014,10014,0,2046,4091
10015,10015,0,2046,4095
10016,10016,0,2047,4044
10017,10017,0,2046,3850
10018,10018,0,2047,3557
10019,10019,0,2047,3180
10020,10020,0,2046,2740
10021,10021,0,2046,2261
10022,10022,0,2046,1770
10023,10023,0,2046,1293
10024,10024,0,2047,859
10025,10025,0,2047,489
10026,10026,0,2046,205
10027,10027,0,2046,22
10028,10028,0,2047,0
10029,10029,0,2047,0
10030,10030,0,2047,152
10031,10031,0,2046,414
10032,10032,0,2047,765
10033,10033,0,2046,1186
10034,10034,0,2047,1656
10035,10035,0,2046,2146
10036,10036,0,2047,2630
10037,10037,0,2046,3083
10038,10038,0,2046,3475
10039,10039,0,2046,3790
10040,10040,0,2047,4008
10041,10041,0,2046,4095
10042,10042,0,2046,4095
10043,10043,0,2046,3989
10044,10044,0,2047,3759
10045,10045,0,2046,3435
10046,10046,0,2046,3033
10047,10047,0,2047,2577
10048,10048,0,2047,2091
10049,10049,0,2047,1602
10050,10050,0,2047,1136
10051,10051,0,2047,722
10052,10052,0,2046,380
10053,10053,0,2047,129
10054,10054,0,2047,0
10055,10055,0,2047,0
10056,10056,0,2046,37
10057,10057,0,2046,232
10058,10058,0,2047,527
10059,10059,0,2046,906
10060,10060,0,2046,1346
10061,10061,0,2047,1825
10062,10062,0,2046,2316
10063,10063,0,2046,2793
10064,10064,0,2046,3227
10065,10065,0,2046,3595
10066,10066,0,2047,3877
10067,10067,0,2046,4058
10068,10068,0,2046,4095
10069,10069,0,2046,4080
10070,10070,0,2046,3920
10071,10071,0,2046,3656
10072,10072,0,2046,3304
10073,10073,0,2047,2880
10074,10074,0,2046,2410
10075,10075,0,2047,1920
10076,10076,0,2047,1436
10077,10077,0,2046,986
10078,10078,0,2046,594
10079,10079,0,2046,282
10080,10080,0,2047,66
10081,10081,0,2047,0
10082,10082,0,2046,0
10083,10083,0,2047,93
10084,10084,0,2046,323
10085,10085,0,2046,650
10086,10086,0,2047,1052
10087,10087,0,2046,1509
10088,10088,0,2047,1996
10089,10089,0,2046,2485
10090,10090,0,2046,2949
10091,10091,0,2047,3363
10092,10092,0,2047,3704
10093,10093,0,2046,3952
10094,10094,0,2046,4095
10095,10095,0,2046,4095
10096,10096,0,2046,4038
10097,10097,0,2047,3840
10098,10098,0,2046,3543
10099,10099,0,2046,3163
10100,10100,0,2047,2721
10101,10101,0,2047,2240
10102,10102,0,2046,1749
10103,10103,0,2047,1274
10104,10104,0,2047,841
10105,10105,0,2046,475
10106,10106,0,2046,194
10107,10107,0,2046,17
10108,10108,0,2047,0
10109,10109,0,2047,0
10110,10110,0,2046,161
10111,10111,0,2046,427
10112,10112,0,2047,782
10113,10113,0,2046,1207
10114,10114,0,2047,1677
10115,10115,0,2046,2167
10116,10116,0,2046,2651
10117,10117,0,2047,3100
10118,10118,0,2046,3490
10119,10119,0,2046,3802
10120,10120,0,2047,4014
10121,10121,0,2046,4095
10122,10122,0,2046,4095
10123,10123,0,2046,3980
10124,10124,0,2046,3748
10125,10125,0,2046,3419
10126,10126,0,2046,3015
10127,10127,0,2046,2557
10128,10128,0,2046,2071
10129,10129,0,2047,1580
10130,10130,0,2046,1118
10131,10131,0,2047,705
10132,10132,0,2046,367
10133,10133,0,2047,121
10134,10134,0,2046,0
10135,10135,0,2046,0
10136,10136,0,2047,42
10137,10137,0,2046,243
10138,10138,0,2047,541
10139,10139,0,2047,922
10140,10140,0,2046,1366
10141,10141,0,2046,1847
10142,10142,0,2046,2337
10143,10143,0,2046,2812
10144,10144,0,2046,3243
10145,10145,0,2047,3610
10146,10146,0,2046,3887
10147,10147,0,2046,4064
10148,10148,0,2047,4095
10149,10149,0,2047,4076
10150,10150,0,2047,3911
10151,10151,0,2046,3643
10152,10152,0,2047,3286
10153,10153,0,2047,2861
10154,10154,0,2046,2389
10155,10155,0,2047,1899
10156,10156,0,2047,1416
10157,10157,0,2046,968
10158,10158,0,2046,579
10159,10159,0,2047,270
10160,10160,0,2046,59
10161,10161,0,2046,0
10162,10162,0,2047,0
10163,10163,0,2046,100
10164,10164,0,2046,335
10165,10165,0,2047,665
10166,10166,0,2046,1071
10167,10167,0,2046,1529
10168,10168,0,2046,2017
10169,10169,0,2046,2506
10170,10170,0,2047,2968
10171,10171,0,2046,3379
10172,10172,0,2046,3716
10173,10173,0,2046,3960
10174,10174,0,2047,4095
10175,10175,0,2046,4095
10176,10176,0,2046,4031
10177,10177,0,2046,3829
10178,10178,0,2047,3528
10179,10179,0,2046,3146
10180,10180,0,2046,2701
10181,10181,0,2047,2220
10182,10182,0,2045,1729
10183,10183,0,2047,1255
10184,10184,0,2046,824
10185,10185,0,2046,461
10186,10186,0,2046,185
10187,10187,0,2047,11
10188,10188,0,2046,0
10189,10189,0,2047,4
10190,10190,0,2046,171
10191,10191,0,2046,440
10192,10192,0,2046,798
10193,10193,0,2046,1225
10194,10194,0,2046,1698
10195,10195,0,2047,2188
10196,10196,0,2046,2670
10197,10197,0,2047,3118
10198,10198,0,2046,3505
10199,10199,0,2046,3812
10200,10200,0,2046,4021
10201,10201,0,2046,4095
10202,10202,0,2046,4095
10203,10203,0,2046,3973
10204,10204,0,2046,3735
10205,10205,0,2046,3404
10206,10206,0,2046,2996
10207,10207,0,2046,2536
10208,10208,0,2046,2049
10209,10209,0,2047,1561
10210,10210,0,2047,1099
10211,10211,0,2046,689
10212,10212,0,2047,354
10213,10213,0,2046,113
10214,10214,0,2047,0
10215,10215,0,2046,0
10216,10216,0,2047,50
10217,10217,0,2046,254
10218,10218,0,2046,556
10219,10219,0,2046,940
10220,10220,0,2046,1386
10221,10221,0,2047,1867
10222,10222,0,2047,2358
10223,10223,0,2046,2832
10224,10224,0,2046,3261
10225,10225,0,2046,3623
10226,10226,0,2047,3897
10227,10227,0,2046,4068
10228,10228,0,2046,4095
10229,10229,0,2046,4071
10230,10230,0,2046,3901
10231,10231,0,2046,3630
10232,10232,0,2046,3269
10233,10233,0,2046,2841
10234,10234,0,2046,2368
10235,10235,0,2047,1878
10236,10236,0,2046,1396
10237,10237,0,2047,950
10238,10238,0,2046,564
10239,10239,0,2046,259
10240,10240,0,2046,53
10241,10241,0,2046,0
10242,10242,0,2047,0
10243,10243,0,2046,108
10244,10244,0,2046,348
10245,10245,0,2046,682
10246,10246,0,2045,1089
10247,10247,0,2047,1550
10248,10248,0,2047,2038
10249,10249,0,2046,2526
10250,10250,0,2046,2986
10251,10251,0,2046,3395
10252,10252,0,2047,3728
10253,10253,0,2046,3969
10254,10254,0,2046,4095
10255,10255,0,2046,4095
10256,10256,0,2046,4025
10257,10257,0,2046,3819
10258,10258,0,2046,3514
10259,10259,0,2046,3127
10260,10260,0,2046,2681
10261,10261,0,2047,2199
10262,10262,0,2046,1708
10263,10263,0,2046,1236
10264,10264,0,2047,807
10265,10265,0,2046,447
10266,10266,0,2047,175
10267,10267,0,2046,6
10268,10268,0,2047,0
10269,10269,0,2047,8
10270,10270,0,2046,179
10271,10271,0,2047,454
10272,10272,0,2046,815
10273,10273,0,2046,1244
10274,10274,0,2046,1718
10275,10275,0,2046,2209
10276,10276,0,2046,2690
10277,10277,0,2046,3136
10278,10278,0,2046,3521
10279,10279,0,2047,3824
10280,10280,0,2046,4027
10281,10281,0,2046,4095
10282,10282,0,2047,4095
10283,10283,0,2046,3965
10284,10284,0,2046,3723
10285,10285,0,2046,3387
10286,10286,0,2047,2978
10287,10287,0,2047,2516
10288,10288,0,2045,2029
10289,10289,0,2046,1540
10290,10290,0,2047,1081
10291,10291,0,2046,675
10292,10292,0,2047,342
10293,10293,0,2047,104
10294,10294,0,2047,0
10295,10295,0,2046,0
10296,10296,0,2046,56
10297,10297,0,2046,264
10298,10298,0,2046,571
10299,10299,0,2046,958
10300,10300,0,2046,1405
10301,10301,0,2046,1888
10302,10302,0,2047,2378
10303,10303,0,2046,2851
10304,10304,0,2046,3278
10305,10305,0,2046,3636
10306,10306,0,2047,3907
10307,10307,0,2047,4073
10308,10308,0,2046,4095
10309,10309,0,2046,4065
10310,10310,0,2046,3892
10311,10311,0,2047,3616
10312,10312,0,2046,3253
10313,10313,0,2046,2822
10314,10314,0,2047,2349
10315,10315,0,2046,1857
10316,10316,0,2047,1377
10317,10317,0,2046,932
10318,10318,0,2046,549
10319,10319,0,2047,248
10320,10320,0,2046,46
10321,10321,0,2047,0
10322,10322,0,2046,0
10323,10323,0,2047,116
10324,10324,0,2047,360
10325,10325,0,2048,697
10326,10326,0,2047,1108
10327,10327,0,2046,1570
10328,10328,0,2047,2058
10329,10329,0,2046,2545
10330,10330,0,2046,3005
10331,10331,0,2046,3411
10332,10332,0,2047,3741
10333,10333,0,2046,3977
10334,10334,0,2046,4095
10335,10335,0,2047,4095
10336,10336,0,2046,4019
10337,10337,0,2046,3808
10338,10338,0,2046,3500
10339,10339,0,2047,3110
10340,10340,0,2046,2662
10341,10341,0,2047,2178
10342,10342,0,2047,1688
10343,10343,0,2047,1217
10344,10344,0,2047,791
10345,10345,0,2047,434
10346,10346,0,2046,166
10347,10347,0,2046,2
10348,10348,0,2046,0
10349,10349,0,2046,13
10350,10350,0,2046,189
10351,10351,0,2047,468
10352,10352,0,2047,832
10353,10353,0,2046,1264
10354,10354,0,2046,1739
10355,10355,0,2046,2229
10356,10356,0,2047,2710
10357,10357,0,2047,3153
10358,10358,0,2046,3535
10359,10359,0,2047,3834
10360,10360,0,2047,4033
10361,10361,0,2046,4095
10362,10362,0,2046,4095
10363,10363,0,2046,3957
10364,10364,0,2046,3711
10365,10365,0,2046,3372
10366,10366,0,2046,2960
10367,10367,0,2046,2497
10368,10368,0,2047,2008
10369,10369,0,2047,1521
10370,10370,0,2047,1062
10371,10371,0,2046,658
10372,10372,0,2046,330
10373,10373,0,2047,96
10374,10374,0,2046,0
10375,10375,0,2046,0
10376,10376,0,2047,62
10377,10377,0,2046,275
10378,10378,0,2047,585
10379,10379,0,2046,975
10380,10380,0,2047,1425
10381,10381,0,2047,1909
10382,10382,0,2046,2399
10383,10383,0,2046,2869
10384,10384,0,2047,3294
10385,10385,0,2047,3649
10386,10386,0,2047,3916
10387,10387,0,2047,4078
10388,10388,0,2047,4095
10389,10389,0,2047,4061
10390,10390,0,2046,3883
10391,10391,0,2046,3603
10392,10392,0,2046,3236
10393,10393,0,2047,2803
10394,10394,0,2046,2328
10395,10395,0,2047,1837
10396,10396,0,2046,1357
10397,10397,0,2046,915
10398,10398,0,2047,534
10399,10399,0,2046,238
10400,10400,0,2047,40
10401,10401,0,2046,0
10402,10402,0,2046,0
10403,10403,0,2046,124
10404,10404,0,2047,372
10405,10405,0,2047,713
10406,10406,0,2047,1127
10407,10407,0,2046,1590
10408,10408,0,2046,2079
10409,10409,0,2046,2566
10410,10410,0,2046,3023
10411,10411,0,2046,3426
10412,10412,0,2046,3753
10413,10413,0,2047,3984
10414,10414,0,2046,4095
10415,10415,0,2046,4095
10416,10416,0,2047,4011
10417,10417,0,2046,3796
10418,10418,0,2047,3484
10419,10419,0,2047,3092
10420,10420,0,2046,2641
10421,10421,0,2047,2157
10422,10422,0,2047,1667
10423,10423,0,2046,1197
10424,10424,0,2047,774
10425,10425,0,2046,420
10426,10426,0,2046,157
10427,10427,0,2046,0
10428,10428,0,2046,0
10429,10429,0,2046,19
10430,10430,0,2046,200
10431,10431,0,2046,481
10432,10432,0,2046,850
10433,10433,0,2046,1284
10434,10434,0,2046,1759
10435,10435,0,2047,2250
10436,10436,0,2047,2730
10437,10437,0,2047,3171
10438,10438,0,2047,3549
10439,10439,0,2047,3845
10440,10440,0,2046,4040
10441,10441,0,2046,4095
10442,10442,0,2047,4093
10443,10443,0,2046,3949
10444,10444,0,2046,3697
10445,10445,0,2046,3356
10446,10446,0,2047,2941
10447,10447,0,2047,2476
10448,10448,0,2047,1987
10449,10449,0,2047,1501
10450,10450,0,2046,1044
10451,10451,0,2046,643
10452,10452,0,2046,319
10453,10453,0,2047,89
10454,10454,0,2046,0
10455,10455,0,2047,0
10456,10456,0,2047,69
10457,10457,0,2046,286
10458,10458,0,2046,600
10459,10459,0,2047,994
10460,10460,0,2046,1445
10461,10461,0,2046,1929
10462,10462,0,2047,2419
10463,10463,0,2046,2889
10464,10464,0,2047,3310
10465,10465,0,2046,3663
10466,10466,0,2046,3925
10467,10467,0,2047,4083
10468,10468,0,2046,4095
10469,10469,0,2047,4055
10470,10470,0,2046,3873
10471,10471,0,2046,3588
10472,10472,0,2046,3219
10473,10473,0,2047,2784
10474,10474,0,2046,2307
10475,10475,0,2046,1816
10476,10476,0,2046,1337
10477,10477,0,2046,897
10478,10478,0,2046,520
10479,10479,0,2047,228
10480,10480,0,2046,35
10481,10481,0,2046,0
10482,10482,0,2047,0
10483,10483,0,2047,132
10484,10484,0,2046,385
10485,10485,0,2047,729
10486,10486,0,2047,1145
10487,10487,0,2047,1611
10488,10488,0,2046,2100
10489,10489,0,2046,2586
10490,10490,0,2047,3042
10491,10491,0,2046,3442
10492,10492,0,2046,3765
10493,10493,0,2046,3992
10494,10494,0,2046,4095
10495,10495,0,2046,4095
10496,10496,0,2047,4004
10497,10497,0,2047,3785
10498,10498,0,2046,3469
10499,10499,0,2046,3073
10500,10500,0,2046,2621
10501,10501,0,2046,2137
10502,10502,0,2047,1647
10503,10503,0,2046,1179
10504,10504,0,2047,758
10505,10505,0,2046,408
10506,10506,0,2046,148
10507,10507,0,2047,0
10508,10508,0,2046,0
10509,10509,0,2047,24
10510,10510,0,2046,209
10511,10511,0,2046,496
10512,10512,0,2046,867
10513,10513,0,2046,1302
10514,10514,0,2046,1780
10515,10515,0,2047,2271
10516,10516,0,2046,2749
10517,10517,0,2047,3188
10518,10518,0,2046,3564
10519,10519,0,2046,3856
10520,10520,0,2047,4046
10521,10521,0,2047,4095
10522,10522,0,2047,4089
10523,10523,0,2047,3940
10524,10524,0,2046,3685
10525,10525,0,2047,3340
10526,10526,0,2047,2922
10527,10527,0,2047,2455
10528,10528,0,2047,1966
10529,10529,0,2047,1481
10530,10530,0,2046,1026
10531,10531,0,2046,627
10532,10532,0,2046,307
10533,10533,0,2046,82
10534,10534,0,2046,0
10535,10535,0,2046,0
10536,10536,0,2046,77
10537,10537,0,2047,298
10538,10538,0,2047,615
10539,10539,0,2046,1011
10540,10540,0,2046,1464
10541,10541,0,2046,1950
10542,10542,0,2047,2440
10543,10543,0,2047,2907
10544,10544,0,2046,3327
10545,10545,0,2046,3676
10546,10546,0,2047,3934
10547,10547,0,2047,4086
10548,10548,0,2047,4095
10549,10549,0,2047,4050
10550,10550,0,2046,3863
10551,10551,0,2047,3575
10552,10552,0,2046,3201
10553,10553,0,2046,2764
10554,10554,0,2046,2287
10555,10555,0,2046,1796
10556,10556,0,2047,1317
10557,10557,0,2046,879
10558,10558,0,2046,506
10559,10559,0,2046,217
10560,10560,0,2046,28
10561,10561,0,2047,0
10562,10562,0,2046,0
10563,10563,0,2046,141
10564,10564,0,2046,399
10565,10565,0,2046,745
10566,10566,0,2047,1165
10567,10567,0,2047,1632
10568,10568,0,2046,2121
10569,10569,0,2046,2606
10570,10570,0,2046,3060
10571,10571,0,2046,3457
10572,10572,0,2046,3776
10573,10573,0,2046,3999
10574,10574,0,2047,4095
10575,10575,0,2047,4095
10576,10576,0,2047,3997
10577,10577,0,2047,3774
10578,10578,0,2046,3453
10579,10579,0,2046,3055
10580,10580,0,2046,2601
10581,10581,0,2046,2116
10582,10582,0,2046,1626
10583,10583,0,2046,1159
10584,10584,0,2046,741
10585,10585,0,2046,395
10586,10586,0,2046,139
10587,10587,0,2047,0
10588,10588,0,2046,0
10589,10589,0,2046,30
10590,10590,0,2047,220
10591,10591,0,2046,510
10592,10592,0,2046,884
10593,10593,0,2047,1322
10594,10594,0,2046,1801
10595,10595,0,2047,2292
10596,10596,0,2046,2768
10597,10597,0,2046,3206
10598,10598,0,2047,3578
10599,10599,0,2046,3866
10600,10600,0,2046,4051
10601,10601,0,2047,4095
10602,10602,0,2045,4086
10603,10603,0,2046,3931
10604,10604,0,2046,3672
10605,10605,0,2046,3323
10606,10606,0,2046,2903
10607,10607,0,2046,2435
10608,10608,0,2046,1945
10609,10609,0,2046,1460
10610,10610,0,2046,1007
10611,10611,0,2046,612
10612,10612,0,2047,295
10613,10613,0,2047,74
10614,10614,0,2047,0
10615,10615,0,2046,0
10616,10616,0,2046,85
10617,10617,0,2046,310
10618,10618,0,2046,631
10619,10619,0,2047,1030
10620,10620,0,2046,1485
10621,10621,0,2046,1971
10622,10622,0,2046,2460
10623,10623,0,2046,2926
10624,10624,0,2047,3343
10625,10625,0,2047,3689
10626,10626,0,2046,3942
10627,10627,0,2047,4090
10628,10628,0,2047,4095
10629,10629,0,2047,4044
10630,10630,0,2046,3852
10631,10631,0,2046,3560
10632,10632,0,2046,3184
10633,10633,0,2046,2744
10634,10634,0,2046,2265
10635,10635,0,2046,1775
10636,10636,0,2047,1298
10637,10637,0,2046,862
10638,10638,0,2046,492
10639,10639,0,2046,206
10640,10640,0,2046,23
10641,10641,0,2046,0
10642,10642,0,2046,0
10643,10643,0,2046,150
10644,10644,0,2046,411
10645,10645,0,2046,762
10646,10646,0,2047,1183
10647,10647,0,2046,1653
10648,10648,0,2046,2142
10649,10649,0,2046,2626
10650,10650,0,2046,3079
10651,10651,0,2047,3472
10652,10652,0,2046,3788
10653,10653,0,2046,4006
10654,10654,0,2047,4095
10655,10655,0,2046,4095
10656,10656,0,2046,3990
10657,10657,0,2047,3761
10658,10658,0,2046,3438
10659,10659,0,2046,3037
10660,10660,0,2046,2581
10661,10661,0,2046,2095
10662,10662,0,2047,1606
10663,10663,0,2047,1141
10664,10664,0,2047,724
10665,10665,0,2047,382
10666,10666,0,2047,131
10667,10667,0,2046,0
10668,10668,0,2046,0
10669,10669,0,2046,36
10670,10670,0,2046,230
10671,10671,0,2046,523
10672,10672,0,2046,902
10673,10673,0,2046,1342
10674,10674,0,2047,1821
10675,10675,0,2047,2312
10676,10676,0,2046,2788
10677,10677,0,2046,3223
10678,10678,0,2046,3592
10679,10679,0,2046,3876
10680,10680,0,2046,4056
10681,10681,0,2046,4095
10682,10682,0,2046,4081
10683,10683,0,2046,3922
10684,10684,0,2046,3659
10685,10685,0,2046,3306
10686,10686,0,2046,2884
10687,10687,0,2046,2414
10688,10688,0,2046,1924
10689,10689,0,2046,1441
10690,10690,0,2046,989
10691,10691,0,2047,596
10692,10692,0,2046,283
10693,10693,0,2047,67
10694,10694,0,2046,0
10695,10695,0,2046,0
10696,10696,0,2047,91
10697,10697,0,2046,321
10698,10698,0,2046,646
10699,10699,0,2047,1049
10700,10700,0,2047,1505
10701,10701,0,2047,1992
10702,10702,0,2046,2481
10703,10703,0,2046,2945
10704,10704,0,2047,3360
10705,10705,0,2047,3701
10706,10706,0,2046,3950
10707,10707,0,2046,4094
10708,10708,0,2046,4095
10709,10709,0,2046,4038
10710,10710,0,2046,3843
10711,10711,0,2046,3546
10712,10712,0,2047,3167
10713,10713,0,2047,2725
10714,10714,0,2046,2245
10715,10715,0,2046,1754
10716,10716,0,2046,1278
10717,10717,0,2047,845
10718,10718,0,2047,478
10719,10719,0,2046,197
10720,10720,0,2046,18
10721,10721,0,2046,0
10722,10722,0,2046,0
10723,10723,0,2046,159
10724,10724,0,2046,424
10725,10725,0,2046,778
10726,10726,0,2046,1202
10727,10727,0,2046,1672
10728,10728,0,2046,2163
10729,10729,0,2046,2646
10730,10730,0,2047,3096
10731,10731,0,2046,3488
10732,10732,0,2046,3800
10733,10733,0,2047,4013
10734,10734,0,2046,4095
10735,10735,0,2046,4095
10736,10736,0,2046,3982
10737,10737,0,2046,3749
10738,10738,0,2046,3423
10739,10739,0,2047,3019
10740,10740,0,2047,2561
10741,10741,0,2046,2074
10742,10742,0,2046,1586
10743,10743,0,2046,1122
10744,10744,0,2047,710
10745,10745,0,2046,369
10746,10746,0,2046,122
10747,10747,0,2046,0
10748,10748,0,2046,0
10749,10749,0,2046,42
10750,10750,0,2046,241
10751,10751,0,2046,538
10752,10752,0,2047,919
10753,10753,0,2046,1362
10754,10754,0,2047,1841
10755,10755,0,2047,2332
10756,10756,0,2047,2807
10757,10757,0,2047,3241
10758,10758,0,2046,3607
10759,10759,0,2046,3885
10760,10760,0,2046,4063
10761,10761,0,2046,4095
10762,10762,0,2046,4077
10763,10763,0,2047,3913
10764,10764,0,2046,3647
10765,10765,0,2046,3290
10766,10766,0,2047,2865
10767,10767,0,2046,2393
10768,10768,0,2046,1903
10769,10769,0,2047,1421
10770,10770,0,2047,972
10771,10771,0,2047,582
10772,10772,0,2047,272
10773,10773,0,2047,61
10774,10774,0,2046,0
10775,10775,0,2046,0
10776,10776,0,2048,98
10777,10777,0,2046,333
10778,10778,0,2046,662
10779,10779,0,2047,1067
10780,10780,0,2046,1526
10781,10781,0,2047,2013
10782,10782,0,2046,2501
10783,10783,0,2047,2964
10784,10784,0,2047,3375
10785,10785,0,2047,3713
10786,10786,0,2046,3960
10787,10787,0,2046,4095
10788,10788,0,2046,4095
10789,10789,0,2047,4032
10790,10790,0,2046,3831
10791,10791,0,2047,3531
10792,10792,0,2046,3148
10793,10793,0,2047,2705
10794,10794,0,2046,2224
10795,10795,0,2047,1733
10796,10796,0,2047,1259
10797,10797,0,2046,828
10798,10798,0,2046,464
10799,10799,0,2047,187
10800,10800,0,2046,12
10801,10801,0,2046,0
10802,10802,0,2047,3
10803,10803,0,2046,169
10804,10804,0,2047,438
10805,10805,0,2047,796
10806,10806,0,2046,1221
10807,10807,0,2046,1693
10808,10808,0,2046,2184
10809,10809,0,2046,2667
10810,10810,0,2047,3114
10811,10811,0,2047,3503
10812,10812,0,2046,3810
10813,10813,0,2046,4020
10814,10814,0,2046,4095
10815,10815,0,2047,4095
10816,10816,0,2047,3975
10817,10817,0,2046,3736
10818,10818,0,2046,3407
10819,10819,0,2047,3001
10820,10820,0,2046,2541
10821,10821,0,2046,2053
10822,10822,0,2046,1565
10823,10823,0,2046,1103
10824,10824,0,2046,693
10825,10825,0,2046,357
10826,10826,0,2047,114
10827,10827,0,2046,0
10828,10828,0,2046,0
10829,10829,0,2046,47
10830,10830,0,2046,250
10831,10831,0,2046,553
10832,10832,0,2046,937
10833,10833,0,2047,1381
10834,10834,0,2047,1863
10835,10835,0,2046,2354
10836,10836,0,2047,2827
10837,10837,0,2046,3257
10838,10838,0,2046,3620
10839,10839,0,2045,3895
10840,10840,0,2046,4067
10841,10841,0,2046,4095
10842,10842,0,2046,4071
10843,10843,0,2046,3904
10844,10844,0,2047,3632
10845,10845,0,2047,3273
10846,10846,0,2046,2846
10847,10847,0,2046,2373
10848,10848,0,2047,1882
10849,10849,0,2047,1400
10850,10850,0,2047,954
10851,10851,0,2046,567
10852,10852,0,2047,261
10853,10853,0,2046,54
10854,10854,0,2046,0
10855,10855,0,2047,0
10856,10856,0,2046,106
10857,10857,0,2047,345
10858,10858,0,2046,678
10859,10859,0,2046,1085
10860,10860,0,2047,1546
10861,10861,0,2046,2033
10862,10862,0,2046,2521
10863,10863,0,2047,2983
10864,10864,0,2046,3392
10865,10865,0,2046,3726
10866,10866,0,2046,3967
10867,10867,0,2046,4095
10868,10868,0,2046,4095
10869,10869,0,2046,4025
10870,10870,0,2046,3821
10871,10871,0,2046,3517
10872,10872,0,2047,3131
10873,10873,0,2046,2685
10874,10874,0,2047,2203
10875,10875,0,2047,1712
10876,10876,0,2047,1240
10877,10877,0,2046,810
10878,10878,0,2046,450
10879,10879,0,2046,177
10880,10880,0,2047,8
10881,10881,0,2046,0
10882,10882,0,2046,8
10883,10883,0,2046,178
10884,10884,0,2046,451
10885,10885,0,2046,812
10886,10886,0,2046,1240
10887,10887,0,2046,1714
10888,10888,0,2046,2205
10889,10889,0,2046,2687
10890,10890,0,2046,3132
10891,10891,0,2047,3518
10892,10892,0,2047,3822
10893,10893,0,2046,4026
10894,10894,0,2046,4095
10895,10895,0,2046,4095
10896,10896,0,2046,3966
10897,10897,0,2046,3725
10898,10898,0,2046,3391
10899,10899,0,2046,2982
10900,10900,0,2047,2520
10901,10901,0,2047,2033
10902,10902,0,2047,1545
10903,10903,0,2046,1084
10904,10904,0,2047,677
10905,10905,0,2047,344
10906,10906,0,2046,106
10907,10907,0,2047,0
10908,10908,0,2047,0
10909,10909,0,2046,55
10910,10910,0,2046,262
10911,10911,0,2046,567
10912,10912,0,2047,954
10913,10913,0,2046,1401
10914,10914,0,2046,1884
10915,10915,0,2046,2374
10916,10916,0,2046,2846
10917,10917,0,2046,3274
10918,10918,0,2046,3633
10919,10919,0,2046,3905
10920,10920,0,2047,4073
10921,10921,0,2046,4095
10922,10922,0,2047,4067
10923,10923,0,2046,3894
10924,10924,0,2047,3619
10925,10925,0,2046,3256
10926,10926,0,2047,2827
10927,10927,0,2046,2352
10928,10928,0,2046,1862
10929,10929,0,2047,1380
10930,10930,0,2046,936
10931,10931,0,2046,552
10932,10932,0,2047,250
10933,10933,0,2047,47
10934,10934,0,2046,0
10935,10935,0,2046,0
10936,10936,0,2047,115
10937,10937,0,2047,358
10938,10938,0,2047,694
10939,10939,0,2047,1104
10940,10940,0,2046,1566
10941,10941,0,2046,2054
10942,10942,0,2047,2542
10943,10943,0,2047,3001
10944,10944,0,2046,3408
10945,10945,0,2046,3738
10946,10946,0,2047,3975
10947,10947,0,2046,4095
10948,10948,0,2046,4095
10949,10949,0,2046,4019
10950,10950,0,2047,3810
10951,10951,0,2046,3502
10952,10952,0,2046,3113
10953,10953,0,2046,2665
10954,10954,0,2046,2182
10955,10955,0,2047,1692
10956,10956,0,2046,1220
10957,10957,0,2046,794
10958,10958,0,2046,437
10959,10959,0,2047,168
10960,10960,0,2046,3
10961,10961,0,2047,0
10962,10962,0,2047,13
10963,10963,0,2047,188
10964,10964,0,2046,465
10965,10965,0,2047,830
10966,10966,0,2047,1260
10967,10967,0,2047,1734
10968,10968,0,2046,2226
10969,10969,0,2047,2706
10970,10970,0,2047,3150
10971,10971,0,2046,3532
10972,10972,0,2047,3832
10973,10973,0,2046,4033
10974,10974,0,2046,4095
10975,10975,0,2047,4095
10976,10976,0,2046,3959
10977,10977,0,2047,3713
10978,10978,0,2047,3375
10979,10979,0,2046,2963
10980,10980,0,2047,2501
10981,10981,0,2047,2012
10982,10982,0,2047,1525
10983,10983,0,2047,1066
10984,10984,0,2046,662
10985,10985,0,2047,332
10986,10986,0,2046,98
10987,10987,0,2046,0
10988,10988,0,2046,0
10989,10989,0,2047,61
10990,10990,0,2046,273
10991,10991,0,2047,583
10992,10992,0,2046,972
10993,10993,0,2047,1421
10994,10994,0,2047,1905
10995,10995,0,2047,2396
10996,10996,0,2046,2866
10997,10997,0,2046,3291
10998,10998,0,2046,3647
10999,10999,0,2046,3914
11000,11000,0,2047,4077
11001,11001,0,2046,4095
11002,11002,0,2046,4062
11003,11003,0,2046,3885
11004,11004,0,2046,3605
11005,11005,0,2046,3239
11006,11006,0,2047,2807
11007,11007,0,2047,2331
11008,11008,0,2046,1841
11009,11009,0,2046,1361
11010,11010,0,2046,918
11011,11011,0,2046,538
11012,11012,0,2046,240
11013,11013,0,2046,41
11014,11014,0,2047,0
11015,11015,0,2046,0
11016,11016,0,2046,123
11017,11017,0,2046,370
11018,11018,0,2047,710
11019,11019,0,2046,1123
11020,11020,0,2047,1586
11021,11021,0,2046,2075
11022,11022,0,2047,2563
11023,11023,0,2046,3020
11024,11024,0,2046,3423
11025,11025,0,2046,3750
11026,11026,0,2046,3983
11027,11027,0,2046,4095
11028,11028,0,2046,4095
11029,11029,0,2046,4013
11030,11030,0,2046,3798
11031,11031,0,2046,3487
11032,11032,0,2046,3095
11033,11033,0,2047,2646
11034,11034,0,2047,2162
11035,11035,0,2046,1671
11036,11036,0,2047,1202
11037,11037,0,2046,778
11038,11038,0,2047,424
11039,11039,0,2047,159
11040,11040,0,2046,0
11041,11041,0,2046,0
11042,11042,0,2047,18
11043,11043,0,2047,197
11044,11044,0,2046,479
11045,11045,0,2046,846
11046,11046,0,2046,1280
11047,11047,0,2046,1755
11048,11048,0,2047,2246
11049,11049,0,2046,2726
11050,11050,0,2046,3167
11051,11051,0,2046,3546
11052,11052,0,2046,3843
11053,11053,0,2047,4039
11054,11054,0,2046,4095
11055,11055,0,2046,4094
11056,11056,0,2047,3950
11057,11057,0,2047,3700
11058,11058,0,2046,3359
11059,11059,0,2046,2944
11060,11060,0,2047,2480
11061,11061,0,2046,1991
11062,11062,0,2046,1504
11063,11063,0,2047,1048
11064,11064,0,2047,646
11065,11065,0,2047,321
11066,11066,0,2046,91
11067,11067,0,2046,0
11068,11068,0,2047,0
11069,11069,0,2046,68
11070,11070,0,2047,284
11071,11071,0,2046,597
11072,11072,0,2047,990
11073,11073,0,2047,1441
11074,11074,0,2046,1925
11075,11075,0,2046,2416
11076,11076,0,2046,2885
11077,11077,0,2046,3307
11078,11078,0,2047,3660
11079,11079,0,2046,3923
11080,11080,0,2046,4081
11081,11081,0,2046,4095
11082,11082,0,2047,4057
11083,11083,0,2047,3875
11084,11084,0,2046,3591
11085,11085,0,2047,3222
11086,11086,0,2047,2788
11087,11087,0,2046,2311
11088,11088,0,2046,1820
11089,11089,0,2047,1341
11090,11090,0,2046,900
11091,11091,0,2045,523
11092,11092,0,2046,229
11093,11093,0,2047,36
11094,11094,0,2046,0
11095,11095,0,2047,0
11096,11096,0,2046,131
11097,11097,0,2046,383
11098,11098,0,2046,726
11099,11099,0,2047,1142
11100,11100,0,2047,1607
11101,11101,0,2047,2096
11102,11102,0,2046,2582
11103,11103,0,2046,3038
11104,11104,0,2047,3439
11105,11105,0,2046,3762
11106,11106,0,2046,3990
11107,11107,0,2046,4095
11108,11108,0,2046,4095
11109,11109,0,2046,4006
11110,11110,0,2046,3787
11111,11111,0,2046,3472
11112,11112,0,2046,3078
11113,11113,0,2046,2625
11114,11114,0,2046,2140
11115,11115,0,2046,1650
11116,11116,0,2047,1183
11117,11117,0,2046,761
11118,11118,0,2047,411
11119,11119,0,2046,149
11120,11120,0,2046,0
11121,11121,0,2047,0
11122,11122,0,2047,22
11123,11123,0,2046,207
11124,11124,0,2047,492
11125,11125,0,2046,863
11126,11126,0,2047,1299
11127,11127,0,2046,1776
11128,11128,0,2046,2266
11129,11129,0,2046,2745
11130,11130,0,2046,3185
11131,11131,0,2046,3561
11132,11132,0,2046,3853
11133,11133,0,2046,4044
11134,11134,0,2046,4095
11135,11135,0,2046,4090
11136,11136,0,2046,3941
11137,11137,0,2046,3687
11138,11138,0,2047,3342
11139,11139,0,2046,2925
11140,11140,0,2046,2459
11141,11141,0,2046,1969
11142,11142,0,2046,1484
11143,11143,0,2046,1030
11144,11144,0,2047,630
11145,11145,0,2046,309
11146,11146,0,2046,83
11147,11147,0,2046,0
11148,11148,0,2046,0
11149,11149,0,2047,75
11150,11150,0,2046,295
11151,11151,0,2046,612
11152,11152,0,2047,1009
11153,11153,0,2047,1461
11154,11154,0,2046,1947
11155,11155,0,2047,2436
11156,11156,0,2047,2903
11157,11157,0,2046,3324
11158,11158,0,2046,3674
11159,11159,0,2047,3932
11160,11160,0,2047,4085
11161,11161,0,2046,4095
11162,11162,0,2046,4051
11163,11163,0,2046,3864
11164,11164,0,2046,3577
11165,11165,0,2046,3204
11166,11166,0,2047,2768
11167,11167,0,2047,2290
11168,11168,0,2046,1799
11169,11169,0,2046,1321
11170,11170,0,2046,883
11171,11171,0,2046,509
11172,11172,0,2046,219
11173,11173,0,2046,30
11174,11174,0,2046,0
11175,11175,0,2047,0
11176,11176,0,2046,140
11177,11177,0,2046,396
11178,11178,0,2047,743
11179,11179,0,2046,1160
11180,11180,0,2047,1628
11181,11181,0,2046,2117
11182,11182,0,2046,2602
11183,11183,0,2047,3057
11184,11184,0,2047,3454
11185,11185,0,2046,3774
11186,11186,0,2046,3997
11187,11187,0,2046,4095
11188,11188,0,2047,4095
11189,11189,0,2046,3999
11190,11190,0,2047,3775
11191,11191,0,2046,3456
11192,11192,0,2046,3059
11193,11193,0,2046,2606
11194,11194,0,2046,2120
11195,11195,0,2046,1631
11196,11196,0,2046,1163
11197,11197,0,2046,745
11198,11198,0,2047,398
11199,11199,0,2046,141
11200,11200,0,2046,0
11201,11201,0,2047,0
11202,11202,0,2046,28
11203,11203,0,2047,217
11204,11204,0,2047,507
11205,11205,0,2047,881
11206,11206,0,2046,1317
11207,11207,0,2047,1796
11208,11208,0,2047,2288
11209,11209,0,2047,2765
11210,11210,0,2046,3202
11211,11211,0,2047,3575
11212,11212,0,2046,3864
11213,11213,0,2047,4050
11214,11214,0,2046,4095
11215,11215,0,2046,4086
11216,11216,0,2046,3933
11217,11217,0,2046,3674
11218,11218,0,2047,3326
11219,11219,0,2047,2907
11220,11220,0,2046,2438
11221,11221,0,2046,1949
11222,11222,0,2047,1464
11223,11223,0,2046,1012
11224,11224,0,2046,615
11225,11225,0,2047,298
11226,11226,0,2047,76
11227,11227,0,2047,0
11228,11228,0,2046,0
11229,11229,0,2046,82
11230,11230,0,2046,307
11231,11231,0,2047,628
11232,11232,0,2047,1027
11233,11233,0,2046,1482
11234,11234,0,2047,1967
11235,11235,0,2046,2456
11236,11236,0,2047,2923
11237,11237,0,2047,3340
11238,11238,0,2046,3686
11239,11239,0,2047,3941
11240,11240,0,2047,4089
11241,11241,0,2046,4095
11242,11242,0,2047,4045
11243,11243,0,2046,3854
11244,11244,0,2047,3563
11245,11245,0,2046,3188
11246,11246,0,2047,2749
11247,11247,0,2046,2270
11248,11248,0,2046,1779
11249,11249,0,2046,1302
11250,11250,0,2046,866
11251,11251,0,2046,496
11252,11252,0,2046,209
11253,11253,0,2047,24
11254,11254,0,2046,0
11255,11255,0,2047,0
11256,11256,0,2046,150
11257,11257,0,2047,409
11258,11258,0,2046,759
11259,11259,0,2046,1179
11260,11260,0,2046,1648
11261,11261,0,2046,2137
11262,11262,0,2046,2622
11263,11263,0,2047,3074
11264,11264,0,2046,3470
11265,11265,0,2046,3786
11266,11266,0,2047,4004
11267,11267,0,2047,4095
11268,11268,0,2046,4095
11269,11269,0,2047,3991
11270,11270,0,2047,3764
11271,11271,0,2046,3441
11272,11272,0,2046,3041
11273,11273,0,2046,2585
11274,11274,0,2047,2100
11275,11275,0,2047,1610
11276,11276,0,2047,1145
11277,11277,0,2046,728
11278,11278,0,2046,385
11279,11279,0,2045,133
11280,11280,0,2046,0
11281,11281,0,2046,0
11282,11282,0,2046,34
11283,11283,0,2046,228
11284,11284,0,2046,521
11285,11285,0,2047,898
11286,11286,0,2046,1338
11287,11287,0,2046,1817
11288,11288,0,2047,2309
11289,11289,0,2046,2785
11290,11290,0,2046,3220
11291,11291,0,2046,3589
11292,11292,0,2047,3873
11293,11293,0,2046,4055
11294,11294,0,2046,4095
11295,11295,0,2047,4082
11296,11296,0,2046,3923
11297,11297,0,2046,3662
11298,11298,0,2046,3310
11299,11299,0,2046,2888
11300,11300,0,2047,2418
11301,11301,0,2046,1928
11302,11302,0,2046,1444
11303,11303,0,2047,993
11304,11304,0,2046,600
11305,11305,0,2046,286
11306,11306,0,2046,69
11307,11307,0,2046,0
11308,11308,0,2046,0
11309,11309,0,2047,90
11310,11310,0,2046,319
11311,11311,0,2047,643
11312,11312,0,2046,1045
11313,11313,0,2046,1502
11314,11314,0,2046,1988
11315,11315,0,2047,2477
11316,11316,0,2047,2942
11317,11317,0,2046,3356
11318,11318,0,2046,3699
11319,11319,0,2046,3949
11320,11320,0,2047,4093
11321,11321,0,2047,4095
11322,11322,0,2046,4039
11323,11323,0,2047,3844
11324,11324,0,2046,3549
11325,11325,0,2046,3170
11326,11326,0,2047,2729
11327,11327,0,2047,2249
11328,11328,0,2047,1758
11329,11329,0,2046,1283
11330,11330,0,2046,849
11331,11331,0,2047,481
11332,11332,0,2046,199
11333,11333,0,2046,18
11334,11334,0,2046,0
11335,11335,0,2046,0
11336,11336,0,2047,157
11337,11337,0,2046,421
11338,11338,0,2047,775
11339,11339,0,2046,1199
11340,11340,0,2047,1669
11341,11341,0,2046,2160
11342,11342,0,2046,2642
11343,11343,0,2046,3093
11344,11344,0,2046,3485
11345,11345,0,2047,3797
11346,11346,0,2047,4011
11347,11347,0,2046,4095
11348,11348,0,2046,4095
11349,11349,0,2046,3985
11350,11350,0,2046,3752
11351,11351,0,2046,3426
11352,11352,0,2046,3022
11353,11353,0,2047,2565
11354,11354,0,2046,2078
11355,11355,0,2047,1589
11356,11356,0,2046,1126
11357,11357,0,2047,713
11358,11358,0,2046,372
11359,11359,0,2046,125
11360,11360,0,2046,0
11361,11361,0,2047,0
11362,11362,0,2046,40
11363,11363,0,2046,238
11364,11364,0,2047,536
11365,11365,0,2046,915
11366,11366,0,2046,1358
11367,11367,0,2047,1838
11368,11368,0,2046,2329
11369,11369,0,2047,2804
11370,11370,0,2046,3237
11371,11371,0,2047,3604
11372,11372,0,2047,3884
11373,11373,0,2046,4061
11374,11374,0,2047,4095
11375,11375,0,2047,4077
11376,11376,0,2046,3915
11377,11377,0,2046,3649
11378,11378,0,2047,3294
11379,11379,0,2046,2869
11380,11380,0,2047,2398
11381,11381,0,2046,1908
11382,11382,0,2046,1424
11383,11383,0,2046,975
11384,11384,0,2047,585
11385,11385,0,2047,274
11386,11386,0,2046,62
11387,11387,0,2046,0
11388,11388,0,2046,0
11389,11389,0,2047,97
11390,11390,0,2047,331
11391,11391,0,2047,659
11392,11392,0,2046,1063
11393,11393,0,2046,1522
11394,11394,0,2046,2008
11395,11395,0,2047,2497
11396,11396,0,2047,2961
11397,11397,0,2046,3373
11398,11398,0,2047,3711
11399,11399,0,2046,3957
11400,11400,0,2047,4095
11401,11401,0,2046,4095
11402,11402,0,2046,4034
11403,11403,0,2046,3834
11404,11404,0,2047,3534
11405,11405,0,2046,3152
11406,11406,0,2047,2709
11407,11407,0,2047,2228
11408,11408,0,2046,1738
11409,11409,0,2046,1264
11410,11410,0,2046,832
11411,11411,0,2047,466
11412,11412,0,2046,189
11413,11413,0,2046,14
11414,11414,0,2046,0
11415,11415,0,2046,2
11416,11416,0,2047,167
11417,11417,0,2046,435
11418,11418,0,2046,793
11419,11419,0,2047,1217
11420,11420,0,2047,1690
11421,11421,0,2046,2180
11422,11422,0,2046,2662
11423,11423,0,2046,3111
11424,11424,0,2046,3499
11425,11425,0,2046,3809
11426,11426,0,2046,4018
11427,11427,0,2047,4095
11428,11428,0,2046,4095
11429,11429,0,2046,3975
11430,11430,0,2047,3740
11431,11431,0,2046,3410
11432,11432,0,2047,3004
11433,11433,0,2046,2544
11434,11434,0,2046,2058
11435,11435,0,2046,1569
11436,11436,0,2047,1107
11437,11437,0,2047,696
11438,11438,0,2047,359
11439,11439,0,2046,116
11440,11440,0,2046,0
11441,11441,0,2046,0
11442,11442,0,2047,46
11443,11443,0,2047,248
11444,11444,0,2047,550
11445,11445,0,2046,932
11446,11446,0,2047,1377
11447,11447,0,2046,1858
11448,11448,0,2046,2350
11449,11449,0,2047,2824
11450,11450,0,2046,3253
11451,11451,0,2046,3617
11452,11452,0,2047,3893
11453,11453,0,2046,4066
11454,11454,0,2046,4095
11455,11455,0,2046,4072
11456,11456,0,2046,3906
11457,11457,0,2046,3635
11458,11458,0,2047,3276
11459,11459,0,2046,2850
11460,11460,0,2046,2378
11461,11461,0,2047,1886
11462,11462,0,2046,1404
11463,11463,0,2046,957
11464,11464,0,2046,570
11465,11465,0,2046,264
11466,11466,0,2046,56
11467,11467,0,2046,0
11468,11468,0,2046,0
11469,11469,0,2046,105
11470,11470,0,2048,343
11471,11471,0,2047,675
11472,11472,0,2047,1082
11473,11473,0,2046,1542
11474,11474,0,2046,2029
11475,11475,0,2047,2517
11476,11476,0,2046,2979
11477,11477,0,2046,3389
11478,11478,0,2046,3723
11479,11479,0,2047,3965
11480,11480,0,2046,4095
11481,11481,0,2046,4095
11482,11482,0,2046,4027
11483,11483,0,2046,3822
11484,11484,0,2046,3520
11485,11485,0,2047,3135
11486,11486,0,2046,2689
11487,11487,0,2047,2207
11488,11488,0,2047,1717
11489,11489,0,2046,1244
11490,11490,0,2047,815
11491,11491,0,2047,453
11492,11492,0,2046,180
11493,11493,0,2046,9
11494,11494,0,2046,0
11495,11495,0,2046,7
11496,11496,0,2047,176
11497,11497,0,2046,448
11498,11498,0,2047,809
11499,11499,0,2046,1236
11500,11500,0,2047,1710
11501,11501,0,2047,2201
11502,11502,0,2047,2683
11503,11503,0,2046,3128
11504,11504,0,2047,3514
11505,11505,0,2047,3819
11506,11506,0,2047,4025
11507,11507,0,2047,4095
11508,11508,0,2046,4095
11509,11509,0,2047,3968
11510,11510,0,2047,3727
11511,11511,0,2046,3394
11512,11512,0,2046,2986
11513,11513,0,2047,2525
11514,11514,0,2046,2037
11515,11515,0,2047,1549
11516,11516,0,2047,1089
11517,11517,0,2046,680
11518,11518,0,2046,348
11519,11519,0,2047,108
11520,11520,0,2046,0
11521,11521,0,2046,0
11522,11522,0,2047,53
11523,11523,0,2047,259
11524,11524,0,2046,565
11525,11525,0,2047,951
11526,11526,0,2047,1397
11527,11527,0,2047,1880
11528,11528,0,2047,2370
11529,11529,0,2046,2843
11530,11530,0,2047,3270
11531,11531,0,2046,3631
11532,11532,0,2047,3902
11533,11533,0,2046,4072
11534,11534,0,2046,4095
11535,11535,0,2047,4068
11536,11536,0,2047,3897
11537,11537,0,2046,3622
11538,11538,0,2046,3260
11539,11539,0,2047,2830
11540,11540,0,2047,2357
11541,11541,0,2046,1866
11542,11542,0,2046,1384
11543,11543,0,2046,939
11544,11544,0,2047,555
11545,11545,0,2046,253
11546,11546,0,2047,49
11547,11547,0,2046,0
11548,11548,0,2047,0
11549,11549,0,2046,113
11550,11550,0,2046,355
11551,11551,0,2046,690
11552,11552,0,2046,1100
11553,11553,0,2046,1562
11554,11554,0,2046,2051
11555,11555,0,2046,2538
11556,11556,0,2047,2998
11557,11557,0,2047,3405
11558,11558,0,2046,3736
11559,11559,0,2047,3973
11560,11560,0,2046,4095
11561,11561,0,2047,4095
11562,11562,0,2047,4021
11563,11563,0,2046,3812
11564,11564,0,2046,3504
11565,11565,0,2047,3117
11566,11566,0,2046,2669
11567,11567,0,2046,2187
11568,11568,0,2047,1697
11569,11569,0,2046,1225
11570,11570,0,2047,798
11571,11571,0,2046,440
11572,11572,0,2047,170
11573,11573,0,2046,4
11574,11574,0,2046,0
11575,11575,0,2046,12
11576,11576,0,2046,186
11577,11577,0,2046,462
11578,11578,0,2046,826
11579,11579,0,2046,1256
11580,11580,0,2046,1730
11581,11581,0,2047,2221
11582,11582,0,2046,2702
11583,11583,0,2047,3146
11584,11584,0,2046,3529
11585,11585,0,2047,3830
11586,11586,0,2047,4032
11587,11587,0,2046,4095
11588,11588,0,2046,4095
11589,11589,0,2046,3960
11590,11590,0,2046,3715
11591,11591,0,2046,3378
11592,11592,0,2046,2967
11593,11593,0,2046,2504
11594,11594,0,2047,2016
11595,11595,0,2046,1529
11596,11596,0,2047,1070
11597,11597,0,2046,665
11598,11598,0,2046,336
11599,11599,0,2046,99
11600,11600,0,2046,0
11601,11601,0,2047,0
11602,11602,0,2046,59
11603,11603,0,2046,271
11604,11604,0,2047,580
11605,11605,0,2046,969
11606,11606,0,2046,1418
11607,11607,0,2046,1901
11608,11608,0,2047,2390
11609,11609,0,2046,2862
11610,11610,0,2046,3288
11611,11611,0,2047,3644
11612,11612,0,2046,3912
11613,11613,0,2047,4077
11614,11614,0,2046,4095
11615,11615,0,2047,4064
11616,11616,0,2046,3887
11617,11617,0,2046,3608
11618,11618,0,2046,3242
11619,11619,0,2046,2811
11620,11620,0,2047,2337
11621,11621,0,2046,1845
11622,11622,0,2046,1364
11623,11623,0,2046,921
11624,11624,0,2046,540
11625,11625,0,2046,241
11626,11626,0,2046,43
11627,11627,0,2046,0
11628,11628,0,2046,0
11629,11629,0,2047,121
11630,11630,0,2046,368
11631,11631,0,2046,707
11632,11632,0,2047,1120
11633,11633,0,2047,1582
11634,11634,0,2047,2071
11635,11635,0,2046,2558
11636,11636,0,2046,3016
11637,11637,0,2046,3420
11638,11638,0,2047,3748
11639,11639,0,2047,3981
11640,11640,0,2046,4095
11641,11641,0,2046,4095
11642,11642,0,2046,4014
11643,11643,0,2046,3801
11644,11644,0,2046,3490
11645,11645,0,2046,3099
11646,11646,0,2046,2649
11647,11647,0,2046,2166
11648,11648,0,2046,1676
11649,11649,0,2046,1206
11650,11650,0,2047,782
11651,11651,0,2046,426
11652,11652,0,2046,161
11653,11653,0,2046,0
11654,11654,0,2046,0
11655,11655,0,2047,17
11656,11656,0,2046,196
11657,11657,0,2047,476
11658,11658,0,2047,842
11659,11659,0,2046,1276
11660,11660,0,2046,1751
11661,11661,0,2046,2242
11662,11662,0,2046,2722
11663,11663,0,2046,3164
11664,11664,0,2046,3544
11665,11665,0,2046,3841
11666,11666,0,2047,4037
11667,11667,0,2047,4095
11668,11668,0,2046,4095
11669,11669,0,2045,3952
11670,11670,0,2046,3702
11671,11671,0,2046,3362
11672,11672,0,2047,2948
11673,11673,0,2046,2484
11674,11674,0,2046,1995
11675,11675,0,2046,1508
11676,11676,0,2047,1051
11677,11677,0,2047,649
11678,11678,0,2046,323
11679,11679,0,2045,92
11680,11680,0,2046,0
11681,11681,0,2046,0
11682,11682,0,2047,66
11683,11683,0,2046,282
11684,11684,0,2046,595
11685,11685,0,2047,987
11686,11686,0,2046,1438
11687,11687,0,2047,1921
11688,11688,0,2046,2411
11689,11689,0,2046,2881
11690,11690,0,2046,3304
11691,11691,0,2047,3657
11692,11692,0,2046,3921
11693,11693,0,2046,4081
11694,11694,0,2047,4095
11695,11695,0,2046,4058
11696,11696,0,2047,3877
11697,11697,0,2047,3594
11698,11698,0,2046,3226
11699,11699,0,2047,2791
11700,11700,0,2047,2315
11701,11701,0,2046,1824
11702,11702,0,2046,1345
11703,11703,0,2047,904
11704,11704,0,2046,526
11705,11705,0,2046,232
11706,11706,0,2047,37
11707,11707,0,2047,0
11708,11708,0,2046,0
11709,11709,0,2046,130
11710,11710,0,2046,380
11711,11711,0,2047,723
11712,11712,0,2046,1138
11713,11713,0,2046,1603
11714,11714,0,2046,2092
11715,11715,0,2047,2578
11716,11716,0,2047,3035
11717,11717,0,2046,3436
11718,11718,0,2046,3760
11719,11719,0,2046,3989
11720,11720,0,2047,4095
11721,11721,0,2046,4095
11722,11722,0,2046,4007
11723,11723,0,2046,3789
11724,11724,0,2046,3475
11725,11725,0,2047,3081
11726,11726,0,2047,2629
11727,11727,0,2046,2145
11728,11728,0,2047,1655
11729,11729,0,2046,1186
11730,11730,0,2046,765
11731,11731,0,2046,413
11732,11732,0,2046,151
11733,11733,0,2046,0
11734,11734,0,2047,0
11735,11735,0,2046,22
11736,11736,0,2047,206
11737,11737,0,2046,490
11738,11738,0,2047,860
11739,11739,0,2047,1295
11740,11740,0,2046,1771
11741,11741,0,2046,2262
11742,11742,0,2046,2742
11743,11743,0,2046,3181
11744,11744,0,2046,3558
11745,11745,0,2046,3851
11746,11746,0,2047,4043
11747,11747,0,2047,4095
11748,11748,0,2046,4090
11749,11749,0,2046,3942
11750,11750,0,2046,3690
11751,11751,0,2047,3346
11752,11752,0,2046,2929
11753,11753,0,2047,2463
11754,11754,0,2046,1974
11755,11755,0,2046,1487
11756,11756,0,2047,1033
11757,11757,0,2046,633
11758,11758,0,2046,312
11759,11759,0,2046,85
11760,11760,0,2046,0
11761,11761,0,2046,0
11762,11762,0,2046,73
11763,11763,0,2047,293
11764,11764,0,2046,610
11765,11765,0,2046,1005
11766,11766,0,2046,1458
11767,11767,0,2047,1942
11768,11768,0,2046,2432
11769,11769,0,2047,2900
11770,11770,0,2047,3320
11771,11771,0,2046,3671
11772,11772,0,2047,3930
11773,11773,0,2046,4085
11774,11774,0,2046,4095
11775,11775,0,2046,4052
11776,11776,0,2046,3867
11777,11777,0,2047,3580
11778,11778,0,2046,3208
11779,11779,0,2046,2771
11780,11780,0,2046,2295
11781,11781,0,2046,1802
11782,11782,0,2047,1325
11783,11783,0,2046,887
11784,11784,0,2046,512
11785,11785,0,2047,220
11786,11786,0,2047,31
11787,11787,0,2047,0
11788,11788,0,2046,0
11789,11789,0,2046,138
11790,11790,0,2046,393
11791,11791,0,2046,739
11792,11792,0,2047,1157
11793,11793,0,2047,1623
11794,11794,0,2047,2113
11795,11795,0,2046,2598
11796,11796,0,2046,3053
11797,11797,0,2046,3452
11798,11798,0,2046,3771
11799,11799,0,2046,3997
11800,11800,0,2046,4095
11801,11801,0,2046,4095
11802,11802,0,2046,4000
11803,11803,0,2046,3778
11804,11804,0,2046,3459
11805,11805,0,2046,3062
11806,11806,0,2045,2609
11807,11807,0,2047,2125
11808,11808,0,2046,1634
11809,11809,0,2047,1166
11810,11810,0,2046,748
11811,11811,0,2046,399
11812,11812,0,2046,141
11813,11813,0,2047,0
11814,11814,0,2046,0
11815,11815,0,2046,28
11816,11816,0,2046,216
11817,11817,0,2046,504
11818,11818,0,2046,877
11819,11819,0,2046,1315
11820,11820,0,2046,1792
11821,11821,0,2046,2284
11822,11822,0,2047,2761
11823,11823,0,2047,3199
11824,11824,0,2046,3573
11825,11825,0,2047,3862
11826,11826,0,2046,4049
11827,11827,0,2046,4095
11828,11828,0,2047,4087
11829,11829,0,2046,3934
11830,11830,0,2047,3677
11831,11831,0,2046,3329
11832,11832,0,2046,2910
11833,11833,0,2047,2442
11834,11834,0,2047,1953
11835,11835,0,2046,1468
11836,11836,0,2046,1014
11837,11837,0,2047,617
11838,11838,0,2046,299
11839,11839,0,2046,77
11840,11840,0,2046,0
11841,11841,0,2047,0
11842,11842,0,2046,80
11843,11843,0,2047,305
11844,11844,0,2047,625
11845,11845,0,2046,1023
11846,11846,0,2046,1478
11847,11847,0,2047,1963
11848,11848,0,2047,2452
11849,11849,0,2047,2919
11850,11850,0,2046,3338
11851,11851,0,2047,3684
11852,11852,0,2047,3938
11853,11853,0,2046,4088
11854,11854,0,2046,4095
11855,11855,0,2046,4047
11856,11856,0,2046,3857
11857,11857,0,2046,3566
11858,11858,0,2047,3190
11859,11859,0,2046,2752
11860,11860,0,2047,2274
11861,11861,0,2046,1782
11862,11862,0,2047,1306
11863,11863,0,2047,868
11864,11864,0,2047,497
11865,11865,0,2046,210
11866,11866,0,2047,25
11867,11867,0,2046,0
11868,11868,0,2047,0
11869,11869,0,2046,147
11870,11870,0,2046,406
11871,11871,0,2047,756
11872,11872,0,2046,1176
11873,11873,0,2046,1644
11874,11874,0,2047,2134
11875,11875,0,2046,2619
11876,11876,0,2046,3071
11877,11877,0,2046,3467
11878,11878,0,2047,3783
11879,11879,0,2046,4004
11880,11880,0,2046,4095
11881,11881,0,2046,4095
11882,11882,0,2047,3993
11883,11883,0,2046,3767
11884,11884,0,2046,3444
11885,11885,0,2046,3044
11886,11886,0,2047,2589
11887,11887,0,2046,2103
11888,11888,0,2047,1613
11889,11889,0,2047,1148
11890,11890,0,2046,731
11891,11891,0,2046,387
11892,11892,0,2046,134
11893,11893,0,2047,0
11894,11894,0,2047,0
11895,11895,0,2046,34
11896,11896,0,2046,226
11897,11897,0,2046,518
11898,11898,0,2047,895
11899,11899,0,2046,1334
11900,11900,0,2047,1814
11901,11901,0,2047,2305
11902,11902,0,2047,2781
11903,11903,0,2046,3216
11904,11904,0,2046,3588
11905,11905,0,2046,3872
11906,11906,0,2047,4055
11907,11907,0,2046,4095
11908,11908,0,2047,4083
11909,11909,0,2046,3925
11910,11910,0,2046,3664
11911,11911,0,2047,3313
11912,11912,0,2046,2891
11913,11913,0,2047,2422
11914,11914,0,2046,1932
11915,11915,0,2046,1448
11916,11916,0,2047,996
11917,11917,0,2046,603
11918,11918,0,2046,287
11919,11919,0,2047,70
11920,11920,0,2046,0
11921,11921,0,2046,0
11922,11922,0,2047,89
11923,11923,0,2046,317
11924,11924,0,2046,640
11925,11925,0,2046,1041
11926,11926,0,2046,1498
11927,11927,0,2047,1984
11928,11928,0,2046,2473
11929,11929,0,2047,2938
11930,11930,0,2046,3354
11931,11931,0,2046,3696
11932,11932,0,2046,3947
11933,11933,0,2047,4093
11934,11934,0,2046,4095
11935,11935,0,2046,4041
11936,11936,0,2046,3846
11937,11937,0,2047,3552
11938,11938,0,2047,3173
11939,11939,0,2047,2732
11940,11940,0,2046,2253
11941,11941,0,2046,1761
11942,11942,0,2046,1286
11943,11943,0,2047,852
11944,11944,0,2047,483
11945,11945,0,2047,201
11946,11946,0,2046,20
11947,11947,0,2047,0
11948,11948,0,2047,0
11949,11949,0,2046,156
11950,11950,0,2046,419
11951,11951,0,2046,772
11952,11952,0,2046,1194
11953,11953,0,2046,1664
11954,11954,0,2046,2156
11955,11955,0,2047,2639
11956,11956,0,2046,3089
11957,11957,0,2046,3481
11958,11958,0,2047,3795
11959,11959,0,2047,4010
11960,11960,0,2047,4095
11961,11961,0,2046,4095
11962,11962,0,2046,3985
11963,11963,0,2046,3754
11964,11964,0,2047,3429
11965,11965,0,2046,3026
11966,11966,0,2046,2569
11967,11967,0,2047,2082
11968,11968,0,2046,1593
11969,11969,0,2046,1129
11970,11970,0,2046,716
11971,11971,0,2047,375
11972,11972,0,2047,125
11973,11973,0,2046,0
11974,11974,0,2047,0
11975,11975,0,2046,40
11976,11976,0,2046,237
11977,11977,0,2046,533
11978,11978,0,2046,913
11979,11979,0,2047,1354
11980,11980,0,2046,1834
11981,11981,0,2046,2326
11982,11982,0,2047,2801
11983,11983,0,2046,3234
11984,11984,0,2047,3601
11985,11985,0,2046,3881
11986,11986,0,2047,4061
11987,11987,0,2047,4095
11988,11988,0,2046,4078
11989,11989,0,2047,3916
11990,11990,0,2047,3651
11991,11991,0,2046,3296
11992,11992,0,2047,2872
11993,11993,0,2047,2402
11994,11994,0,2047,1911
11995,11995,0,2047,1428
11996,11996,0,2046,979
11997,11997,0,2046,588
11998,11998,0,2047,277
11999,11999,0,2047,63
12000,12000,0,2047,0
12001,12001,0,2046,0
12002,12002,0,2047,96
12003,12003,0,2047,328
12004,12004,0,2046,656
12005,12005,0,2046,1060
12006,12006,0,2046,1518
12007,12007,0,2046,2005
12008,12008,0,2046,2494
12009,12009,0,2046,2957
12010,12010,0,2046,3370
12011,12011,0,2047,3709
12012,12012,0,2047,3956
12013,12013,0,2046,4095
12014,12014,0,2047,4095
12015,12015,0,2046,4035
12016,12016,0,2047,3835
12017,12017,0,2046,3537
12018,12018,0,2046,3156
12019,12019,0,2046,2713
12020,12020,0,2047,2232
12021,12021,0,2046,1741
12022,12022,0,2047,1266
12023,12023,0,2046,834
12024,12024,0,2046,469
12025,12025,0,2046,191
12026,12026,0,2046,14
12027,12027,0,2046,0
12028,12028,0,2046,1
12029,12029,0,2046,165
12030,12030,0,2046,432
12031,12031,0,2046,789
12032,12032,0,2046,1214
12033,12033,0,2046,1685
12034,12034,0,2047,2176
12035,12035,0,2047,2659
12036,12036,0,2046,3107
12037,12037,0,2047,3497
12038,12038,0,2047,3806
12039,12039,0,2046,4017
12040,12040,0,2046,4095
12041,12041,0,2047,4095
12042,12042,0,2046,3978
12043,12043,0,2047,3742
12044,12044,0,2046,3412
12045,12045,0,2046,3007
12046,12046,0,2046,2549
12047,12047,0,2046,2062
12048,12048,0,2046,1573
12049,12049,0,2046,1111
12050,12050,0,2046,699
12051,12051,0,2047,361
12052,12052,0,2047,117
12053,12053,0,2046,0
12054,12054,0,2046,0
12055,12055,0,2047,45
12056,12056,0,2047,246
12057,12057,0,2047,547
12058,12058,0,2047,930
12059,12059,0,2047,1374
12060,12060,0,2046,1854
12061,12061,0,2047,2345
12062,12062,0,2047,2819
12063,12063,0,2047,3251
12064,12064,0,2046,3615
12065,12065,0,2047,3891
12066,12066,0,2046,4065
12067,12067,0,2046,4095
12068,12068,0,2046,4074
12069,12069,0,2047,3908
12070,12070,0,2046,3638
12071,12071,0,2047,3280
12072,12072,0,2047,2853
12073,12073,0,2047,2381
12074,12074,0,2046,1891
12075,12075,0,2046,1408
12076,12076,0,2046,960
12077,12077,0,2046,573
12078,12078,0,2047,266
12079,12079,0,2046,57
12080,12080,0,2047,0
12081,12081,0,2047,0
12082,12082,0,2046,104
12083,12083,0,2046,341
12084,12084,0,2046,672
12085,12085,0,2047,1078
12086,12086,0,2047,1538
12087,12087,0,2047,2025
12088,12088,0,2046,2514
12089,12089,0,2046,2975
12090,12090,0,2046,3386
12091,12091,0,2047,3721
12092,12092,0,2046,3964
12093,12093,0,2046,4095
12094,12094,0,2047,4095
12095,12095,0,2046,4028
12096,12096,0,2046,3825
12097,12097,0,2046,3522
12098,12098,0,2046,3138
12099,12099,0,2046,2692
12100,12100,0,2046,2211
12101,12101,0,2046,1721
12102,12102,0,2047,1248
12103,12103,0,2046,818
12104,12104,0,2046,455
12105,12105,0,2046,181
12106,12106,0,2046,10
12107,12107,0,2046,0
12108,12108,0,2046,5
12109,12109,0,2046,174
12110,12110,0,2047,446
12111,12111,0,2046,806
12112,12112,0,2046,1233
12113,12113,0,2046,1705
12114,12114,0,2047,2197
12115,12115,0,2046,2679
12116,12116,0,2047,3125
12117,12117,0,2047,3512
12118,12118,0,2046,3817
12119,12119,0,2046,4024
12120,12120,0,2047,4095
12121,12121,0,2046,4095
12122,12122,0,2046,3970
12123,12123,0,2046,3730
12124,12124,0,2046,3397
12125,12125,0,2046,2989
12126,12126,0,2046,2528
12127,12127,0,2046,2041
12128,12128,0,2046,1553
12129,12129,0,2046,1091
12130,12130,0,2046,682
12131,12131,0,2047,349
12132,12132,0,2046,110
12133,12133,0,2047,0
12134,12134,0,2046,0
12135,12135,0,2046,52
12136,12136,0,2046,258
12137,12137,0,2046,562
12138,12138,0,2046,948
12139,12139,0,2047,1393
12140,12140,0,2047,1875
12141,12141,0,2046,2366
12142,12142,0,2047,2839
12143,12143,0,2047,3268
12144,12144,0,2046,3628
12145,12145,0,2046,3900
12146,12146,0,2046,4071
12147,12147,0,2047,4095
12148,12148,0,2046,4069
12149,12149,0,2046,3898
12150,12150,0,2046,3624
12151,12151,0,2046,3263
12152,12152,0,2046,2834
12153,12153,0,2046,2360
12154,12154,0,2046,1869
12155,12155,0,2046,1388
12156,12156,0,2046,943
12157,12157,0,2046,558
12158,12158,0,2046,254
12159,12159,0,2047,50
12160,12160,0,2046,0
12161,12161,0,2047,0
12162,12162,0,2047,111
12163,12163,0,2046,353
12164,12164,0,2046,687
12165,12165,0,2046,1097
12166,12166,0,2046,1558
12167,12167,0,2046,2046
12168,12168,0,2046,2534
12169,12169,0,2046,2995
12170,12170,0,2047,3402
12171,12171,0,2045,3734
12172,12172,0,2047,3972
12173,12173,0,2046,4095
12174,12174,0,2046,4095
12175,12175,0,2046,4023
12176,12176,0,2047,3814
12177,12177,0,2046,3508
12178,12178,0,2046,3120
12179,12179,0,2046,2673
12180,12180,0,2047,2191
12181,12181,0,2047,1700
12182,12182,0,2046,1227
12183,12183,0,2046,800
12184,12184,0,2046,442
12185,12185,0,2046,171
12186,12186,0,2046,5
12187,12187,0,2046,0
12188,12188,0,2047,11
12189,12189,0,2046,185
12190,12190,0,2046,460
12191,12191,0,2047,823
12192,12192,0,2046,1253
12193,12193,0,2046,1726
12194,12194,0,2047,2217
12195,12195,0,2046,2698
12196,12196,0,2046,3143
12197,12197,0,2046,3527
12198,12198,0,2046,3828
12199,12199,0,2046,4029
12200,12200,0,2047,4095
12201,12201,0,2047,4095
12202,12202,0,2046,3962
12203,12203,0,2046,3718
12204,12204,0,2047,3381
12205,12205,0,2047,2970
12206,12206,0,2047,2508
12207,12207,0,2046,2020
12208,12208,0,2046,1532
12209,12209,0,2046,1073
12210,12210,0,2047,668
12211,12211,0,2046,337
12212,12212,0,2046,102
12213,12213,0,2046,0
12214,12214,0,2046,0
12215,12215,0,2047,58
12216,12216,0,2046,268
12217,12217,0,2047,577
12218,12218,0,2046,965
12219,12219,0,2047,1414
12220,12220,0,2046,1896
12221,12221,0,2046,2387
12222,12222,0,2046,2859
12223,12223,0,2046,3285
12224,12224,0,2046,3642
12225,12225,0,2047,3910
12226,12226,0,2047,4075
12227,12227,0,2046,4095
12228,12228,0,2046,4064
12229,12229,0,2047,3888
12230,12230,0,2047,3610
12231,12231,0,2047,3246
12232,12232,0,2046,2814
12233,12233,0,2047,2339
12234,12234,0,2047,1849
12235,12235,0,2046,1368
12236,12236,0,2047,925
12237,12237,0,2046,543
12238,12238,0,2047,244
12239,12239,0,2047,44
12240,12240,0,2047,0
12241,12241,0,2046,0
12242,12242,0,2047,120
12243,12243,0,2047,366
12244,12244,0,2046,704
12245,12245,0,2047,1116
12246,12246,0,2046,1579
12247,12247,0,2047,2067
12248,12248,0,2046,2554
12249,12249,0,2046,3013
12250,12250,0,2046,3417
12251,12251,0,2047,3745
12252,12252,0,2047,3980
12253,12253,0,2046,4095
12254,12254,0,2047,4095
12255,12255,0,2046,4014
12256,12256,0,2047,3803
12257,12257,0,2047,3493
12258,12258,0,2046,3102
12259,12259,0,2047,2654
12260,12260,0,2046,2169
12261,12261,0,2047,1679
12262,12262,0,2047,1209
12263,12263,0,2045,784
12264,12264,0,2046,428
12265,12265,0,2046,162
12266,12266,0,2047,0
12267,12267,0,2046,0
12268,12268,0,2046,16
12269,12269,0,2047,194
12270,12270,0,2046,474
12271,12271,0,2046,840
12272,12272,0,2047,1272
12273,12273,0,2046,1746
12274,12274,0,2047,2238
12275,12275,0,2046,2718
12276,12276,0,2047,3161
12277,12277,0,2047,3541
12278,12278,0,2046,3838
12279,12279,0,2046,4036
12280,12280,0,2047,4095
12281,12281,0,2046,4095
12282,12282,0,2047,3954
12283,12283,0,2047,3705
12284,12284,0,2047,3365
12285,12285,0,2046,2951
12286,12286,0,2047,2488
12287,12287,0,2046,1999
12288,12288,0,2046,1513
12289,12289,0,2046,1054
12290,12290,0,2046,651
12291,12291,0,2046,325
12292,12292,0,2047,93
12293,12293,0,2047,0
12294,12294,0,2046,0
12295,12295,0,2046,65
12296,12296,0,2047,280
12297,12297,0,2046,591
12298,12298,0,2047,983
12299,12299,0,2047,1433
12300,12300,0,2047,1917
12301,12301,0,2047,2408
12302,12302,0,2047,2878
12303,12303,0,2047,3301
12304,12304,0,2046,3655
12305,12305,0,2047,3919
12306,12306,0,2046,4080
12307,12307,0,2046,4095
12308,12308,0,2046,4058
12309,12309,0,2046,3878
12310,12310,0,2047,3597
12311,12311,0,2046,3229
12312,12312,0,2046,2795
12313,12313,0,2047,2320
12314,12314,0,2047,1828
12315,12315,0,2046,1348
12316,12316,0,2047,907
12317,12317,0,2046,529
12318,12318,0,2047,233
12319,12319,0,2046,38
12320,12320,0,2047,0
12321,12321,0,2046,0
12322,12322,0,2047,128
12323,12323,0,2046,378
12324,12324,0,2046,720
12325,12325,0,2047,1134
12326,12326,0,2047,1600
12327,12327,0,2047,2088
12328,12328,0,2047,2574
12329,12329,0,2047,3031
12330,12330,0,2047,3433
12331,12331,0,2047,3758
12332,12332,0,2047,3988
12333,12333,0,2047,4095
12334,12334,0,2046,4095
12335,12335,0,2046,4008
12336,12336,0,2047,3792
12337,12337,0,2047,3478
12338,12338,0,2046,3085
12339,12339,0,2047,2633
12340,12340,0,2047,2149
12341,12341,0,2046,1658
12342,12342,0,2047,1190
12343,12343,0,2046,767
12344,12344,0,2046,415
12345,12345,0,2047,153
12346,12346,0,2047,0
12347,12347,0,2046,0
12348,12348,0,2047,20
12349,12349,0,2047,204
12350,12350,0,2046,487
12351,12351,0,2046,856
12352,12352,0,2046,1291
12353,12353,0,2046,1767
12354,12354,0,2047,2258
12355,12355,0,2046,2738
12356,12356,0,2046,3179
12357,12357,0,2047,3555
12358,12358,0,2046,3849
12359,12359,0,2046,4042
12360,12360,0,2047,4095
12361,12361,0,2046,4092
12362,12362,0,2046,3945
12363,12363,0,2047,3693
12364,12364,0,2047,3349
12365,12365,0,2047,2933
12366,12366,0,2047,2467
12367,12367,0,2046,1978
12368,12368,0,2046,1492
12369,12369,0,2046,1036
12370,12370,0,2046,636
12371,12371,0,2047,314
12372,12372,0,2046,86
12373,12373,0,2047,0
12374,12374,0,2046,0
12375,12375,0,2046,72
12376,12376,0,2046,291
12377,12377,0,2046,606
12378,12378,0,2046,1002
12379,12379,0,2046,1454
12380,12380,0,2046,1939
12381,12381,0,2046,2428
12382,12382,0,2046,2896
12383,12383,0,2046,3318
12384,12384,0,2047,3668
12385,12385,0,2046,3928
12386,12386,0,2047,4084
12387,12387,0,2046,4095
12388,12388,0,2046,4053
12389,12389,0,2046,3869
12390,12390,0,2047,3583
12391,12391,0,2047,3212
12392,12392,0,2047,2776
12393,12393,0,2046,2298
12394,12394,0,2046,1807
12395,12395,0,2046,1328
12396,12396,0,2047,890
12397,12397,0,2046,514
12398,12398,0,2047,223
12399,12399,0,2046,32
12400,12400,0,2046,0
12401,12401,0,2047,0
12402,12402,0,2046,137
12403,12403,0,2046,390
12404,12404,0,2047,736
12405,12405,0,2046,1153
12406,12406,0,2047,1620
12407,12407,0,2046,2109
12408,12408,0,2047,2595
12409,12409,0,2047,3049
12410,12410,0,2047,3448
12411,12411,0,2046,3770
12412,12412,0,2046,3995
12413,12413,0,2046,4095
12414,12414,0,2046,4095
12415,12415,0,2047,4001
12416,12416,0,2046,3780
12417,12417,0,2046,3462
12418,12418,0,2046,3066
12419,12419,0,2047,2613
12420,12420,0,2046,2128
12421,12421,0,2046,1638
12422,12422,0,2046,1171
12423,12423,0,2047,752
12424,12424,0,2047,403
12425,12425,0,2047,144
12426,12426,0,2046,0
12427,12427,0,2046,0
12428,12428,0,2046,26
12429,12429,0,2046,214
12430,12430,0,2047,501
12431,12431,0,2046,874
12432,12432,0,2046,1311
12433,12433,0,2046,1788
12434,12434,0,2047,2279
12435,12435,0,2046,2758
12436,12436,0,2046,3196
12437,12437,0,2047,3570
12438,12438,0,2047,3860
12439,12439,0,2046,4048
12440,12440,0,2047,4095
12441,12441,0,2047,4088
12442,12442,0,2046,3936
12443,12443,0,2046,3680
12444,12444,0,2046,3332
12445,12445,0,2047,2914
12446,12446,0,2046,2447
12447,12447,0,2046,1957
12448,12448,0,2046,1472
12449,12449,0,2047,1018
12450,12450,0,2047,621
12451,12451,0,2047,302
12452,12452,0,2046,79
12453,12453,0,2046,0
12454,12454,0,2046,0
12455,12455,0,2046,79
12456,12456,0,2046,303
12457,12457,0,2046,621
12458,12458,0,2046,1020
12459,12459,0,2046,1474
12460,12460,0,2046,1959
12461,12461,0,2046,2449
12462,12462,0,2047,2916
12463,12463,0,2046,3334
12464,12464,0,2046,3681
12465,12465,0,2046,3937
12466,12466,0,2046,4088
12467,12467,0,2047,4095
12468,12468,0,2047,4048
12469,12469,0,2046,3858
12470,12470,0,2047,3568
12471,12471,0,2046,3194
12472,12472,0,2046,2756
12473,12473,0,2046,2278
12474,12474,0,2046,1786
12475,12475,0,2047,1309
12476,12476,0,2046,872
12477,12477,0,2047,500
12478,12478,0,2046,212
12479,12479,0,2047,26
12480,12480,0,2047,0
12481,12481,0,2046,0
12482,12482,0,2047,145
12483,12483,0,2047,403
12484,12484,0,2047,752
12485,12485,0,2046,1172
12486,12486,0,2046,1640
12487,12487,0,2046,2130
12488,12488,0,2047,2614
12489,12489,0,2047,3068
12490,12490,0,2047,3464
12491,12491,0,2047,3781
12492,12492,0,2046,4002
12493,12493,0,2047,4095
12494,12494,0,2047,4095
12495,12495,0,2047,3994
12496,12496,0,2047,3769
12497,12497,0,2046,3447
12498,12498,0,2047,3048
12499,12499,0,2046,2593
12500,12500,0,2046,2107
12501,12501,0,2047,1617
12502,12502,0,2046,1152
12503,12503,0,2047,735
12504,12504,0,2046,389
12505,12505,0,2046,135
12506,12506,0,2047,0
12507,12507,0,2046,0
12508,12508,0,2046,32
12509,12509,0,2046,223
12510,12510,0,2046,516
12511,12511,0,2046,891
12512,12512,0,2046,1331
12513,12513,0,2046,1809
12514,12514,0,2047,2300
12515,12515,0,2046,2778
12516,12516,0,2047,3213
12517,12517,0,2046,3583
12518,12518,0,2046,3869
12519,12519,0,2047,4052
12520,12520,0,2047,4095
12521,12521,0,2046,4084
12522,12522,0,2046,3927
12523,12523,0,2046,3667
12524,12524,0,2046,3316
12525,12525,0,2047,2895
12526,12526,0,2047,2426
12527,12527,0,2046,1936
12528,12528,0,2046,1452
12529,12529,0,2046,1001
12530,12530,0,2046,606
12531,12531,0,2046,290
12532,12532,0,2047,71
12533,12533,0,2046,0
12534,12534,0,2047,0
12535,12535,0,2046,86
12536,12536,0,2046,314
12537,12537,0,2046,637
12538,12538,0,2046,1038
12539,12539,0,2046,1494
12540,12540,0,2047,1979
12541,12541,0,2047,2469
12542,12542,0,2047,2934
12543,12543,0,2046,3350
12544,12544,0,2046,3694
12545,12545,0,2047,3945
12546,12546,0,2047,4091
12547,12547,0,2047,4095
12548,12548,0,2047,4041
12549,12549,0,2047,3848
12550,12550,0,2047,3554
12551,12551,0,2046,3177
12552,12552,0,2046,2737
12553,12553,0,2046,2257
12554,12554,0,2046,1766
12555,12555,0,2046,1290
12556,12556,0,2047,855
12557,12557,0,2046,486
12558,12558,0,2046,203
12559,12559,0,2046,21
12560,12560,0,2047,0
12561,12561,0,2046,0
12562,12562,0,2047,154
12563,12563,0,2046,416
12564,12564,0,2046,768
12565,12565,0,2046,1191
12566,12566,0,2047,1661
12567,12567,0,2046,2151
12568,12568,0,2046,2634
12569,12569,0,2047,3086
12570,12570,0,2047,3479
12571,12571,0,2047,3793
12572,12572,0,2046,4009
12573,12573,0,2047,4095
12574,12574,0,2046,4095
12575,12575,0,2046,3986
12576,12576,0,2046,3756
12577,12577,0,2046,3432
12578,12578,0,2047,3029
12579,12579,0,2046,2573
12580,12580,0,2046,2087
12581,12581,0,2046,1598
12582,12582,0,2046,1133
12583,12583,0,2047,719
12584,12584,0,2046,377
12585,12585,0,2047,127
12586,12586,0,2046,0
12587,12587,0,2046,0
12588,12588,0,2046,38
12589,12589,0,2046,234
12590,12590,0,2047,529
12591,12591,0,2046,909
12592,12592,0,2047,1350
12593,12593,0,2047,1829
12594,12594,0,2047,2321
12595,12595,0,2047,2796
12596,12596,0,2047,3231
12597,12597,0,2046,3597
12598,12598,0,2046,3879
12599,12599,0,2047,4058
12600,12600,0,2046,4095
12601,12601,0,2046,4079
12602,12602,0,2046,3918
12603,12603,0,2046,3654
12604,12604,0,2046,3300
12605,12605,0,2047,2876
12606,12606,0,2046,2406
12607,12607,0,2046,1916
12608,12608,0,2047,1432
12609,12609,0,2047,982
12610,12610,0,2047,591
12611,12611,0,2047,279
12612,12612,0,2046,64
12613,12613,0,2046,0
12614,12614,0,2046,0
12615,12615,0,2046,94
12616,12616,0,2047,326
12617,12617,0,2047,652
12618,12618,0,2047,1055
12619,12619,0,2046,1514
12620,12620,0,2047,2001
12621,12621,0,2047,2489
12622,12622,0,2046,2953
12623,12623,0,2047,3367
12624,12624,0,2046,3707
12625,12625,0,2046,3954
12626,12626,0,2046,4095
12627,12627,0,2046,4095
12628,12628,0,2046,4036
12629,12629,0,2046,3838
12630,12630,0,2046,3540
12631,12631,0,2046,3160
12632,12632,0,2046,2717
12633,12633,0,2046,2236
12634,12634,0,2046,1745
12635,12635,0,2047,1270
12636,12636,0,2046,838
12637,12637,0,2047,472
12638,12638,0,2046,193
12639,12639,0,2046,16
12640,12640,0,2046,0
12641,12641,0,2046,0
12642,12642,0,2047,163
12643,12643,0,2046,430
12644,12644,0,2046,786
12645,12645,0,2046,1210
12646,12646,0,2046,1681
12647,12647,0,2046,2171
12648,12648,0,2046,2654
12649,12649,0,2046,3103
12650,12650,0,2046,3494
12651,12651,0,2047,3804
12652,12652,0,2046,4016
12653,12653,0,2047,4095
12654,12654,0,2046,4095
12655,12655,0,2047,3980
12656,12656,0,2046,3744
12657,12657,0,2046,3415
12658,12658,0,2047,3011
12659,12659,0,2046,2553
12660,12660,0,2047,2066
12661,12661,0,2047,1577
12662,12662,0,2046,1114
12663,12663,0,2046,702
12664,12664,0,2047,364
12665,12665,0,2046,119
12666,12666,0,2046,0
12667,12667,0,2047,0
12668,12668,0,2047,44
12669,12669,0,2046,245
12670,12670,0,2046,544
12671,12671,0,2047,926
12672,12672,0,2046,1370
12673,12673,0,2047,1850
12674,12674,0,2046,2341
12675,12675,0,2046,2815
12676,12676,0,2047,3247
12677,12677,0,2046,3612
12678,12678,0,2046,3889
12679,12679,0,2047,4064
12680,12680,0,2046,4095
12681,12681,0,2046,4074
12682,12682,0,2046,3909
12683,12683,0,2047,3640
12684,12684,0,2046,3284
12685,12685,0,2046,2857
12686,12686,0,2047,2385
12687,12687,0,2047,1895
12688,12688,0,2047,1412
12689,12689,0,2047,964
12690,12690,0,2046,575
12691,12691,0,2046,268
12692,12692,0,2046,58
12693,12693,0,2046,0
12694,12694,0,2046,0
12695,12695,0,2046,101
12696,12696,0,2046,338
12697,12697,0,2046,668
12698,12698,0,2046,1075
12699,12699,0,2047,1534
12700,12700,0,2046,2021
12701,12701,0,2047,2509
12702,12702,0,2046,2972
12703,12703,0,2047,3382
12704,12704,0,2046,3719
12705,12705,0,2047,3962
12706,12706,0,2047,4095
12707,12707,0,2047,4095
12708,12708,0,2047,4030
12709,12709,0,2046,3827
12710,12710,0,2046,3525
12711,12711,0,2046,3142
12712,12712,0,2046,2696
12713,12713,0,2047,2216
12714,12714,0,2047,1724
12715,12715,0,2046,1251
12716,12716,0,2047,821
12717,12717,0,2047,459
12718,12718,0,2046,183
12719,12719,0,2047,10
12720,12720,0,2046,0
12721,12721,0,2046,4
12722,12722,0,2046,172
12723,12723,0,2046,443
12724,12724,0,2047,802
12725,12725,0,2047,1229
12726,12726,0,2047,1702
12727,12727,0,2046,2192
12728,12728,0,2047,2674
12729,12729,0,2046,3121
12730,12730,0,2046,3508
12731,12731,0,2046,3815
12732,12732,0,2047,4022
12733,12733,0,2047,4095
12734,12734,0,2046,4095
12735,12735,0,2046,3971
12736,12736,0,2046,3732
12737,12737,0,2047,3401
12738,12738,0,2047,2993
12739,12739,0,2046,2533
12740,12740,0,2046,2045
12741,12741,0,2046,1557
12742,12742,0,2046,1096
12743,12743,0,2046,686
12744,12744,0,2046,352
12745,12745,0,2047,111
12746,12746,0,2046,0
12747,12747,0,2046,0
12748,12748,0,2046,51
12749,12749,0,2046,255
12750,12750,0,2047,559
12751,12751,0,2047,944
12752,12752,0,2046,1389
12753,12753,0,2046,1871
12754,12754,0,2046,2362
12755,12755,0,2046,2834
12756,12756,0,2047,3264
12757,12757,0,2047,3626
12758,12758,0,2047,3899
12759,12759,0,2046,4069
12760,12760,0,2046,4095
12761,12761,0,2046,4069
12762,12762,0,2046,3900
12763,12763,0,2046,3627
12764,12764,0,2046,3266
12765,12765,0,2046,2838
12766,12766,0,2047,2364
12767,12767,0,2046,1873
12768,12768,0,2047,1392
12769,12769,0,2046,946
12770,12770,0,2046,561
12771,12771,0,2046,257
12772,12772,0,2047,52
12773,12773,0,2046,0
12774,12774,0,2046,0
12775,12775,0,2046,110
12776,12776,0,2047,350
12777,12777,0,2047,684
12778,12778,0,2047,1092
12779,12779,0,2046,1554
12780,12780,0,2046,2042
12781,12781,0,2046,2529
12782,12782,0,2047,2990
12783,12783,0,2047,3399
12784,12784,0,2047,3730
12785,12785,0,2046,3971
12786,12786,0,2047,4095
12787,12787,0,2046,4095
12788,12788,0,2046,4023
12789,12789,0,2046,3816
12790,12790,0,2047,3511
12791,12791,0,2046,3123
12792,12792,0,2047,2677
12793,12793,0,2046,2195
12794,12794,0,2046,1704
12795,12795,0,2046,1232
12796,12796,0,2046,804
12797,12797,0,2047,444
12798,12798,0,2047,173
12799,12799,0,2047,6
12800,12800,0,2047,0
12801,12801,0,2047,10
12802,12802,0,2047,182
12803,12803,0,2047,457
12804,12804,0,2046,819
12805,12805,0,2046,1248
12806,12806,0,2047,1723
12807,12807,0,2046,2213
12808,12808,0,2046,2694
12809,12809,0,2047,3139
12810,12810,0,2046,3523
12811,12811,0,2047,3825
12812,12812,0,2046,4028
12813,12813,0,2047,4095
12814,12814,0,2047,4095
12815,12815,0,2046,3963
12816,12816,0,2047,3720
12817,12817,0,2046,3384
12818,12818,0,2046,2974
12819,12819,0,2046,2512
12820,12820,0,2046,2024
12821,12821,0,2047,1537
12822,12822,0,2047,1077
12823,12823,0,2047,670
12824,12824,0,2047,340
12825,12825,0,2047,103
12826,12826,0,2047,0
12827,12827,0,2046,0
12828,12828,0,2046,58
12829,12829,0,2046,266
12830,12830,0,2047,573
12831,12831,0,2046,962
12832,12832,0,2047,1409
12833,12833,0,2047,1892
12834,12834,0,2047,2382
12835,12835,0,2046,2854
12836,12836,0,2047,3281
12837,12837,0,2047,3639
12838,12838,0,2047,3908
12839,12839,0,2047,4074
12840,12840,0,2046,4095
12841,12841,0,2047,4066
12842,12842,0,2047,3890
12843,12843,0,2046,3613
12844,12844,0,2046,3249
12845,12845,0,2046,2818
12846,12846,0,2047,2344
12847,12847,0,2047,1853
12848,12848,0,2047,1372
12849,12849,0,2046,928
12850,12850,0,2047,546
12851,12851,0,2047,246
12852,12852,0,2046,45
12853,12853,0,2046,0
12854,12854,0,2046,0
12855,12855,0,2046,118
12856,12856,0,2047,362
12857,12857,0,2046,700
12858,12858,0,2046,1112
12859,12859,0,2047,1574
12860,12860,0,2047,2063
12861,12861,0,2047,2550
12862,12862,0,2047,3008
12863,12863,0,2047,3414
12864,12864,0,2046,3743
12865,12865,0,2046,3979
12866,12866,0,2046,4095
12867,12867,0,2046,4095
12868,12868,0,2046,4017
12869,12869,0,2047,3805
12870,12870,0,2047,3496
12871,12871,0,2047,3105
12872,12872,0,2046,2657
12873,12873,0,2046,2174
12874,12874,0,2046,1684
12875,12875,0,2046,1212
12876,12876,0,2046,788
12877,12877,0,2047,432
12878,12878,0,2046,164
12879,12879,0,2047,1
12880,12880,0,2046,0
12881,12881,0,2047,14
12882,12882,0,2047,192
12883,12883,0,2046,470
12884,12884,0,2046,836
12885,12885,0,2046,1268
12886,12886,0,2047,1742
12887,12887,0,2046,2234
12888,12888,0,2046,2714
12889,12889,0,2047,3157
12890,12890,0,2047,3538
12891,12891,0,2045,3836
12892,12892,0,2046,4035
12893,12893,0,2047,4095
12894,12894,0,2046,4095
12895,12895,0,2046,3954
12896,12896,0,2047,3707
12897,12897,0,2046,3368
12898,12898,0,2047,2955
12899,12899,0,2046,2492
12900,12900,0,2046,2003
12901,12901,0,2047,1517
12902,12902,0,2046,1058
12903,12903,0,2046,655
12904,12904,0,2046,328
12905,12905,0,2047,95
12906,12906,0,2047,0
12907,12907,0,2047,0
12908,12908,0,2047,64
12909,12909,0,2046,277
12910,12910,0,2047,588
12911,12911,0,2047,980
12912,12912,0,2047,1429
12913,12913,0,2047,1913
12914,12914,0,2047,2404
12915,12915,0,2047,2873
12916,12916,0,2046,3297
12917,12917,0,2046,3652
12918,12918,0,2047,3917
12919,12919,0,2047,4079
12920,12920,0,2046,4095
12921,12921,0,2046,4060
12922,12922,0,2047,3881
12923,12923,0,2047,3599
12924,12924,0,2047,3232
12925,12925,0,2046,2799
12926,12926,0,2047,2323
12927,12927,0,2046,1832
12928,12928,0,2047,1353
12929,12929,0,2046,910
12930,12930,0,2047,531
12931,12931,0,2046,235
12932,12932,0,2046,39
12933,12933,0,2046,0
12934,12934,0,2046,0
12935,12935,0,2046,126
12936,12936,0,2047,375
12937,12937,0,2046,717
12938,12938,0,2046,1131
12939,12939,0,2047,1595
12940,12940,0,2046,2084
12941,12941,0,2046,2570
12942,12942,0,2046,3027
12943,12943,0,2046,3430
12944,12944,0,2047,3756
12945,12945,0,2046,3986
12946,12946,0,2047,4095
12947,12947,0,2046,4095
12948,12948,0,2046,4010
12949,12949,0,2046,3794
12950,12950,0,2046,3481
12951,12951,0,2046,3088
12952,12952,0,2047,2637
12953,12953,0,2046,2153
12954,12954,0,2046,1663
12955,12955,0,2047,1193
12956,12956,0,2047,770
12957,12957,0,2046,418
12958,12958,0,2046,155
12959,12959,0,2046,0
12960,12960,0,2046,0
12961,12961,0,2046,19
12962,12962,0,2047,201
12963,12963,0,2046,484
12964,12964,0,2046,853
12965,12965,0,2047,1287
12966,12966,0,2046,1763
12967,12967,0,2047,2255
12968,12968,0,2046,2735
12969,12969,0,2046,3175
12970,12970,0,2046,3552
12971,12971,0,2046,3847
12972,12972,0,2046,4042
12973,12973,0,2047,4095
12974,12974,0,2046,4093
12975,12975,0,2047,3946
12976,12976,0,2047,3695
12977,12977,0,2046,3352
12978,12978,0,2047,2937
12979,12979,0,2047,2471
12980,12980,0,2047,1982
12981,12981,0,2047,1496
12982,12982,0,2046,1040
12983,12983,0,2047,639
12984,12984,0,2046,316
12985,12985,0,2046,88
12986,12986,0,2046,0
12987,12987,0,2047,0
12988,12988,0,2047,71
12989,12989,0,2047,288
12990,12990,0,2046,604
12991,12991,0,2047,998
12992,12992,0,2047,1449
12993,12993,0,2046,1933
12994,12994,0,2046,2423
12995,12995,0,2047,2893
12996,12996,0,2047,3314
12997,12997,0,2046,3666
12998,12998,0,2045,3926
12999,12999,0,2046,4083
13000,13000,0,2046,4095
13001,13001,0,2046,4055
13002,13002,0,2046,3871
13003,13003,0,2046,3586
13004,13004,0,2046,3215
13005,13005,0,2046,2779
13006,13006,0,2046,2303
13007,13007,0,2046,1812
13008,13008,0,2047,1333
13009,13009,0,2046,894
13010,13010,0,2046,517
13011,13011,0,2046,225
13012,13012,0,2046,33
13013,13013,0,2047,0
13014,13014,0,2046,0
13015,13015,0,2047,135
13016,13016,0,2046,389
13017,13017,0,2046,733
13018,13018,0,2046,1149
13019,13019,0,2046,1615
13020,13020,0,2046,2105
13021,13021,0,2046,2591
13022,13022,0,2046,3045
13023,13023,0,2046,3445
13024,13024,0,2046,3767
13025,13025,0,2046,3993
13026,13026,0,2046,4095
13027,13027,0,2045,4095
13028,13028,0,2046,4003
13029,13029,0,2047,3782
13030,13030,0,2046,3466
13031,13031,0,2047,3070
13032,13032,0,2047,2617
13033,13033,0,2046,2133
13034,13034,0,2046,1643
13035,13035,0,2046,1174
13036,13036,0,2046,755
13037,13037,0,2046,404
13038,13038,0,2047,146
13039,13039,0,2046,0
13040,13040,0,2046,0
13041,13041,0,2046,25
13042,13042,0,2046,210
13043,13043,0,2047,498
13044,13044,0,2047,871
13045,13045,0,2047,1307
13046,13046,0,2047,1785
13047,13047,0,2046,2276
13048,13048,0,2046,2753
13049,13049,0,2047,3192
13050,13050,0,2047,3567
13051,13051,0,2046,3857
13052,13052,0,2046,4047
13053,13053,0,2047,4095
13054,13054,0,2046,4088
13055,13055,0,2046,3938
13056,13056,0,2047,3682
13057,13057,0,2046,3335
13058,13058,0,2047,2917
13059,13059,0,2046,2450
13060,13060,0,2046,1961
13061,13061,0,2047,1476
13062,13062,0,2046,1021
13063,13063,0,2046,624
13064,13064,0,2046,304
13065,13065,0,2046,80
13066,13066,0,2046,0
13067,13067,0,2046,0
13068,13068,0,2046,77
13069,13069,0,2046,300
13070,13070,0,2046,619
13071,13071,0,2046,1016
13072,13072,0,2046,1470
13073,13073,0,2046,1955
13074,13074,0,2047,2444
13075,13075,0,2046,2911
13076,13076,0,2047,3330
13077,13077,0,2046,3679
13078,13078,0,2047,3936
13079,13079,0,2046,4087
13080,13080,0,2046,4095
13081,13081,0,2046,4049
13082,13082,0,2046,3860
13083,13083,0,2046,3572
13084,13084,0,2046,3197
13085,13085,0,2047,2759
13086,13086,0,2046,2282
13087,13087,0,2046,1790
13088,13088,0,2046,1313
13089,13089,0,2046,876
13090,13090,0,2046,503
13091,13091,0,2046,214
13092,13092,0,2046,28
13093,13093,0,2046,0
13094,13094,0,2046,0
13095,13095,0,2047,143
13096,13096,0,2047,401
13097,13097,0,2047,750
13098,13098,0,2046,1168
13099,13099,0,2046,1637
13100,13100,0,2046,2125
13101,13101,0,2047,2611
13102,13102,0,2047,3064
13103,13103,0,2046,3460
13104,13104,0,2046,3779
13105,13105,0,2046,4001
13106,13106,0,2047,4095
13107,13107,0,2047,4095
13108,13108,0,2046,3995
13109,13109,0,2046,3770
13110,13110,0,2047,3450
13111,13111,0,2046,3052
13112,13112,0,2046,2597
13113,13113,0,2046,2111
13114,13114,0,2046,1621
13115,13115,0,2046,1155
13116,13116,0,2046,738
13117,13117,0,2046,392
13118,13118,0,2046,137
13119,13119,0,2046,0
13120,13120,0,2046,0
13121,13121,0,2046,31
13122,13122,0,2046,222
13123,13123,0,2046,513
13124,13124,0,2047,888
13125,13125,0,2047,1327
13126,13126,0,2046,1805
13127,13127,0,2046,2296
13128,13128,0,2046,2774
13129,13129,0,2046,3210
13130,13130,0,2046,3581
13131,13131,0,2047,3867
13132,13132,0,2046,4053
13133,13133,0,2047,4095
13134,13134,0,2046,4084
13135,13135,0,2046,3930
13136,13136,0,2047,3669
13137,13137,0,2047,3319
13138,13138,0,2046,2899
13139,13139,0,2047,2430
13140,13140,0,2047,1940
13141,13141,0,2046,1456
13142,13142,0,2046,1004
13143,13143,0,2047,609
13144,13144,0,2046,293
13145,13145,0,2046,72
13146,13146,0,2046,0
13147,13147,0,2047,0
13148,13148,0,2047,85
13149,13149,0,2046,312
13150,13150,0,2046,634
13151,13151,0,2047,1034
13152,13152,0,2046,1490
13153,13153,0,2046,1975
13154,13154,0,2046,2465
13155,13155,0,2046,2930
13156,13156,0,2046,3347
13157,13157,0,2047,3691
13158,13158,0,2046,3944
13159,13159,0,2047,4091
13160,13160,0,2046,4095
13161,13161,0,2047,4043
13162,13162,0,2047,3850
13163,13163,0,2046,3557
13164,13164,0,2046,3180
13165,13165,0,2046,2740
13166,13166,0,2046,2261
13167,13167,0,2046,1770
13168,13168,0,2047,1294
13169,13169,0,2046,858
13170,13170,0,2046,489
13171,13171,0,2046,204
13172,13172,0,2046,22
13173,13173,0,2046,0
13174,13174,0,2046,0
13175,13175,0,2046,153
13176,13176,0,2047,414
13177,13177,0,2046,766
13178,13178,0,2046,1187
13179,13179,0,2047,1657
13180,13180,0,2046,2147
13181,13181,0,2046,2631
13182,13182,0,2047,3082
13183,13183,0,2047,3476
13184,13184,0,2046,3790
13185,13185,0,2046,4008
13186,13186,0,2046,4095
13187,13187,0,2046,4095
13188,13188,0,2046,3989
13189,13189,0,2046,3759
13190,13190,0,2046,3435
13191,13191,0,2047,3033
13192,13192,0,2046,2578
13193,13193,0,2046,2091
13194,13194,0,2046,1602
13195,13195,0,2046,1136
13196,13196,0,2046,722
13197,13197,0,2047,380
13198,13198,0,2046,130
13199,13199,0,2047,0
13200,13200,0,2046,0
13201,13201,0,2046,37
13202,13202,0,2046,232
13203,13203,0,2047,527
13204,13204,0,2047,905
13205,13205,0,2046,1346
13206,13206,0,2046,1826
13207,13207,0,2047,2317
13208,13208,0,2046,2793
13209,13209,0,2046,3227
13210,13210,0,2047,3596
13211,13211,0,2047,3878
13212,13212,0,2047,4058
13213,13213,0,2047,4095
13214,13214,0,2047,4080
13215,13215,0,2046,3920
13216,13216,0,2047,3656
13217,13217,0,2046,3303
13218,13218,0,2046,2880
13219,13219,0,2046,2409
13220,13220,0,2047,1920
13221,13221,0,2047,1436
13222,13222,0,2046,986
13223,13223,0,2046,593
13224,13224,0,2046,281
13225,13225,0,2046,66
13226,13226,0,2047,0
13227,13227,0,2046,0
13228,13228,0,2046,93
13229,13229,0,2046,324
13230,13230,0,2046,649
13231,13231,0,2047,1053
13232,13232,0,2046,1510
13233,13233,0,2047,1996
13234,13234,0,2047,2486
13235,13235,0,2046,2950
13236,13236,0,2047,3363
13237,13237,0,2046,3704
13238,13238,0,2046,3953
13239,13239,0,2046,4095
13240,13240,0,2046,4095
13241,13241,0,2046,4037
13242,13242,0,2046,3839
13243,13243,0,2046,3543
13244,13244,0,2046,3163
13245,13245,0,2046,2721
13246,13246,0,2047,2241
13247,13247,0,2046,1749
13248,13248,0,2046,1275
13249,13249,0,2047,842
13250,13250,0,2047,474
13251,13251,0,2047,195
13252,13252,0,2047,16
13253,13253,0,2047,0
13254,13254,0,2046,0
13255,13255,0,2047,162
13256,13256,0,2046,427
13257,13257,0,2046,782
13258,13258,0,2046,1207
13259,13259,0,2046,1678
13260,13260,0,2047,2167
13261,13261,0,2047,2650
13262,13262,0,2046,3100
13263,13263,0,2046,3492
13264,13264,0,2046,3802
13265,13265,0,2046,4015
13266,13266,0,2046,4095
13267,13267,0,2046,4095
13268,13268,0,2047,3980
13269,13269,0,2046,3747
13270,13270,0,2046,3419
13271,13271,0,2046,3014
13272,13272,0,2046,2557
13273,13273,0,2046,2070
13274,13274,0,2046,1581
13275,13275,0,2046,1118
13276,13276,0,2046,705
13277,13277,0,2046,367
13278,13278,0,2047,120
13279,13279,0,2046,0
13280,13280,0,2047,0
13281,13281,0,2046,43
13282,13282,0,2047,243
13283,13283,0,2047,541
13284,13284,0,2047,923
13285,13285,0,2046,1366
13286,13286,0,2047,1846
13287,13287,0,2046,2338
13288,13288,0,2047,2812
13289,13289,0,2047,3244
13290,13290,0,2048,3609
13291,13291,0,2046,3887
13292,13292,0,2047,4064
13293,13293,0,2047,4095
13294,13294,0,2047,4076
13295,13295,0,2047,3911
13296,13296,0,2047,3643
13297,13297,0,2046,3286
13298,13298,0,2046,2861
13299,13299,0,2046,2389
13300,13300,0,2047,1898
13301,13301,0,2046,1415
13302,13302,0,2046,967
13303,13303,0,2046,578
13304,13304,0,2047,270
13305,13305,0,2046,59
13306,13306,0,2047,0
13307,13307,0,2046,0
13308,13308,0,2047,101
13309,13309,0,2046,336
13310,13310,0,2047,665
13311,13311,0,2046,1071
13312,13312,0,2046,1530
13313,13313,0,2047,2017
13314,13314,0,2046,2506
13315,13315,0,2046,2969
13316,13316,0,2046,3380
13317,13317,0,2046,3716
13318,13318,0,2046,3961
13319,13319,0,2046,4095
13320,13320,0,2047,4095
13321,13321,0,2046,4032
13322,13322,0,2046,3829
13323,13323,0,2046,3528
13324,13324,0,2047,3145
13325,13325,0,2046,2701
13326,13326,0,2046,2220
13327,13327,0,2047,1729
13328,13328,0,2047,1255
13329,13329,0,2047,823
13330,13330,0,2047,461
13331,13331,0,2046,185
13332,13332,0,2047,11
13333,13333,0,2046,0
13334,13334,0,2047,4
13335,13335,0,2047,171
13336,13336,0,2047,441
13337,13337,0,2046,799
13338,13338,0,2047,1225
13339,13339,0,2046,1697
13340,13340,0,2047,2188
13341,13341,0,2046,2671
13342,13342,0,2046,3118
13343,13343,0,2047,3506
13344,13344,0,2047,3813
13345,13345,0,2046,4020
13346,13346,0,2046,4095
13347,13347,0,2047,4095
13348,13348,0,2047,3973
13349,13349,0,2046,3735
13350,13350,0,2048,3404
13351,13351,0,2047,2996
13352,13352,0,2047,2537
13353,13353,0,2047,2049
13354,13354,0,2046,1561
13355,13355,0,2047,1099
13356,13356,0,2046,689
13357,13357,0,2046,354
13358,13358,0,2047,113
13359,13359,0,2046,0
13360,13360,0,2047,0
13361,13361,0,2046,49
13362,13362,0,2047,253
13363,13363,0,2047,556
13364,13364,0,2046,940
13365,13365,0,2047,1385
13366,13366,0,2047,1867
13367,13367,0,2046,2359
13368,13368,0,2047,2832
13369,13369,0,2047,3260
13370,13370,0,2047,3623
13371,13371,0,2047,3897
13372,13372,0,2047,4068
13373,13373,0,2046,4095
13374,13374,0,2047,4071
13375,13375,0,2046,3901
13376,13376,0,2046,3630
13377,13377,0,2046,3270
13378,13378,0,2047,2842
13379,13379,0,2046,2369
13380,13380,0,2046,1878
13381,13381,0,2047,1396
13382,13382,0,2046,950
13383,13383,0,2046,564
13384,13384,0,2046,259
13385,13385,0,2047,53
13386,13386,0,2047,0
13387,13387,0,2046,0
13388,13388,0,2046,109
13389,13389,0,2046,348
13390,13390,0,2046,681
13391,13391,0,2046,1090
13392,13392,0,2046,1550
13393,13393,0,2046,2038
13394,13394,0,2046,2526
13395,13395,0,2047,2987
13396,13396,0,2047,3396
13397,13397,0,2046,3730
13398,13398,0,2047,3969
13399,13399,0,2046,4095
13400,13400,0,2046,4095
13401,13401,0,2046,4024
13402,13402,0,2047,3818
13403,13403,0,2047,3513
13404,13404,0,2047,3128
13405,13405,0,2046,2680
13406,13406,0,2046,2199
13407,13407,0,2047,1708
13408,13408,0,2046,1235
13409,13409,0,2047,808
13410,13410,0,2047,447
13411,13411,0,2046,175
13412,13412,0,2046,7
13413,13413,0,2046,0
13414,13414,0,2046,8
13415,13415,0,2046,180
13416,13416,0,2046,454
13417,13417,0,2046,816
13418,13418,0,2046,1245
13419,13419,0,2047,1718
13420,13420,0,2047,2209
13421,13421,0,2047,2691
13422,13422,0,2047,3136
13423,13423,0,2046,3521
13424,13424,0,2047,3824
13425,13425,0,2046,4027
13426,13426,0,2046,4095
13427,13427,0,2046,4095
13428,13428,0,2046,3965
13429,13429,0,2046,3723
13430,13430,0,2047,3387
13431,13431,0,2046,2978
13432,13432,0,2047,2516
13433,13433,0,2046,2028
13434,13434,0,2047,1541
13435,13435,0,2046,1081
13436,13436,0,2046,674
13437,13437,0,2046,342
13438,13438,0,2046,104
13439,13439,0,2046,0
13440,13440,0,2047,0
13441,13441,0,2046,56
13442,13442,0,2046,264
13443,13443,0,2047,571
13444,13444,0,2046,958
13445,13445,0,2047,1406
13446,13446,0,2046,1888
13447,13447,0,2047,2379
13448,13448,0,2047,2852
13449,13449,0,2046,3278
13450,13450,0,2046,3636
13451,13451,0,2046,3907
13452,13452,0,2046,4073
13453,13453,0,2047,4095
13454,13454,0,2046,4065
13455,13455,0,2046,3893
13456,13456,0,2046,3615
13457,13457,0,2047,3252
13458,13458,0,2046,2822
13459,13459,0,2046,2348
13460,13460,0,2046,1857
13461,13461,0,2046,1376
13462,13462,0,2047,932
13463,13463,0,2047,549
13464,13464,0,2046,248
13465,13465,0,2047,46
13466,13466,0,2046,0
13467,13467,0,2046,0
13468,13468,0,2046,117
13469,13469,0,2046,360
13470,13470,0,2046,698
13471,13471,0,2047,1108
13472,13472,0,2047,1570
13473,13473,0,2046,2059
13474,13474,0,2046,2546
13475,13475,0,2046,3005
13476,13476,0,2046,3412
13477,13477,0,2046,3741
13478,13478,0,2046,3977
13479,13479,0,2047,4095
13480,13480,0,2046,4095
13481,13481,0,2046,4017
13482,13482,0,2047,3807
13483,13483,0,2046,3498
13484,13484,0,2046,3110
13485,13485,0,2047,2661
13486,13486,0,2046,2178
13487,13487,0,2047,1688
13488,13488,0,2046,1216
13489,13489,0,2046,791
13490,13490,0,2047,434
13491,13491,0,2046,166
13492,13492,0,2046,2
13493,13493,0,2046,0
13494,13494,0,2047,14
13495,13495,0,2046,189
13496,13496,0,2046,469
13497,13497,0,2046,833
13498,13498,0,2046,1265
13499,13499,0,2046,1739
13500,13500,0,2046,2230
13501,13501,0,2047,2710
13502,13502,0,2047,3154
13503,13503,0,2046,3535
13504,13504,0,2047,3835
13505,13505,0,2046,4034
13506,13506,0,2046,4095
13507,13507,0,2047,4095
13508,13508,0,2046,3956
13509,13509,0,2046,3710
13510,13510,0,2046,3372
13511,13511,0,2046,2958
13512,13512,0,2046,2495
13513,13513,0,2046,2007
13514,13514,0,2047,1520
13515,13515,0,2046,1062
13516,13516,0,2046,658
13517,13517,0,2046,330
13518,13518,0,2046,96
13519,13519,0,2046,0
13520,13520,0,2047,0
13521,13521,0,2046,63
13522,13522,0,2047,276
13523,13523,0,2047,586
13524,13524,0,2046,976
13525,13525,0,2047,1425
13526,13526,0,2046,1909
13527,13527,0,2046,2400
13528,13528,0,2046,2870
13529,13529,0,2047,3294
13530,13530,0,2046,3650
13531,13531,0,2046,3915
13532,13532,0,2047,4078
13533,13533,0,2047,4095
13534,13534,0,2046,4060
13535,13535,0,2047,3882
13536,13536,0,2046,3603
13537,13537,0,2046,3235
13538,13538,0,2045,2803
13539,13539,0,2046,2327
13540,13540,0,2046,1836
13541,13541,0,2046,1356
13542,13542,0,2047,914
13543,13543,0,2046,534
13544,13544,0,2046,238
13545,13545,0,2047,41
13546,13546,0,2047,0
13547,13547,0,2046,0
13548,13548,0,2046,124
13549,13549,0,2046,373
13550,13550,0,2046,714
13551,13551,0,2046,1127
13552,13552,0,2046,1591
13553,13553,0,2047,2080
13554,13554,0,2046,2567
13555,13555,0,2046,3024
13556,13556,0,2047,3427
13557,13557,0,2047,3752
13558,13558,0,2046,3984
13559,13559,0,2046,4095
13560,13560,0,2047,4095
13561,13561,0,2046,4011
13562,13562,0,2046,3795
13563,13563,0,2046,3484
13564,13564,0,2046,3091
13565,13565,0,2046,2641
13566,13566,0,2046,2157
13567,13567,0,2046,1667
13568,13568,0,2046,1197
13569,13569,0,2046,774
13570,13570,0,2047,421
13571,13571,0,2046,158
13572,13572,0,2046,0
13573,13573,0,2046,0
13574,13574,0,2046,20
13575,13575,0,2046,200
13576,13576,0,2047,482
13577,13577,0,2046,849
13578,13578,0,2046,1283
13579,13579,0,2046,1759
13580,13580,0,2047,2251
13581,13581,0,2046,2731
13582,13582,0,2046,3171
13583,13583,0,2046,3550
13584,13584,0,2046,3845
13585,13585,0,2046,4040
13586,13586,0,2046,4095
13587,13587,0,2046,4093
13588,13588,0,2047,3948
13589,13589,0,2046,3698
13590,13590,0,2046,3356
13591,13591,0,2046,2940
13592,13592,0,2046,2476
13593,13593,0,2047,1987
13594,13594,0,2047,1500
13595,13595,0,2046,1043
13596,13596,0,2046,642
13597,13597,0,2047,318
13598,13598,0,2047,88
13599,13599,0,2046,0
13600,13600,0,2046,0
13601,13601,0,2046,70
13602,13602,0,2046,286
13603,13603,0,2047,600
13604,13604,0,2046,994
13605,13605,0,2046,1445
13606,13606,0,2047,1929
13607,13607,0,2046,2420
13608,13608,0,2046,2889
13609,13609,0,2046,3311
13610,13610,0,2046,3663
13611,13611,0,2046,3925
13612,13612,0,2046,4082
13613,13613,0,2047,4095
13614,13614,0,2046,4055
13615,13615,0,2046,3872
13616,13616,0,2047,3588
13617,13617,0,2046,3218
13618,13618,0,2046,2784
13619,13619,0,2047,2307
13620,13620,0,2046,1816
13621,13621,0,2046,1337
13622,13622,0,2047,897
13623,13623,0,2046,520
13624,13624,0,2047,227
13625,13625,0,2046,34
13626,13626,0,2047,0
13627,13627,0,2046,0
13628,13628,0,2047,133
13629,13629,0,2047,385
13630,13630,0,2046,729
13631,13631,0,2047,1145
13632,13632,0,2047,1611
13633,13633,0,2047,2101
13634,13634,0,2047,2587
13635,13635,0,2047,3042
13636,13636,0,2046,3442
13637,13637,0,2046,3764
13638,13638,0,2046,3992
13639,13639,0,2046,4095
13640,13640,0,2047,4095
13641,13641,0,2046,4004
13642,13642,0,2046,3784
13643,13643,0,2047,3469
13644,13644,0,2046,3074
13645,13645,0,2046,2621
13646,13646,0,2046,2136
13647,13647,0,2046,1646
13648,13648,0,2047,1178
13649,13649,0,2046,758
13650,13650,0,2046,408
13651,13651,0,2046,148
13652,13652,0,2047,0
13653,13653,0,2046,0
13654,13654,0,2046,24
13655,13655,0,2046,209
13656,13656,0,2046,496
13657,13657,0,2047,867
13658,13658,0,2046,1303
13659,13659,0,2047,1780
13660,13660,0,2046,2271
13661,13661,0,2046,2749
13662,13662,0,2046,3189
13663,13663,0,2047,3564
13664,13664,0,2047,3856
13665,13665,0,2046,4045
13666,13666,0,2047,4095
13667,13667,0,2046,4089
13668,13668,0,2046,3940
13669,13669,0,2046,3685
13670,13670,0,2046,3339
13671,13671,0,2047,2922
13672,13672,0,2047,2455
13673,13673,0,2046,1965
13674,13674,0,2047,1480
13675,13675,0,2046,1025
13676,13676,0,2046,627
13677,13677,0,2046,306
13678,13678,0,2047,81
13679,13679,0,2046,0
13680,13680,0,2046,0
13681,13681,0,2047,77
13682,13682,0,2046,298
13683,13683,0,2046,615
13684,13684,0,2047,1012
13685,13685,0,2046,1466
13686,13686,0,2047,1951
13687,13687,0,2047,2441
13688,13688,0,2046,2907
13689,13689,0,2047,3327
13690,13690,0,2047,3676
13691,13691,0,2046,3933
13692,13692,0,2047,4087
13693,13693,0,2047,4095
13694,13694,0,2047,4050
13695,13695,0,2047,3862
13696,13696,0,2047,3574
13697,13697,0,2046,3201
13698,13698,0,2046,2763
13699,13699,0,2046,2287
13700,13700,0,2047,1795
13701,13701,0,2047,1317
13702,13702,0,2047,879
13703,13703,0,2046,506
13704,13704,0,2046,217
13705,13705,0,2047,28
13706,13706,0,2047,0
13707,13707,0,2047,0
13708,13708,0,2047,142
13709,13709,0,2046,398
13710,13710,0,2046,746
13711,13711,0,2046,1164
13712,13712,0,2047,1633
13713,13713,0,2047,2122
13714,13714,0,2047,2606
13715,13715,0,2047,3061
13716,13716,0,2047,3458
13717,13717,0,2046,3777
13718,13718,0,2046,4000
13719,13719,0,2046,4095
13720,13720,0,2047,4095
13721,13721,0,2046,3997
13722,13722,0,2046,3773
13723,13723,0,2046,3453
13724,13724,0,2047,3055
13725,13725,0,2047,2601
13726,13726,0,2046,2115
13727,13727,0,2047,1626
13728,13728,0,2046,1159
13729,13729,0,2046,741
13730,13730,0,2046,395
13731,13731,0,2046,140
13732,13732,0,2046,0
13733,13733,0,2047,0
13734,13734,0,2047,29
13735,13735,0,2046,220
13736,13736,0,2046,509
13737,13737,0,2047,885
13738,13738,0,2046,1323
13739,13739,0,2047,1801
13740,13740,0,2046,2292
13741,13741,0,2046,2769
13742,13742,0,2047,3206
13743,13743,0,2047,3579
13744,13744,0,2047,3865
13745,13745,0,2046,4051
13746,13746,0,2046,4095
13747,13747,0,2046,4085
13748,13748,0,2046,3930
13749,13749,0,2046,3672
13750,13750,0,2047,3322
13751,13751,0,2047,2903
13752,13752,0,2046,2434
13753,13753,0,2046,1945
13754,13754,0,2046,1460
13755,13755,0,2047,1007
13756,13756,0,2046,612
13757,13757,0,2046,295
13758,13758,0,2047,75
13759,13759,0,2046,0
13760,13760,0,2046,0
13761,13761,0,2046,84
13762,13762,0,2046,310
13763,13763,0,2046,631
13764,13764,0,2046,1031
13765,13765,0,2046,1486
13766,13766,0,2046,1971
13767,13767,0,2046,2460
13768,13768,0,2046,2927
13769,13769,0,2047,3343
13770,13770,0,2046,3689
13771,13771,0,2047,3941
13772,13772,0,2046,4091
13773,13773,0,2047,4095
13774,13774,0,2047,4045
13775,13775,0,2047,3852
13776,13776,0,2046,3560
13777,13777,0,2047,3183
13778,13778,0,2046,2744
13779,13779,0,2046,2265
13780,13780,0,2046,1774
13781,13781,0,2046,1298
13782,13782,0,2046,862
13783,13783,0,2047,491
13784,13784,0,2047,207
13785,13785,0,2046,23
13786,13786,0,2047,0
13787,13787,0,2046,0
13788,13788,0,2046,151
13789,13789,0,2047,411
13790,13790,0,2046,762
13791,13791,0,2046,1183
13792,13792,0,2046,1652
13793,13793,0,2047,2143
13794,13794,0,2046,2627
13795,13795,0,2046,3078
13796,13796,0,2047,3472
13797,13797,0,2046,3787
13798,13798,0,2047,4006
13799,13799,0,2046,4095
13800,13800,0,2047,4095
13801,13801,0,2046,3990
13802,13802,0,2047,3760
13803,13803,0,2046,3438
13804,13804,0,2046,3037
13805,13805,0,2046,2581
13806,13806,0,2046,2095
13807,13807,0,2047,1605
13808,13808,0,2046,1140
13809,13809,0,2047,725
13810,13810,0,2046,382
13811,13811,0,2046,131
13812,13812,0,2046,0
13813,13813,0,2046,0
13814,13814,0,2047,36
13815,13815,0,2046,230
13816,13816,0,2046,524
13817,13817,0,2046,902
13818,13818,0,2047,1342
13819,13819,0,2046,1822
13820,13820,0,2047,2312
13821,13821,0,2046,2789
13822,13822,0,2046,3223
13823,13823,0,2046,3592
13824,13824,0,2046,3876
13825,13825,0,2046,4057
13826,13826,0,2046,4095
13827,13827,0,2046,4080
13828,13828,0,2047,3922
13829,13829,0,2046,3659
13830,13830,0,2047,3306
13831,13831,0,2047,2883
13832,13832,0,2047,2414
13833,13833,0,2046,1924
13834,13834,0,2046,1440
13835,13835,0,2046,989
13836,13836,0,2047,597
13837,13837,0,2046,284
13838,13838,0,2046,68
13839,13839,0,2046,0
13840,13840,0,2046,0
13841,13841,0,2047,91
13842,13842,0,2046,321
13843,13843,0,2046,647
13844,13844,0,2046,1049
13845,13845,0,2046,1505
13846,13846,0,2047,1992
13847,13847,0,2046,2481
13848,13848,0,2046,2945
13849,13849,0,2046,3359
13850,13850,0,2047,3701
13851,13851,0,2046,3951
13852,13852,0,2046,4094
13853,13853,0,2046,4095
13854,13854,0,2046,4038
13855,13855,0,2046,3842
13856,13856,0,2046,3546
13857,13857,0,2047,3167
13858,13858,0,2047,2724
13859,13859,0,2047,2245
13860,13860,0,2046,1754
13861,13861,0,2046,1278
13862,13862,0,2046,845
13863,13863,0,2047,478
13864,13864,0,2047,197
13865,13865,0,2047,18
13866,13866,0,2046,0
13867,13867,0,2046,0
13868,13868,0,2046,160
13869,13869,0,2046,425
13870,13870,0,2046,779
13871,13871,0,2046,1202
13872,13872,0,2046,1672
13873,13873,0,2046,2164
13874,13874,0,2047,2647
13875,13875,0,2047,3096
13876,13876,0,2046,3488
13877,13877,0,2046,3799
13878,13878,0,2047,4013
13879,13879,0,2046,4095
13880,13880,0,2046,4095
13881,13881,0,2046,3982
13882,13882,0,2046,3749
13883,13883,0,2047,3423
13884,13884,0,2047,3019
13885,13885,0,2046,2561
13886,13886,0,2046,2074
13887,13887,0,2046,1585
13888,13888,0,2046,1121
13889,13889,0,2046,709
13890,13890,0,2047,370
13891,13891,0,2046,122
13892,13892,0,2047,0
13893,13893,0,2047,0
13894,13894,0,2047,41
13895,13895,0,2047,240
13896,13896,0,2047,539
13897,13897,0,2046,920
13898,13898,0,2047,1362
13899,13899,0,2046,1842
13900,13900,0,2046,2333
13901,13901,0,2046,2808
13902,13902,0,2047,3240
13903,13903,0,2046,3607
13904,13904,0,2046,3886
13905,13905,0,2047,4062
13906,13906,0,2046,4095
13907,13907,0,2046,4076
13908,13908,0,2047,3913
13909,13909,0,2046,3646
13910,13910,0,2046,3290
13911,13911,0,2046,2865
13912,13912,0,2047,2394
13913,13913,0,2046,1903
13914,13914,0,2046,1420
13915,13915,0,2046,971
13916,13916,0,2047,582
13917,13917,0,2047,272
13918,13918,0,2046,61
13919,13919,0,2046,0
13920,13920,0,2046,0
13921,13921,0,2046,99
13922,13922,0,2046,333
13923,13923,0,2046,662
13924,13924,0,2046,1067
13925,13925,0,2046,1526
13926,13926,0,2046,2013
13927,13927,0,2047,2501
13928,13928,0,2047,2964
13929,13929,0,2046,3376
13930,13930,0,2046,3714
13931,13931,0,2046,3960
13932,13932,0,2046,4095
13933,13933,0,2046,4095
13934,13934,0,2046,4032
13935,13935,0,2046,3831
13936,13936,0,2047,3532
13937,13937,0,2047,3149
13938,13938,0,2047,2704
13939,13939,0,2046,2224
13940,13940,0,2047,1733
13941,13941,0,2047,1259
13942,13942,0,2047,828
13943,13943,0,2046,464
13944,13944,0,2047,187
13945,13945,0,2046,13
13946,13946,0,2047,0
13947,13947,0,2046,3
13948,13948,0,2046,168
13949,13949,0,2046,438
13950,13950,0,2046,795
13951,13951,0,2046,1221
13952,13952,0,2046,1693
13953,13953,0,2047,2184
13954,13954,0,2047,2666
13955,13955,0,2047,3114
13956,13956,0,2046,3502
13957,13957,0,2047,3810
13958,13958,0,2046,4020
13959,13959,0,2046,4095
13960,13960,0,2046,4095
13961,13961,0,2046,3974
13962,13962,0,2046,3737
13963,13963,0,2046,3407
13964,13964,0,2046,3001
13965,13965,0,2047,2541
13966,13966,0,2046,2054
13967,13967,0,2047,1565
13968,13968,0,2047,1104
13969,13969,0,2046,693
13970,13970,0,2046,357
13971,13971,0,2046,114
13972,13972,0,2047,0
13973,13973,0,2047,0
13974,13974,0,2047,47
13975,13975,0,2047,251
13976,13976,0,2046,553
13977,13977,0,2046,937
13978,13978,0,2046,1382
13979,13979,0,2046,1863
13980,13980,0,2047,2354
13981,13981,0,2047,2827
13982,13982,0,2047,3257
13983,13983,0,2046,3620
13984,13984,0,2046,3895
13985,13985,0,2046,4067
13986,13986,0,2047,4095
13987,13987,0,2046,4072
13988,13988,0,2045,3904
13989,13989,0,2046,3633
13990,13990,0,2046,3273
13991,13991,0,2046,2846
13992,13992,0,2046,2374
13993,13993,0,2046,1882
13994,13994,0,2046,1400
13995,13995,0,2047,953
13996,13996,0,2046,567
13997,13997,0,2046,262
13998,13998,0,2046,54
13999,13999,0,2047,0
14000,14000,0,2047,0
14001,14001,0,2046,106
14002,14002,0,2046,345
14003,14003,0,2046,678
14004,14004,0,2046,1086
14005,14005,0,2046,1545
14006,14006,0,2046,2034
14007,14007,0,2046,2521
14008,14008,0,2047,2984
14009,14009,0,2046,3391
14010,14010,0,2046,3726
14011,14011,0,2046,3967
14012,14012,0,2046,4095
14013,14013,0,2047,4095
14014,14014,0,2047,4026
14015,14015,0,2046,3820
14016,14016,0,2047,3516
14017,14017,0,2046,3131
14018,14018,0,2046,2685
14019,14019,0,2046,2203
14020,14020,0,2047,1713
14021,14021,0,2046,1239
14022,14022,0,2046,812
14023,14023,0,2047,450
14024,14024,0,2047,177
14025,14025,0,2046,7
14026,14026,0,2046,0
14027,14027,0,2047,7
14028,14028,0,2046,178
14029,14029,0,2046,451
14030,14030,0,2046,812
14031,14031,0,2047,1241
14032,14032,0,2046,1713
14033,14033,0,2046,2205
14034,14034,0,2046,2686
14035,14035,0,2046,3132
14036,14036,0,2047,3518
14037,14037,0,2047,3822
14038,14038,0,2046,4026
14039,14039,0,2046,4095
14040,14040,0,2046,4095
14041,14041,0,2046,3966
14042,14042,0,2047,3725
14043,14043,0,2046,3391
14044,14044,0,2047,2981
14045,14045,0,2046,2519
14046,14046,0,2046,2032
14047,14047,0,2046,1545
14048,14048,0,2047,1084
14049,14049,0,2046,677
14050,14050,0,2046,345
14051,14051,0,2046,106
14052,14052,0,2046,0
14053,14053,0,2047,0
14054,14054,0,2046,55
14055,14055,0,2047,262
14056,14056,0,2047,567
14057,14057,0,2046,954
14058,14058,0,2046,1402
14059,14059,0,2046,1884
14060,14060,0,2047,2374
14061,14061,0,2046,2847
14062,14062,0,2046,3275
14063,14063,0,2046,3633
14064,14064,0,2047,3905
14065,14065,0,2047,4071
14066,14066,0,2046,4095
14067,14067,0,2047,4067
14068,14068,0,2046,3894
14069,14069,0,2047,3619
14070,14070,0,2046,3256
14071,14071,0,2047,2826
14072,14072,0,2046,2353
14073,14073,0,2046,1861
14074,14074,0,2046,1380
14075,14075,0,2046,935
14076,14076,0,2047,552
14077,14077,0,2046,250
14078,14078,0,2046,48
14079,14079,0,2047,0
14080,14080,0,2047,0
14081,14081,0,2047,115
14082,14082,0,2047,358
14083,14083,0,2047,694
14084,14084,0,2046,1104
14085,14085,0,2046,1567
14086,14086,0,2047,2055
14087,14087,0,2046,2542
14088,14088,0,2046,3002
14089,14089,0,2046,3407
14090,14090,0,2046,3738
14091,14091,0,2047,3975
14092,14092,0,2046,4095
14093,14093,0,2047,4095
14094,14094,0,2046,4019
14095,14095,0,2047,3810
14096,14096,0,2047,3502
14097,14097,0,2046,3113
14098,14098,0,2046,2666
14099,14099,0,2046,2183
14100,14100,0,2046,1691
14101,14101,0,2047,1221
14102,14102,0,2046,795
14103,14103,0,2046,436
14104,14104,0,2046,168
14105,14105,0,2047,2
14106,14106,0,2046,0
14107,14107,0,2046,13
14108,14108,0,2046,188
14109,14109,0,2047,464
14110,14110,0,2046,830
14111,14111,0,2046,1260
14112,14112,0,2046,1735
14113,14113,0,2047,2225
14114,14114,0,2046,2707
14115,14115,0,2047,3150
14116,14116,0,2046,3532
14117,14117,0,2046,3833
14118,14118,0,2046,4032
14119,14119,0,2046,4095
14120,14120,0,2047,4095
14121,14121,0,2046,3959
14122,14122,0,2047,3712
14123,14123,0,2046,3375
14124,14124,0,2046,2963
14125,14125,0,2047,2500
14126,14126,0,2046,2012
14127,14127,0,2046,1525
14128,14128,0,2046,1065
14129,14129,0,2047,661
14130,14130,0,2047,333
14131,14131,0,2046,98
14132,14132,0,2047,0
14133,14133,0,2046,0
14134,14134,0,2047,61
14135,14135,0,2046,273
14136,14136,0,2046,583
14137,14137,0,2046,972
14138,14138,0,2047,1421
14139,14139,0,2047,1905
14140,14140,0,2046,2395
14141,14141,0,2047,2866
14142,14142,0,2046,3291
14143,14143,0,2047,3647
14144,14144,0,2046,3914
14145,14145,0,2047,4076
14146,14146,0,2046,4095
14147,14147,0,2047,4062
14148,14148,0,2047,3884
14149,14149,0,2046,3605
14150,14150,0,2046,3239
14151,14151,0,2046,2807
14152,14152,0,2047,2332
14153,14153,0,2047,1841
14154,14154,0,2046,1361
14155,14155,0,2047,918
14156,14156,0,2047,537
14157,14157,0,2046,240
14158,14158,0,2046,42
14159,14159,0,2047,0
14160,14160,0,2046,0
14161,14161,0,2045,123
14162,14162,0,2046,370
14163,14163,0,2046,710
14164,14164,0,2047,1123
14165,14165,0,2047,1587
14166,14166,0,2046,2076
14167,14167,0,2046,2563
14168,14168,0,2047,3020
14169,14169,0,2046,3424
14170,14170,0,2046,3750
14171,14171,0,2046,3983
14172,14172,0,2046,4095
14173,14173,0,2047,4095
14174,14174,0,2046,4012
14175,14175,0,2047,3799
14176,14176,0,2046,3487
14177,14177,0,2047,3095
14178,14178,0,2047,2646
14179,14179,0,2046,2161
14180,14180,0,2047,1671
14181,14181,0,2047,1202
14182,14182,0,2046,778
14183,14183,0,2046,423
14184,14184,0,2046,159
14185,14185,0,2047,0
14186,14186,0,2046,0
14187,14187,0,2046,17
14188,14188,0,2046,197
14189,14189,0,2046,479
14190,14190,0,2046,846
14191,14191,0,2047,1280
14192,14192,0,2046,1755
14193,14193,0,2047,2247
14194,14194,0,2046,2726
14195,14195,0,2047,3168
14196,14196,0,2046,3547
14197,14197,0,2046,3843
14198,14198,0,2046,4038
14199,14199,0,2046,4095
14200,14200,0,2046,4094
14201,14201,0,2047,3951
14202,14202,0,2046,3700
14203,14203,0,2046,3359
14204,14204,0,2047,2944
14205,14205,0,2046,2479
14206,14206,0,2046,1991
14207,14207,0,2046,1505
14208,14208,0,2046,1047
14209,14209,0,2046,646
14210,14210,0,2046,321
14211,14211,0,2047,91
14212,14212,0,2047,0
14213,14213,0,2046,0
14214,14214,0,2046,68
14215,14215,0,2046,284
14216,14216,0,2046,598
14217,14217,0,2047,990
14218,14218,0,2046,1441
14219,14219,0,2047,1926
14220,14220,0,2046,2416
14221,14221,0,2046,2885
14222,14222,0,2046,3308
14223,14223,0,2047,3661
14224,14224,0,2046,3923
14225,14225,0,2046,4081
14226,14226,0,2046,4095
14227,14227,0,2047,4056
14228,14228,0,2046,3875
14229,14229,0,2046,3592
14230,14230,0,2046,3222
14231,14231,0,2047,2787
14232,14232,0,2046,2311
14233,14233,0,2046,1819
14234,14234,0,2046,1340
14235,14235,0,2046,900
14236,14236,0,2046,524
14237,14237,0,2046,229
14238,14238,0,2047,36
14239,14239,0,2047,0
14240,14240,0,2047,0
14241,14241,0,2046,131
14242,14242,0,2046,383
14243,14243,0,2047,727
14244,14244,0,2046,1142
14245,14245,0,2047,1607
14246,14246,0,2047,2097
14247,14247,0,2047,2582
14248,14248,0,2047,3038
14249,14249,0,2047,3439
14250,14250,0,2046,3762
14251,14251,0,2047,3990
14252,14252,0,2046,4095
14253,14253,0,2046,4095
14254,14254,0,2046,4006
14255,14255,0,2046,3787
14256,14256,0,2047,3472
14257,14257,0,2046,3078
14258,14258,0,2046,2626
14259,14259,0,2046,2140
14260,14260,0,2047,1651
14261,14261,0,2046,1182
14262,14262,0,2046,761
14263,14263,0,2047,410
14264,14264,0,2046,150
14265,14265,0,2047,0
14266,14266,0,2046,0
14267,14267,0,2047,23
14268,14268,0,2047,208
14269,14269,0,2047,493
14270,14270,0,2046,863
14271,14271,0,2046,1299
14272,14272,0,2047,1776
14273,14273,0,2047,2267
14274,14274,0,2046,2746
14275,14275,0,2047,3185
14276,14276,0,2047,3562
14277,14277,0,2047,3853
14278,14278,0,2046,4045
14279,14279,0,2046,4095
14280,14280,0,2046,4090
14281,14281,0,2047,3942
14282,14282,0,2047,3687
14283,14283,0,2047,3342
14284,14284,0,2046,2926
14285,14285,0,2047,2459
14286,14286,0,2046,1970
14287,14287,0,2046,1484
14288,14288,0,2046,1029
14289,14289,0,2047,630
14290,14290,0,2046,309
14291,14291,0,2046,83
14292,14292,0,2047,0
14293,14293,0,2047,0
14294,14294,0,2047,75
14295,14295,0,2047,296
14296,14296,0,2047,613
14297,14297,0,2046,1009
14298,14298,0,2046,1461
14299,14299,0,2046,1946
14300,14300,0,2047,2436
14301,14301,0,2046,2904
14302,14302,0,2047,3325
14303,14303,0,2047,3674
14304,14304,0,2046,3932
14305,14305,0,2047,4085
14306,14306,0,2047,4095
14307,14307,0,2047,4051
14308,14308,0,2046,3864
14309,14309,0,2046,3577
14310,14310,0,2046,3204
14311,14311,0,2046,2768
14312,14312,0,2046,2290
14313,14313,0,2046,1799
14314,14314,0,2047,1321
14315,14315,0,2046,883
14316,14316,0,2047,509
14317,14317,0,2046,218
14318,14318,0,2046,30
14319,14319,0,2046,0
14320,14320,0,2047,0
14321,14321,0,2047,140
14322,14322,0,2046,397
14323,14323,0,2047,742
14324,14324,0,2047,1161
14325,14325,0,2046,1628
14326,14326,0,2047,2118
14327,14327,0,2046,2603
14328,14328,0,2047,3057
14329,14329,0,2046,3455
14330,14330,0,2046,3774
14331,14331,0,2046,3998
14332,14332,0,2046,4095
14333,14333,0,2046,4095
14334,14334,0,2046,3999
14335,14335,0,2046,3776
14336,14336,0,2046,3457
14337,14337,0,2047,3059
14338,14338,0,2047,2605
14339,14339,0,2046,2120
14340,14340,0,2046,1630
14341,14341,0,2046,1163
14342,14342,0,2047,744
14343,14343,0,2046,397
14344,14344,0,2046,141
14345,14345,0,2046,0
14346,14346,0,2046,0
14347,14347,0,2047,29
14348,14348,0,2047,217
14349,14349,0,2046,507
14350,14350,0,2046,881
14351,14351,0,2046,1318
14352,14352,0,2047,1796
14353,14353,0,2046,2288
14354,14354,0,2047,2765
14355,14355,0,2046,3202
14356,14356,0,2046,3576
14357,14357,0,2046,3864
14358,14358,0,2046,4050
14359,14359,0,2046,4095
14360,14360,0,2047,4086
14361,14361,0,2047,3932
14362,14362,0,2046,3675
14363,14363,0,2047,3327
14364,14364,0,2047,2906
14365,14365,0,2046,2438
14366,14366,0,2047,1949
14367,14367,0,2047,1464
14368,14368,0,2047,1011
14369,14369,0,2047,615
14370,14370,0,2046,297
14371,14371,0,2047,76
14372,14372,0,2046,0
14373,14373,0,2046,0
14374,14374,0,2047,83
14375,14375,0,2046,307
14376,14376,0,2046,629
14377,14377,0,2046,1027
14378,14378,0,2047,1481
14379,14379,0,2047,1968
14380,14380,0,2046,2457
14381,14381,0,2046,2923
14382,14382,0,2046,3340
14383,14383,0,2047,3686
14384,14384,0,2046,3941
14385,14385,0,2046,4090
14386,14386,0,2046,4095
14387,14387,0,2046,4045
14388,14388,0,2047,3854
14389,14389,0,2047,3563
14390,14390,0,2047,3187
14391,14391,0,2046,2748
14392,14392,0,2046,2270
14393,14393,0,2046,1779
14394,14394,0,2047,1302
14395,14395,0,2047,865
14396,14396,0,2046,495
14397,14397,0,2047,209
14398,14398,0,2047,24
14399,14399,0,2046,0
14400,14400,0,2046,0
14401,14401,0,2047,149
14402,14402,0,2046,409
14403,14403,0,2046,759
14404,14404,0,2046,1180
14405,14405,0,2046,1648
14406,14406,0,2047,2139
14407,14407,0,2046,2623
14408,14408,0,2046,3075
14409,14409,0,2046,3470
14410,14410,0,2046,3785
14411,14411,0,2046,4005
14412,14412,0,2046,4095
14413,14413,0,2046,4095
14414,14414,0,2046,3992
14415,14415,0,2046,3763
14416,14416,0,2047,3441
14417,14417,0,2046,3040
14418,14418,0,2046,2584
14419,14419,0,2046,2099
14420,14420,0,2046,1610
14421,14421,0,2046,1144
14422,14422,0,2046,728
14423,14423,0,2046,385
14424,14424,0,2046,132
14425,14425,0,2047,0
14426,14426,0,2047,0
14427,14427,0,2047,34
14428,14428,0,2047,228
14429,14429,0,2047,521
14430,14430,0,2047,898
14431,14431,0,2046,1339
14432,14432,0,2046,1817
14433,14433,0,2046,2308
14434,14434,0,2047,2785
14435,14435,0,2047,3220
14436,14436,0,2046,3590
14437,14437,0,2046,3874
14438,14438,0,2046,4056
14439,14439,0,2046,4095
14440,14440,0,2047,4083
14441,14441,0,2046,3924
14442,14442,0,2046,3662
14443,14443,0,2047,3310
14444,14444,0,2046,2888
14445,14445,0,2047,2418
14446,14446,0,2046,1928
14447,14447,0,2047,1444
14448,14448,0,2046,992
14449,14449,0,2047,599
14450,14450,0,2047,286
14451,14451,0,2046,69
14452,14452,0,2046,0
14453,14453,0,2046,0
14454,14454,0,2046,90
14455,14455,0,2046,319
14456,14456,0,2047,643
14457,14457,0,2046,1045
14458,14458,0,2047,1502
14459,14459,0,2046,1988
14460,14460,0,2046,2477
14461,14461,0,2046,2942
14462,14462,0,2047,3357
14463,14463,0,2046,3699
14464,14464,0,2046,3949
14465,14465,0,2046,4093
14466,14466,0,2046,4095
14467,14467,0,2046,4040
14468,14468,0,2046,3844
14469,14469,0,2047,3548
14470,14470,0,2047,3170
14471,14471,0,2046,2728
14472,14472,0,2046,2249
14473,14473,0,2046,1757
14474,14474,0,2046,1283
14475,14475,0,2046,849
14476,14476,0,2047,480
14477,14477,0,2046,199
14478,14478,0,2046,19
14479,14479,0,2046,0
14480,14480,0,2046,0
14481,14481,0,2047,157
14482,14482,0,2046,422
14483,14483,0,2046,776
14484,14484,0,2047,1199
14485,14485,0,2046,1668
14486,14486,0,2046,2159
14487,14487,0,2047,2642
14488,14488,0,2047,3094
14489,14489,0,2046,3485
14490,14490,0,2046,3797
14491,14491,0,2046,4011
14492,14492,0,2047,4095
14493,14493,0,2046,4095
14494,14494,0,2046,3983
14495,14495,0,2047,3752
14496,14496,0,2047,3426
14497,14497,0,2046,3022
14498,14498,0,2047,2565
14499,14499,0,2047,2078
14500,14500,0,2046,1590
14501,14501,0,2046,1125
14502,14502,0,2046,712
14503,14503,0,2046,372
14504,14504,0,2046,124
14505,14505,0,2047,0
14506,14506,0,2046,0
14507,14507,0,2046,41
14508,14508,0,2046,239
14509,14509,0,2046,535
14510,14510,0,2046,916
14511,14511,0,2046,1358
14512,14512,0,2047,1838
14513,14513,0,2047,2329
14514,14514,0,2047,2805
14515,14515,0,2047,3236
14516,14516,0,2046,3603
14517,14517,0,2046,3884
14518,14518,0,2046,4062
14519,14519,0,2046,4095
14520,14520,0,2046,4077
14521,14521,0,2047,3915
14522,14522,0,2047,3649
14523,14523,0,2046,3294
14524,14524,0,2047,2869
14525,14525,0,2047,2397
14526,14526,0,2047,1907
14527,14527,0,2047,1424
14528,14528,0,2047,975
14529,14529,0,2046,585
14530,14530,0,2047,275
14531,14531,0,2046,63
14532,14532,0,2046,0
14533,14533,0,2046,0
14534,14534,0,2046,98
14535,14535,0,2046,331
14536,14536,0,2046,659
14537,14537,0,2046,1063
14538,14538,0,2046,1522
14539,14539,0,2046,2009
14540,14540,0,2046,2498
14541,14541,0,2047,2961
14542,14542,0,2047,3373
14543,14543,0,2047,3712
14544,14544,0,2046,3958
14545,14545,0,2047,4095
14546,14546,0,2046,4095
14547,14547,0,2046,4034
14548,14548,0,2046,3834
14549,14549,0,2047,3535
14550,14550,0,2047,3152
14551,14551,0,2046,2709
14552,14552,0,2047,2228
14553,14553,0,2046,1737
14554,14554,0,2046,1263
14555,14555,0,2046,831
14556,14556,0,2046,466
14557,14557,0,2047,189
14558,14558,0,2047,14
14559,14559,0,2046,0
14560,14560,0,2046,2
14561,14561,0,2047,167
14562,14562,0,2046,435
14563,14563,0,2047,792
14564,14564,0,2046,1218
14565,14565,0,2046,1689
14566,14566,0,2047,2180
14567,14567,0,2046,2663
14568,14568,0,2046,3111
14569,14569,0,2047,3500
14570,14570,0,2046,3808
14571,14571,0,2046,4019
14572,14572,0,2046,4095
14573,14573,0,2046,4095
14574,14574,0,2046,3976
14575,14575,0,2046,3739
14576,14576,0,2047,3410
14577,14577,0,2046,3004
14578,14578,0,2046,2545
14579,14579,0,2046,2057
14580,14580,0,2046,1569
14581,14581,0,2046,1107
14582,14582,0,2047,696
14583,14583,0,2047,359
14584,14584,0,2046,116
14585,14585,0,2046,0
14586,14586,0,2047,0
14587,14587,0,2046,47
14588,14588,0,2046,250
14589,14589,0,2046,551
14590,14590,0,2046,933
14591,14591,0,2046,1378
14592,14592,0,2047,1859
14593,14593,0,2047,2350
14594,14594,0,2046,2824
14595,14595,0,2046,3254
14596,14596,0,2046,3618
14597,14597,0,2046,3893
14598,14598,0,2046,4067
14599,14599,0,2047,4095
14600,14600,0,2047,4074
14601,14601,0,2047,3906
14602,14602,0,2046,3635
14603,14603,0,2046,3276
14604,14604,0,2047,2850
14605,14605,0,2047,2377
14606,14606,0,2047,1886
14607,14607,0,2046,1404
14608,14608,0,2046,956
14609,14609,0,2046,570
14610,14610,0,2046,263
14611,14611,0,2047,56
14612,14612,0,2046,0
14613,14613,0,2047,0
14614,14614,0,2046,106
14615,14615,0,2046,343
14616,14616,0,2047,675
14617,14617,0,2046,1083
14618,14618,0,2046,1543
14619,14619,0,2047,2031
14620,14620,0,2047,2518
14621,14621,0,2046,2979
14622,14622,0,2046,3389
14623,14623,0,2047,3724
14624,14624,0,2046,3966
14625,14625,0,2046,4095
14626,14626,0,2047,4095
14627,14627,0,2046,4027
14628,14628,0,2046,3823
14629,14629,0,2046,3519
14630,14630,0,2047,3135
14631,14631,0,2046,2689
14632,14632,0,2047,2207
14633,14633,0,2046,1717
14634,14634,0,2046,1243
14635,14635,0,2046,814
14636,14636,0,2046,453
14637,14637,0,2046,179
14638,14638,0,2046,8
14639,14639,0,2046,0
14640,14640,0,2047,7
14641,14641,0,2047,177
14642,14642,0,2047,449
14643,14643,0,2046,809
14644,14644,0,2046,1237
14645,14645,0,2047,1710
14646,14646,0,2047,2201
14647,14647,0,2046,2683
14648,14648,0,2047,3129
14649,14649,0,2046,3515
14650,14650,0,2047,3820
14651,14651,0,2046,4025
14652,14652,0,2046,4095
14653,14653,0,2046,4095
14654,14654,0,2047,3968
14655,14655,0,2047,3728
14656,14656,0,2047,3394
14657,14657,0,2047,2985
14658,14658,0,2047,2525
14659,14659,0,2046,2037
14660,14660,0,2046,1549
14661,14661,0,2046,1088
14662,14662,0,2047,680
14663,14663,0,2046,347
14664,14664,0,2047,107
14665,14665,0,2046,0
14666,14666,0,2046,0
14667,14667,0,2046,53
14668,14668,0,2046,259
14669,14669,0,2047,565
14670,14670,0,2047,951
14671,14671,0,2047,1398
14672,14672,0,2047,1879
14673,14673,0,2046,2371
14674,14674,0,2046,2843
14675,14675,0,2046,3271
14676,14676,0,2046,3632
14677,14677,0,2047,3902
14678,14678,0,2047,4072
14679,14679,0,2047,4095
14680,14680,0,2047,4068
14681,14681,0,2046,3896
14682,14682,0,2046,3622
14683,14683,0,2047,3260
14684,14684,0,2047,2829
14685,14685,0,2047,2356
14686,14686,0,2046,1866
14687,14687,0,2046,1384
14688,14688,0,2046,939
14689,14689,0,2047,555
14690,14690,0,2046,253
14691,14691,0,2047,49
14692,14692,0,2046,0
14693,14693,0,2046,0
14694,14694,0,2047,113
14695,14695,0,2046,355
14696,14696,0,2046,691
14697,14697,0,2046,1101
14698,14698,0,2046,1562
14699,14699,0,2047,2050
14700,14700,0,2047,2538
14701,14701,0,2046,2998
14702,14702,0,2046,3405
14703,14703,0,2047,3736
14704,14704,0,2047,3974
14705,14705,0,2047,4095
14706,14706,0,2046,4095
14707,14707,0,2046,4021
14708,14708,0,2047,3812
14709,14709,0,2046,3505
14710,14710,0,2047,3117
14711,14711,0,2046,2669
14712,14712,0,2046,2186
14713,14713,0,2046,1696
14714,14714,0,2047,1224
14715,14715,0,2046,798
14716,14716,0,2046,439
14717,14717,0,2047,170
14718,14718,0,2047,4
14719,14719,0,2046,0
14720,14720,0,2046,12
14721,14721,0,2047,186
14722,14722,0,2047,462
14723,14723,0,2046,826
14724,14724,0,2046,1256
14725,14725,0,2046,1731
14726,14726,0,2046,2222
14727,14727,0,2046,2703
14728,14728,0,2047,3148
14729,14729,0,2046,3530
14730,14730,0,2046,3830
14731,14731,0,2046,4031
14732,14732,0,2047,4095
14733,14733,0,2047,4095
14734,14734,0,2046,3960
14735,14735,0,2047,3715
14736,14736,0,2047,3378
14737,14737,0,2047,2966
14738,14738,0,2046,2504
14739,14739,0,2046,2015
14740,14740,0,2046,1529
14741,14741,0,2046,1069
14742,14742,0,2047,665
14743,14743,0,2047,335
14744,14744,0,2047,100
14745,14745,0,2047,0
14746,14746,0,2046,0
14747,14747,0,2046,59
14748,14748,0,2047,270
14749,14749,0,2046,580
14750,14750,0,2047,969
14751,14751,0,2046,1418
14752,14752,0,2046,1901
14753,14753,0,2046,2391
14754,14754,0,2047,2862
14755,14755,0,2046,3288
14756,14756,0,2047,3644
14757,14757,0,2046,3912
14758,14758,0,2046,4077
14759,14759,0,2046,4095
14760,14760,0,2047,4063
14761,14761,0,2046,3886
14762,14762,0,2047,3608
14763,14763,0,2046,3242
14764,14764,0,2047,2810
14765,14765,0,2047,2335
14766,14766,0,2046,1844
14767,14767,0,2046,1364
14768,14768,0,2046,921
14769,14769,0,2047,540
14770,14770,0,2047,242
14771,14771,0,2045,42
14772,14772,0,2047,0
14773,14773,0,2046,0
14774,14774,0,2046,121
14775,14775,0,2046,368
14776,14776,0,2046,706
14777,14777,0,2047,1119
14778,14778,0,2046,1583
14779,14779,0,2046,2072
14780,14780,0,2046,2558
14781,14781,0,2046,3017
14782,14782,0,2046,3420
14783,14783,0,2046,3748
14784,14784,0,2047,3982
14785,14785,0,2046,4095
14786,14786,0,2047,4095
14787,14787,0,2046,4014
14788,14788,0,2047,3800
14789,14789,0,2046,3489
14790,14790,0,2047,3099
14791,14791,0,2047,2649
14792,14792,0,2046,2166
14793,14793,0,2046,1675
14794,14794,0,2047,1206
14795,14795,0,2046,781
14796,14796,0,2047,426
14797,14797,0,2046,160
14798,14798,0,2047,0
14799,14799,0,2046,0
14800,14800,0,2047,16
14801,14801,0,2046,195
14802,14802,0,2047,477
14803,14803,0,2046,843
14804,14804,0,2046,1275
14805,14805,0,2046,1751
14806,14806,0,2046,2243
14807,14807,0,2046,2723
14808,14808,0,2047,3164
14809,14809,0,2047,3544
14810,14810,0,2046,3840
14811,14811,0,2047,4037
14812,14812,0,2046,4095
14813,14813,0,2047,4095
14814,14814,0,2046,3952
14815,14815,0,2046,3702
14816,14816,0,2046,3362
14817,14817,0,2047,2948
14818,14818,0,2046,2483
14819,14819,0,2046,1995
14820,14820,0,2046,1508
14821,14821,0,2046,1051
14822,14822,0,2047,649
14823,14823,0,2046,323
14824,14824,0,2047,92
14825,14825,0,2047,0
14826,14826,0,2047,0
14827,14827,0,2047,67
14828,14828,0,2046,282
14829,14829,0,2047,594
14830,14830,0,2047,987
14831,14831,0,2046,1438
14832,14832,0,2046,1922
14833,14833,0,2046,2412
14834,14834,0,2046,2882
14835,14835,0,2047,3304
14836,14836,0,2046,3658
14837,14837,0,2047,3920
14838,14838,0,2047,4081
14839,14839,0,2046,4095
14840,14840,0,2046,4057
14841,14841,0,2046,3877
14842,14842,0,2046,3594
14843,14843,0,2047,3226
14844,14844,0,2047,2791
14845,14845,0,2046,2315
14846,14846,0,2047,1825
14847,14847,0,2047,1345
14848,14848,0,2046,904
14849,14849,0,2046,526
14850,14850,0,2046,231
14851,14851,0,2047,36
14852,14852,0,2046,0
14853,14853,0,2047,0
14854,14854,0,2047,129
14855,14855,0,2047,380
14856,14856,0,2046,723
14857,14857,0,2047,1138
14858,14858,0,2046,1603
14859,14859,0,2046,2092
14860,14860,0,2047,2578
14861,14861,0,2046,3035
14862,14862,0,2046,3436
14863,14863,0,2046,3760
14864,14864,0,2046,3989
14865,14865,0,2046,4095
14866,14866,0,2047,4095
14867,14867,0,2046,4007
14868,14868,0,2046,3789
14869,14869,0,2046,3475
14870,14870,0,2046,3080
14871,14871,0,2046,2629
14872,14872,0,2046,2145
14873,14873,0,2046,1655
14874,14874,0,2046,1186
14875,14875,0,2046,764
14876,14876,0,2047,413
14877,14877,0,2047,152
14878,14878,0,2047,0
14879,14879,0,2047,0
14880,14880,0,2046,22
14881,14881,0,2047,205
14882,14882,0,2046,490
14883,14883,0,2046,861
14884,14884,0,2046,1295
14885,14885,0,2047,1771
14886,14886,0,2046,2263
14887,14887,0,2047,2742
14888,14888,0,2046,3182
14889,14889,0,2046,3557
14890,14890,0,2046,3851
14891,14891,0,2047,4043
14892,14892,0,2046,4095
14893,14893,0,2047,4091
14894,14894,0,2047,3942
14895,14895,0,2047,3690
14896,14896,0,2047,3345
14897,14897,0,2047,2929
14898,14898,0,2047,2463
14899,14899,0,2046,1974
14900,14900,0,2046,1488
14901,14901,0,2046,1033
14902,14902,0,2047,633
14903,14903,0,2047,311
14904,14904,0,2046,85
14905,14905,0,2046,0
14906,14906,0,2046,0
14907,14907,0,2047,73
14908,14908,0,2047,293
14909,14909,0,2046,610
14910,14910,0,2047,1005
14911,14911,0,2046,1457
14912,14912,0,2047,1942
14913,14913,0,2046,2432
14914,14914,0,2047,2900
14915,14915,0,2047,3321
14916,14916,0,2047,3671
14917,14917,0,2046,3930
14918,14918,0,2047,4085
14919,14919,0,2046,4095
14920,14920,0,2046,4052
14921,14921,0,2047,3867
14922,14922,0,2047,3580
14923,14923,0,2047,3208
14924,14924,0,2047,2771
14925,14925,0,2046,2295
14926,14926,0,2047,1803
14927,14927,0,2046,1325
14928,14928,0,2046,886
14929,14929,0,2046,511
14930,14930,0,2046,220
14931,14931,0,2046,31
14932,14932,0,2047,0
14933,14933,0,2046,0
14934,14934,0,2046,138
14935,14935,0,2047,393
14936,14936,0,2047,739
14937,14937,0,2046,1157
14938,14938,0,2047,1624
14939,14939,0,2046,2113
14940,14940,0,2046,2598
14941,14941,0,2047,3053
14942,14942,0,2046,3451
14943,14943,0,2047,3772
14944,14944,0,2047,3996
14945,14945,0,2047,4095
14946,14946,0,2046,4095
14947,14947,0,2046,4000
14948,14948,0,2046,3778
14949,14949,0,2046,3460
14950,14950,0,2046,3063
14951,14951,0,2047,2609
14952,14952,0,2046,2124
14953,14953,0,2047,1634
14954,14954,0,2047,1167
14955,14955,0,2047,747
14956,14956,0,2047,400
14957,14957,0,2046,143
14958,14958,0,2047,0
14959,14959,0,2046,0
14960,14960,0,2046,27
14961,14961,0,2047,215
14962,14962,0,2046,504
14963,14963,0,2047,877
14964,14964,0,2046,1315
14965,14965,0,2046,1793
14966,14966,0,2047,2283
14967,14967,0,2046,2761
14968,14968,0,2046,3199
14969,14969,0,2047,3573
14970,14970,0,2046,3861
14971,14971,0,2047,4049
14972,14972,0,2047,4095
14973,14973,0,2046,4087
14974,14974,0,2047,3935
14975,14975,0,2046,3678
14976,14976,0,2046,3329
14977,14977,0,2046,2911
14978,14978,0,2046,2442
14979,14979,0,2046,1953
14980,14980,0,2046,1468
14981,14981,0,2046,1015
14982,14982,0,2046,617
14983,14983,0,2047,300
14984,14984,0,2046,77
14985,14985,0,2046,0
14986,14986,0,2046,0
14987,14987,0,2046,81
14988,14988,0,2047,305
14989,14989,0,2046,625
14990,14990,0,2046,1023
14991,14991,0,2046,1478
14992,14992,0,2046,1963
14993,14993,0,2046,2453
14994,14994,0,2046,2919
14995,14995,0,2046,3338
14996,14996,0,2047,3684
14997,14997,0,2046,3939
14998,14998,0,2046,4089
14999,14999,0,2046,4095
15000,15000,0,2046,4047
15001,15001,0,2047,3856
15002,15002,0,2046,3565
15003,15003,0,2046,3191
15004,15004,0,2046,2752
15005,15005,0,2047,2274
15006,15006,0,2046,1782
15007,15007,0,2046,1306
15008,15008,0,2046,869
15009,15009,0,2046,497
15010,15010,0,2047,211
15011,15011,0,2046,25
15012,15012,0,2046,0
15013,15013,0,2046,0
15014,15014,0,2046,147
15015,15015,0,2046,406
15016,15016,0,2046,756
15017,15017,0,2046,1176
15018,15018,0,2047,1644
15019,15019,0,2046,2134
15020,15020,0,2046,2618
15021,15021,0,2046,3071
15022,15022,0,2046,3467
15023,15023,0,2047,3783
15024,15024,0,2047,4003
15025,15025,0,2047,4095
15026,15026,0,2047,4095
15027,15027,0,2047,3992
15028,15028,0,2046,3766
15029,15029,0,2046,3444
15030,15030,0,2047,3044
15031,15031,0,2047,2590
15032,15032,0,2047,2103
15033,15033,0,2047,1614
15034,15034,0,2046,1148
15035,15035,0,2046,731
15036,15036,0,2046,386
15037,15037,0,2046,134
15038,15038,0,2047,0
15039,15039,0,2047,0
15040,15040,0,2047,34
15041,15041,0,2047,226
15042,15042,0,2047,518
15043,15043,0,2046,895
15044,15044,0,2047,1335
15045,15045,0,2047,1813
15046,15046,0,2047,2305
15047,15047,0,2046,2781
15048,15048,0,2046,3217
15049,15049,0,2046,3587
15050,15050,0,2047,3872
15051,15051,0,2046,4055
15052,15052,0,2047,4095
15053,15053,0,2046,4082
15054,15054,0,2046,3925
15055,15055,0,2046,3664
15056,15056,0,2046,3312
15057,15057,0,2047,2891
15058,15058,0,2047,2422
15059,15059,0,2046,1932
15060,15060,0,2046,1447
15061,15061,0,2046,996
15062,15062,0,2046,603
15063,15063,0,2046,288
15064,15064,0,2047,70
15065,15065,0,2047,0
15066,15066,0,2047,0
15067,15067,0,2046,89
15068,15068,0,2046,318
15069,15069,0,2047,641
15070,15070,0,2046,1042
15071,15071,0,2046,1498
15072,15072,0,2046,1984
15073,15073,0,2046,2473
15074,15074,0,2047,2938
15075,15075,0,2047,3354
15076,15076,0,2047,3696
15077,15077,0,2046,3947
15078,15078,0,2046,4093
15079,15079,0,2047,4095
15080,15080,0,2046,4041
15081,15081,0,2046,3847
15082,15082,0,2047,3552
15083,15083,0,2046,3173
15084,15084,0,2046,2732
15085,15085,0,2046,2253
15086,15086,0,2046,1762
15087,15087,0,2046,1285
15088,15088,0,2046,851
15089,15089,0,2046,483
15090,15090,0,2046,201
15091,15091,0,2046,21
15092,15092,0,2046,0
15093,15093,0,2047,0
15094,15094,0,2046,156
15095,15095,0,2046,419
15096,15096,0,2047,772
15097,15097,0,2046,1195
15098,15098,0,2046,1664
15099,15099,0,2047,2155
15100,15100,0,2047,2639
15101,15101,0,2046,3089
15102,15102,0,2046,3482
15103,15103,0,2046,3795
15104,15104,0,2046,4010
15105,15105,0,2047,4095
15106,15106,0,2046,4095
15107,15107,0,2047,3985
15108,15108,0,2047,3754
15109,15109,0,2046,3428
15110,15110,0,2047,3026
15111,15111,0,2047,2569
15112,15112,0,2046,2082
15113,15113,0,2047,1593
15114,15114,0,2047,1129
15115,15115,0,2046,715
15116,15116,0,2046,374
15117,15117,0,2047,127
15118,15118,0,2046,0
15119,15119,0,2046,0
15120,15120,0,2046,40
15121,15121,0,2046,236
15122,15122,0,2046,533
15123,15123,0,2047,912
15124,15124,0,2046,1355
15125,15125,0,2047,1834
15126,15126,0,2046,2325
15127,15127,0,2046,2800
15128,15128,0,2047,3233
15129,15129,0,2047,3601
15130,15130,0,2046,3882
15131,15131,0,2046,4060
15132,15132,0,2047,4095
15133,15133,0,2046,4079
15134,15134,0,2046,3916
15135,15135,0,2046,3651
15136,15136,0,2046,3296
15137,15137,0,2046,2872
15138,15138,0,2046,2401
15139,15139,0,2046,1911
15140,15140,0,2046,1428
15141,15141,0,2046,979
15142,15142,0,2047,588
15143,15143,0,2046,277
15144,15144,0,2047,64
15145,15145,0,2046,0
15146,15146,0,2047,0
15147,15147,0,2046,96
15148,15148,0,2046,329
15149,15149,0,2047,656
15150,15150,0,2047,1060
15151,15151,0,2046,1518
15152,15152,0,2046,2005
15153,15153,0,2046,2494
15154,15154,0,2046,2958
15155,15155,0,2046,3370
15156,15156,0,2046,3709
15157,15157,0,2047,3956
15158,15158,0,2047,4095
15159,15159,0,2047,4095
15160,15160,0,2046,4035
15161,15161,0,2046,3836
15162,15162,0,2046,3537
15163,15163,0,2047,3156
15164,15164,0,2046,2713
15165,15165,0,2046,2233
15166,15166,0,2046,1741
15167,15167,0,2047,1267
15168,15168,0,2046,835
15169,15169,0,2046,469
15170,15170,0,2046,191
15171,15171,0,2046,14
15172,15172,0,2046,0
15173,15173,0,2046,1
15174,15174,0,2046,165
15175,15175,0,2047,432
15176,15176,0,2047,789
15177,15177,0,2046,1214
15178,15178,0,2046,1685
15179,15179,0,2047,2177
15180,15180,0,2046,2659
15181,15181,0,2046,3107
15182,15182,0,2046,3497
15183,15183,0,2047,3806
15184,15184,0,2046,4017
15185,15185,0,2046,4095
15186,15186,0,2046,4095
15187,15187,0,2046,3978
15188,15188,0,2046,3742
15189,15189,0,2047,3413
15190,15190,0,2047,3007
15191,15191,0,2047,2549
15192,15192,0,2046,2062
15193,15193,0,2047,1573
15194,15194,0,2046,1110
15195,15195,0,2047,699
15196,15196,0,2047,362
15197,15197,0,2047,117
15198,15198,0,2046,0
15199,15199,0,2047,0
15200,15200,0,2046,45
15201,15201,0,2046,247
15202,15202,0,2046,547
15203,15203,0,2047,929
15204,15204,0,2047,1374
15205,15205,0,2046,1854
15206,15206,0,2046,2346
15207,15207,0,2046,2820
15208,15208,0,2046,3250
15209,15209,0,2046,3615
15210,15210,0,2046,3891
15211,15211,0,2047,4065
15212,15212,0,2047,4095
15213,15213,0,2046,4074
15214,15214,0,2046,3908
15215,15215,0,2046,3638
15216,15216,0,2046,3280
15217,15217,0,2046,2852
15218,15218,0,2046,2381
15219,15219,0,2047,1890
15220,15220,0,2047,1408
15221,15221,0,2045,961
15222,15222,0,2046,572
15223,15223,0,2046,266
15224,15224,0,2046,57
15225,15225,0,2046,0
15226,15226,0,2046,0
15227,15227,0,2047,104
15228,15228,0,2046,341
15229,15229,0,2046,672
15230,15230,0,2046,1078
15231,15231,0,2047,1538
15232,15232,0,2047,2025
15233,15233,0,2047,2514
15234,15234,0,2046,2975
15235,15235,0,2046,3385
15236,15236,0,2046,3722
15237,15237,0,2046,3964
15238,15238,0,2046,4095
15239,15239,0,2046,4095
15240,15240,0,2047,4029
15241,15241,0,2047,3824
15242,15242,0,2047,3522
15243,15243,0,2046,3138
15244,15244,0,2047,2693
15245,15245,0,2046,2211
15246,15246,0,2046,1721
15247,15247,0,2046,1247
15248,15248,0,2046,818
15249,15249,0,2046,455
15250,15250,0,2046,182
15251,15251,0,2046,9
15252,15252,0,2046,0
15253,15253,0,2047,5
15254,15254,0,2047,174
15255,15255,0,2047,445
15256,15256,0,2047,805
15257,15257,0,2046,1233
15258,15258,0,2046,1706
15259,15259,0,2046,2196
15260,15260,0,2046,2679
15261,15261,0,2046,3125
15262,15262,0,2046,3512
15263,15263,0,2046,3817
15264,15264,0,2047,4024
15265,15265,0,2047,4095
15266,15266,0,2047,4095
15267,15267,0,2046,3970
15268,15268,0,2047,3730
15269,15269,0,2046,3398
15270,15270,0,2046,2989
15271,15271,0,2047,2529
15272,15272,0,2046,2041
15273,15273,0,2046,1553
15274,15274,0,2046,1092
15275,15275,0,2046,683
15276,15276,0,2047,350
15277,15277,0,2046,109
15278,15278,0,2047,0
15279,15279,0,2047,0
15280,15280,0,2046,52
15281,15281,0,2046,257
15282,15282,0,2047,562
15283,15283,0,2046,948
15284,15284,0,2046,1393
15285,15285,0,2047,1876
15286,15286,0,2046,2367
15287,15287,0,2046,2839
15288,15288,0,2046,3267
15289,15289,0,2046,3629
15290,15290,0,2046,3901
15291,15291,0,2046,4071
15292,15292,0,2046,4095
15293,15293,0,2046,4069
15294,15294,0,2046,3898
15295,15295,0,2047,3624
15296,15296,0,2046,3263
15297,15297,0,2047,2833
15298,15298,0,2046,2360
15299,15299,0,2047,1871
15300,15300,0,2046,1388
15301,15301,0,2046,943
15302,15302,0,2047,557
15303,15303,0,2047,255
15304,15304,0,2046,50
15305,15305,0,2046,0
15306,15306,0,2047,0
15307,15307,0,2046,111
15308,15308,0,2046,352
15309,15309,0,2047,688
15310,15310,0,2046,1097
15311,15311,0,2046,1558
15312,15312,0,2046,2046
15313,15313,0,2047,2534
15314,15314,0,2047,2994
15315,15315,0,2047,3402
15316,15316,0,2046,3735
15317,15317,0,2046,3972
15318,15318,0,2046,4095
15319,15319,0,2046,4095
15320,15320,0,2047,4022
15321,15321,0,2047,3814
15322,15322,0,2047,3508
15323,15323,0,2046,3120
15324,15324,0,2047,2673
15325,15325,0,2046,2191
15326,15326,0,2047,1699
15327,15327,0,2046,1228
15328,15328,0,2046,801
15329,15329,0,2047,442
15330,15330,0,2046,172
15331,15331,0,2047,4
15332,15332,0,2046,0
15333,15333,0,2046,11
15334,15334,0,2046,184
15335,15335,0,2046,459
15336,15336,0,2046,823
15337,15337,0,2047,1252
15338,15338,0,2046,1727
15339,15339,0,2047,2217
15340,15340,0,2047,2699
15341,15341,0,2047,3143
15342,15342,0,2047,3527
15343,15343,0,2046,3828
15344,15344,0,2046,4031
15345,15345,0,2046,4095
15346,15346,0,2046,4095
15347,15347,0,2046,3961
15348,15348,0,2046,3717
15349,15349,0,2046,3381
15350,15350,0,2047,2970
15351,15351,0,2047,2508
15352,15352,0,2047,2020
15353,15353,0,2047,1532
15354,15354,0,2046,1073
15355,15355,0,2047,667
15356,15356,0,2047,337
15357,15357,0,2046,101
15358,15358,0,2047,0
15359,15359,0,2047,0
15360,15360,0,2046,58
15361,15361,0,2047,268
15362,15362,0,2047,577
15363,15363,0,2046,965
15364,15364,0,2046,1413
15365,15365,0,2046,1896
15366,15366,0,2047,2387
15367,15367,0,2046,2859
15368,15368,0,2047,3284
15369,15369,0,2046,3641
15370,15370,0,2046,3909
15371,15371,0,2046,4075
15372,15372,0,2046,4095
15373,15373,0,2046,4064
15374,15374,0,2047,3889
15375,15375,0,2046,3610
15376,15376,0,2046,3245
15377,15377,0,2046,2814
15378,15378,0,2047,2339
15379,15379,0,2046,1849
15380,15380,0,2046,1368
15381,15381,0,2046,925
15382,15382,0,2046,544
15383,15383,0,2047,244
15384,15384,0,2046,44
15385,15385,0,2046,0
15386,15386,0,2047,0
15387,15387,0,2046,119
15388,15388,0,2046,365
15389,15389,0,2047,704
15390,15390,0,2046,1116
15391,15391,0,2046,1579
15392,15392,0,2047,2067
15393,15393,0,2047,2555
15394,15394,0,2047,3013
15395,15395,0,2047,3417
15396,15396,0,2047,3746
15397,15397,0,2046,3980
15398,15398,0,2046,4095
15399,15399,0,2046,4095
15400,15400,0,2046,4015
15401,15401,0,2047,3802
15402,15402,0,2047,3492
15403,15403,0,2046,3103
15404,15404,0,2046,2653
15405,15405,0,2047,2170
15406,15406,0,2046,1679
15407,15407,0,2047,1209
15408,15408,0,2047,784
15409,15409,0,2047,429
15410,15410,0,2046,162
15411,15411,0,2046,1
15412,15412,0,2046,0
15413,15413,0,2046,16
15414,15414,0,2046,194
15415,15415,0,2046,473
15416,15416,0,2046,840
15417,15417,0,2047,1272
15418,15418,0,2046,1747
15419,15419,0,2046,2238
15420,15420,0,2047,2719
15421,15421,0,2046,3161
15422,15422,0,2047,3541
15423,15423,0,2046,3839
15424,15424,0,2046,4036
15425,15425,0,2047,4095
15426,15426,0,2047,4095
15427,15427,0,2046,3954
15428,15428,0,2046,3705
15429,15429,0,2046,3365
15430,15430,0,2046,2952
15431,15431,0,2047,2488
15432,15432,0,2047,2000
15433,15433,0,2045,1511
15434,15434,0,2046,1054
15435,15435,0,2046,651
15436,15436,0,2047,325
15437,15437,0,2047,94
15438,15438,0,2046,0
15439,15439,0,2047,0
15440,15440,0,2046,65
15441,15441,0,2046,280
15442,15442,0,2047,591
15443,15443,0,2046,982
15444,15444,0,2046,1434
15445,15445,0,2046,1917
15446,15446,0,2046,2408
15447,15447,0,2047,2878
15448,15448,0,2046,3301
15449,15449,0,2046,3655
15450,15450,0,2046,3919
15451,15451,0,2046,4079
15452,15452,0,2047,4095
15453,15453,0,2047,4059
15454,15454,0,2047,3879
15455,15455,0,2047,3597
15456,15456,0,2046,3228
15457,15457,0,2047,2795
15458,15458,0,2046,2319
15459,15459,0,2046,1828
15460,15460,0,2046,1348
15461,15461,0,2046,907
15462,15462,0,2047,528
15463,15463,0,2047,233
15464,15464,0,2047,38
15465,15465,0,2046,0
15466,15466,0,2046,0
15467,15467,0,2047,128
15468,15468,0,2046,378
15469,15469,0,2047,720
15470,15470,0,2047,1134
15471,15471,0,2047,1599
15472,15472,0,2046,2088
15473,15473,0,2046,2574
15474,15474,0,2046,3031
15475,15475,0,2047,3432
15476,15476,0,2046,3758
15477,15477,0,2047,3987
15478,15478,0,2047,4095
15479,15479,0,2046,4095
15480,15480,0,2046,4009
15481,15481,0,2046,3792
15482,15482,0,2046,3478
15483,15483,0,2046,3084
15484,15484,0,2046,2633
15485,15485,0,2045,2149
15486,15486,0,2047,1659
15487,15487,0,2047,1190
15488,15488,0,2047,767
15489,15489,0,2047,415
15490,15490,0,2046,153
15491,15491,0,2046,0
15492,15492,0,2046,0
15493,15493,0,2047,21
15494,15494,0,2046,203
15495,15495,0,2047,487
15496,15496,0,2046,857
15497,15497,0,2046,1291
15498,15498,0,2046,1767
15499,15499,0,2046,2259
15500,15500,0,2047,2738
15501,15501,0,2046,3178
15502,15502,0,2046,3556
15503,15503,0,2046,3849
15504,15504,0,2046,4042
15505,15505,0,2046,4095
15506,15506,0,2046,4092
15507,15507,0,2046,3945
15508,15508,0,2047,3693
15509,15509,0,2046,3349
15510,15510,0,2047,2933
15511,15511,0,2047,2467
15512,15512,0,2047,1978
15513,15513,0,2047,1492
15514,15514,0,2047,1036
15515,15515,0,2047,636
15516,15516,0,2046,314
15517,15517,0,2047,86
15518,15518,0,2046,0
15519,15519,0,2046,0
15520,15520,0,2047,72
15521,15521,0,2046,291
15522,15522,0,2047,607
15523,15523,0,2046,1001
15524,15524,0,2047,1454
15525,15525,0,2046,1938
15526,15526,0,2046,2428
15527,15527,0,2046,2897
15528,15528,0,2047,3317
15529,15529,0,2047,3669
15530,15530,0,2046,3928
15531,15531,0,2047,4083
15532,15532,0,2046,4095
15533,15533,0,2046,4053
15534,15534,0,2047,3869
15535,15535,0,2047,3583
15536,15536,0,2047,3212
15537,15537,0,2046,2776
15538,15538,0,2047,2298
15539,15539,0,2046,1808
15540,15540,0,2047,1329
15541,15541,0,2046,890
15542,15542,0,2047,514
15543,15543,0,2046,223
15544,15544,0,2047,32
15545,15545,0,2046,0
15546,15546,0,2047,0
15547,15547,0,2046,136
15548,15548,0,2047,391
15549,15549,0,2046,736
15550,15550,0,2047,1153
15551,15551,0,2047,1619
15552,15552,0,2046,2109
15553,15553,0,2047,2595
15554,15554,0,2047,3050
15555,15555,0,2046,3448
15556,15556,0,2047,3769
15557,15557,0,2046,3995
15558,15558,0,2047,4095
15559,15559,0,2046,4095
15560,15560,0,2047,4001
15561,15561,0,2046,3780
15562,15562,0,2047,3462
15563,15563,0,2046,3066
15564,15564,0,2046,2613
15565,15565,0,2047,2128
15566,15566,0,2047,1639
15567,15567,0,2047,1170
15568,15568,0,2047,751
15569,15569,0,2046,403
15570,15570,0,2047,145
15571,15571,0,2047,0
15572,15572,0,2047,0
15573,15573,0,2047,26
15574,15574,0,2047,214
15575,15575,0,2046,501
15576,15576,0,2046,874
15577,15577,0,2047,1312
15578,15578,0,2047,1788
15579,15579,0,2046,2280
15580,15580,0,2047,2757
15581,15581,0,2046,3196
15582,15582,0,2046,3570
15583,15583,0,2047,3859
15584,15584,0,2046,4048
15585,15585,0,2047,4095
15586,15586,0,2047,4088
15587,15587,0,2047,3936
15588,15588,0,2046,3680
15589,15589,0,2046,3332
15590,15590,0,2046,2914
15591,15591,0,2047,2447
15592,15592,0,2046,1957
15593,15593,0,2047,1472
15594,15594,0,2047,1018
15595,15595,0,2047,621
15596,15596,0,2046,301
15597,15597,0,2047,79
15598,15598,0,2046,0
15599,15599,0,2046,0
15600,15600,0,2047,79
15601,15601,0,2047,303
15602,15602,0,2046,622
15603,15603,0,2046,1019
15604,15604,0,2046,1474
15605,15605,0,2046,1959
15606,15606,0,2047,2449
15607,15607,0,2046,2916
15608,15608,0,2046,3333
15609,15609,0,2047,3681
15610,15610,0,2047,3937
15611,15611,0,2046,4088
15612,15612,0,2046,4095
15613,15613,0,2046,4048
15614,15614,0,2046,3859
15615,15615,0,2046,3568
15616,15616,0,2047,3194
15617,15617,0,2046,2756
15618,15618,0,2046,2277
15619,15619,0,2047,1786
15620,15620,0,2046,1309
15621,15621,0,2046,873
15622,15622,0,2047,501
15623,15623,0,2046,212
15624,15624,0,2047,26
15625,15625,0,2046,0
15626,15626,0,2046,0
15627,15627,0,2046,146
15628,15628,0,2046,404
15629,15629,0,2047,753
15630,15630,0,2046,1172
15631,15631,0,2047,1640
15632,15632,0,2046,2130
15633,15633,0,2046,2614
15634,15634,0,2046,3068
15635,15635,0,2046,3464
15636,15636,0,2046,3781
15637,15637,0,2046,4002
15638,15638,0,2046,4095
15639,15639,0,2046,4095
15640,15640,0,2046,3995
15641,15641,0,2046,3768
15642,15642,0,2047,3447
15643,15643,0,2047,3048
15644,15644,0,2046,2593
15645,15645,0,2047,2107
15646,15646,0,2046,1618
15647,15647,0,2046,1152
15648,15648,0,2047,735
15649,15649,0,2046,389
15650,15650,0,2047,136
15651,15651,0,2046,0
15652,15652,0,2046,0
15653,15653,0,2047,32
15654,15654,0,2046,224
15655,15655,0,2047,515
15656,15656,0,2046,891
15657,15657,0,2046,1331
15658,15658,0,2047,1809
15659,15659,0,2046,2301
15660,15660,0,2046,2778
15661,15661,0,2046,3213
15662,15662,0,2047,3584
15663,15663,0,2046,3870
15664,15664,0,2047,4054
15665,15665,0,2046,4095
15666,15666,0,2046,4083
15667,15667,0,2047,3927
15668,15668,0,2047,3667
15669,15669,0,2046,3315
15670,15670,0,2046,2895
15671,15671,0,2046,2426
15672,15672,0,2046,1936
15673,15673,0,2047,1453
15674,15674,0,2046,1001
15675,15675,0,2046,606
15676,15676,0,2047,290
15677,15677,0,2047,71
15678,15678,0,2046,0
15679,15679,0,2047,0
15680,15680,0,2047,87
15681,15681,0,2047,314
15682,15682,0,2046,637
15683,15683,0,2046,1038
15684,15684,0,2046,1493
15685,15685,0,2047,1980
15686,15686,0,2047,2469
15687,15687,0,2046,2935
15688,15688,0,2046,3350
15689,15689,0,2046,3694
15690,15690,0,2047,3946
15691,15691,0,2046,4092
15692,15692,0,2046,4095
15693,15693,0,2047,4042
15694,15694,0,2046,3848
15695,15695,0,2046,3554
15696,15696,0,2046,3177
15697,15697,0,2047,2736
15698,15698,0,2046,2256
15699,15699,0,2047,1766
15700,15700,0,2047,1290
15701,15701,0,2047,855
15702,15702,0,2047,485
15703,15703,0,2047,202
15704,15704,0,2047,21
15705,15705,0,2047,0
15706,15706,0,2047,0
15707,15707,0,2046,154
15708,15708,0,2047,417
15709,15709,0,2046,769
15710,15710,0,2047,1192
15711,15711,0,2047,1661
15712,15712,0,2047,2151
15713,15713,0,2046,2635
15714,15714,0,2046,3087
15715,15715,0,2047,3479
15716,15716,0,2047,3793
15717,15717,0,2047,4009
15718,15718,0,2046,4095
15719,15719,0,2046,4095
15720,15720,0,2046,3987
15721,15721,0,2046,3756
15722,15722,0,2047,3432
15723,15723,0,2046,3030
15724,15724,0,2047,2572
15725,15725,0,2046,2086
15726,15726,0,2047,1597
15727,15727,0,2046,1133
15728,15728,0,2046,718
15729,15729,0,2046,377
15730,15730,0,2046,127
15731,15731,0,2047,0
15732,15732,0,2046,0
15733,15733,0,2047,38
15734,15734,0,2047,234
15735,15735,0,2047,530
15736,15736,0,2046,909
15737,15737,0,2047,1350
15738,15738,0,2046,1830
15739,15739,0,2046,2320
15740,15740,0,2046,2796
15741,15741,0,2047,3230
15742,15742,0,2046,3599
15743,15743,0,2047,3879
15744,15744,0,2046,4059
15745,15745,0,2047,4095
15746,15746,0,2047,4079
15747,15747,0,2046,3919
15748,15748,0,2046,3654
15749,15749,0,2046,3299
15750,15750,0,2046,2876
15751,15751,0,2047,2406
15752,15752,0,2047,1915
15753,15753,0,2046,1432
15754,15754,0,2046,982
15755,15755,0,2047,591
15756,15756,0,2046,279
15757,15757,0,2047,65
15758,15758,0,2046,0
15759,15759,0,2046,0
15760,15760,0,2046,94
15761,15761,0,2047,326
15762,15762,0,2046,653
15763,15763,0,2046,1056
15764,15764,0,2048,1514
15765,15765,0,2046,2001
15766,15766,0,2046,2490
15767,15767,0,2046,2953
15768,15768,0,2046,3367
15769,15769,0,2047,3706
15770,15770,0,2046,3954
15771,15771,0,2046,4095
15772,15772,0,2046,4095
15773,15773,0,2046,4036
15774,15774,0,2046,3838
15775,15775,0,2047,3540
15776,15776,0,2047,3160
15777,15777,0,2046,2717
15778,15778,0,2047,2237
15779,15779,0,2047,1745
15780,15780,0,2046,1271
15781,15781,0,2046,838
15782,15782,0,2046,472
15783,15783,0,2047,193
15784,15784,0,2046,16
15785,15785,0,2047,0
15786,15786,0,2046,0
15787,15787,0,2047,163
15788,15788,0,2046,429
15789,15789,0,2046,786
15790,15790,0,2045,1210
15791,15791,0,2047,1681
15792,15792,0,2046,2172
15793,15793,0,2046,2655
15794,15794,0,2047,3104
15795,15795,0,2046,3494
15796,15796,0,2046,3803
15797,15797,0,2047,4016
15798,15798,0,2046,4095
15799,15799,0,2046,4095
15800,15800,0,2046,3979
15801,15801,0,2046,3744
15802,15802,0,2046,3416
15803,15803,0,2046,3012
15804,15804,0,2047,2552
15805,15805,0,2046,2065
15806,15806,0,2047,1578
15807,15807,0,2047,1114
15808,15808,0,2046,702
15809,15809,0,2046,364
15810,15810,0,2046,119
15811,15811,0,2046,0
15812,15812,0,2046,0
15813,15813,0,2046,45
15814,15814,0,2047,245
15815,15815,0,2047,544
15816,15816,0,2046,927
15817,15817,0,2046,1370
15818,15818,0,2046,1851
15819,15819,0,2046,2342
15820,15820,0,2046,2816
15821,15821,0,2047,3247
15822,15822,0,2047,3612
15823,15823,0,2046,3889
15824,15824,0,2046,4064
15825,15825,0,2046,4095
15826,15826,0,2046,4075
15827,15827,0,2047,3909
15828,15828,0,2046,3641
15829,15829,0,2046,3282
15830,15830,0,2046,2856
15831,15831,0,2046,2385
15832,15832,0,2046,1894
15833,15833,0,2046,1412
15834,15834,0,2046,964
15835,15835,0,2045,575
15836,15836,0,2047,268
15837,15837,0,2046,58
15838,15838,0,2047,0
15839,15839,0,2047,0
15840,15840,0,2046,102
15841,15841,0,2046,338
15842,15842,0,2046,669
15843,15843,0,2046,1075
15844,15844,0,2047,1534
15845,15845,0,2046,2021
15846,15846,0,2047,2510
15847,15847,0,2047,2973
15848,15848,0,2046,3383
15849,15849,0,2047,3718
15850,15850,0,2047,3962
15851,15851,0,2047,4095
15852,15852,0,2046,4095
15853,15853,0,2046,4029
15854,15854,0,2047,3827
15855,15855,0,2047,3525
15856,15856,0,2046,3142
15857,15857,0,2046,2697
15858,15858,0,2047,2216
15859,15859,0,2047,1725
15860,15860,0,2046,1251
15861,15861,0,2046,821
15862,15862,0,2046,457
15863,15863,0,2047,183
15864,15864,0,2046,11
15865,15865,0,2046,0
15866,15866,0,2047,5
15867,15867,0,2046,173
15868,15868,0,2047,443
15869,15869,0,2047,802
15870,15870,0,2046,1229
15871,15871,0,2046,1701
15872,15872,0,2047,2192
15873,15873,0,2046,2675
15874,15874,0,2046,3122
15875,15875,0,2046,3509
15876,15876,0,2047,3815
15877,15877,0,2046,4023
15878,15878,0,2047,4095
15879,15879,0,2046,4095
15880,15880,0,2047,3971
15881,15881,0,2047,3733
15882,15882,0,2047,3400
15883,15883,0,2047,2993
15884,15884,0,2047,2532
15885,15885,0,2047,2045
15886,15886,0,2046,1556
15887,15887,0,2046,1095
15888,15888,0,2047,686
15889,15889,0,2047,353
15890,15890,0,2046,111
15891,15891,0,2047,0
15892,15892,0,2047,0
15893,15893,0,2046,50
15894,15894,0,2047,255
15895,15895,0,2047,559
15896,15896,0,2047,944
15897,15897,0,2046,1390
15898,15898,0,2047,1872
15899,15899,0,2046,2362
15900,15900,0,2047,2835
15901,15901,0,2046,3264
15902,15902,0,2047,3625
15903,15903,0,2047,3898
15904,15904,0,2046,4070
15905,15905,0,2046,4095
15906,15906,0,2047,4070
15907,15907,0,2047,3900
15908,15908,0,2047,3626
15909,15909,0,2047,3266
15910,15910,0,2046,2837
15911,15911,0,2046,2365
15912,15912,0,2046,1873
15913,15913,0,2047,1392
15914,15914,0,2047,946
15915,15915,0,2047,560
15916,15916,0,2047,256
15917,15917,0,2047,51
15918,15918,0,2046,0
15919,15919,0,2046,0
15920,15920,0,2046,110
15921,15921,0,2047,351
15922,15922,0,2046,685
15923,15923,0,2047,1093
15924,15924,0,2046,1555
15925,15925,0,2046,2042
15926,15926,0,2046,2531
15927,15927,0,2046,2991
15928,15928,0,2047,3398
15929,15929,0,2047,3732
15930,15930,0,2046,3971
15931,15931,0,2047,4095
15932,15932,0,2047,4095
15933,15933,0,2046,4023
15934,15934,0,2047,3816
15935,15935,0,2046,3510
15936,15936,0,2046,3124
15937,15937,0,2046,2676
15938,15938,0,2046,2195
15939,15939,0,2046,1704
15940,15940,0,2046,1232
15941,15941,0,2046,803
15942,15942,0,2046,445
15943,15943,0,2046,174
15944,15944,0,2046,5
15945,15945,0,2047,0
15946,15946,0,2047,10
15947,15947,0,2046,182
15948,15948,0,2046,457
15949,15949,0,2047,819
15950,15950,0,2046,1249
15951,15951,0,2046,1723
15952,15952,0,2047,2213
15953,15953,0,2046,2695
15954,15954,0,2046,3139
15955,15955,0,2046,3524
15956,15956,0,2046,3826
15957,15957,0,2046,4028
15958,15958,0,2046,4095
15959,15959,0,2046,4095
15960,15960,0,2046,3963
15961,15961,0,2046,3720
15962,15962,0,2046,3384
15963,15963,0,2046,2974
15964,15964,0,2046,2512
15965,15965,0,2046,2023
15966,15966,0,2046,1537
15967,15967,0,2046,1076
15968,15968,0,2047,670
15969,15969,0,2046,339
15970,15970,0,2047,102
15971,15971,0,2047,0
15972,15972,0,2046,0
15973,15973,0,2046,57
15974,15974,0,2046,267
15975,15975,0,2047,573
15976,15976,0,2047,962
15977,15977,0,2047,1410
15978,15978,0,2047,1892
15979,15979,0,2046,2384
15980,15980,0,2046,2855
15981,15981,0,2046,3281
15982,15982,0,2046,3639
15983,15983,0,2046,3908
15984,15984,0,2047,4074
15985,15985,0,2047,4095
15986,15986,0,2046,4064
15987,15987,0,2046,3891
15988,15988,0,2047,3613
15989,15989,0,2046,3249
15990,15990,0,2046,2818
15991,15991,0,2047,2344
15992,15992,0,2046,1853
15993,15993,0,2046,1372
15994,15994,0,2046,929
15995,15995,0,2047,546
15996,15996,0,2046,246
15997,15997,0,2046,45
15998,15998,0,2046,0
15999,15999,0,2047,0
16000,16000,0,2046,119
16001,16001,0,2046,364
16002,16002,0,2046,700
16003,16003,0,2046,1112
16004,16004,0,2046,1575
16005,16005,0,2046,2063
16006,16006,0,2046,2550
16007,16007,0,2046,3009
16008,16008,0,2046,3415
16009,16009,0,2046,3744
16010,16010,0,2046,3978
16011,16011,0,2047,4095
16012,16012,0,2046,4095
16013,16013,0,2046,4016
16014,16014,0,2046,3804
16015,16015,0,2046,3496
16016,16016,0,2046,3106
16017,16017,0,2046,2657
16018,16018,0,2046,2173
16019,16019,0,2046,1683
16020,16020,0,2046,1212
16021,16021,0,2046,787
16022,16022,0,2046,431
16023,16023,0,2047,164
16024,16024,0,2046,0
16025,16025,0,2046,0
16026,16026,0,2047,15
16027,16027,0,2046,192
16028,16028,0,2047,471
16029,16029,0,2046,837
16030,16030,0,2047,1268
16031,16031,0,2046,1744
16032,16032,0,2046,2234
16033,16033,0,2046,2714
16034,16034,0,2046,3158
16035,16035,0,2046,3538
16036,16036,0,2046,3837
16037,16037,0,2046,4035
16038,16038,0,2046,4095
16039,16039,0,2046,4095
16040,16040,0,2046,3955
16041,16041,0,2046,3707
16042,16042,0,2046,3368
16043,16043,0,2047,2956
16044,16044,0,2046,2491
16045,16045,0,2046,2003
16046,16046,0,2047,1516
16047,16047,0,2047,1058
16048,16048,0,2047,655
16049,16049,0,2046,328
16050,16050,0,2047,95
16051,16051,0,2046,0
16052,16052,0,2046,0
16053,16053,0,2046,64
16054,16054,0,2046,277
16055,16055,0,2046,588
16056,16056,0,2046,980
16057,16057,0,2047,1430
16058,16058,0,2046,1914
16059,16059,0,2046,2404
16060,16060,0,2046,2874
16061,16061,0,2046,3299
16062,16062,0,2047,3652
16063,16063,0,2046,3917
16064,16064,0,2046,4079
16065,16065,0,2046,4095
16066,16066,0,2047,4060
16067,16067,0,2046,3881
16068,16068,0,2047,3600
16069,16069,0,2046,3232
16070,16070,0,2046,2799
16071,16071,0,2047,2323
16072,16072,0,2046,1831
16073,16073,0,2046,1352
16074,16074,0,2046,911
16075,16075,0,2046,531
16076,16076,0,2046,235
16077,16077,0,2046,39
16078,16078,0,2046,0
16079,16079,0,2047,0
16080,16080,0,2046,126
16081,16081,0,2046,376
16082,16082,0,2047,717
16083,16083,0,2046,1131
16084,16084,0,2047,1595
16085,16085,0,2047,2084
16086,16086,0,2046,2571
16087,16087,0,2046,3027
16088,16088,0,2046,3430
16089,16089,0,2047,3756
16090,16090,0,2047,3987
16091,16091,0,2046,4095
16092,16092,0,2046,4095
16093,16093,0,2046,4009
16094,16094,0,2047,3793
16095,16095,0,2047,3480
16096,16096,0,2047,3088
16097,16097,0,2046,2637
16098,16098,0,2046,2153
16099,16099,0,2046,1662
16100,16100,0,2046,1192
16101,16101,0,2046,771
16102,16102,0,2046,417
16103,16103,0,2047,154
16104,16104,0,2046,0
16105,16105,0,2046,0
16106,16106,0,2047,20
16107,16107,0,2046,201
16108,16108,0,2047,484
16109,16109,0,2047,853
16110,16110,0,2046,1287
16111,16111,0,2047,1763
16112,16112,0,2047,2255
16113,16113,0,2047,2734
16114,16114,0,2046,3175
16115,16115,0,2046,3553
16116,16116,0,2047,3847
16117,16117,0,2046,4040
16118,16118,0,2046,4095
16119,16119,0,2046,4092
16120,16120,0,2046,3947
16121,16121,0,2047,3695
16122,16122,0,2046,3352
16123,16123,0,2046,2936
16124,16124,0,2046,2470
16125,16125,0,2046,1981
16126,16126,0,2046,1496
16127,16127,0,2046,1040
16128,16128,0,2046,639
16129,16129,0,2047,316
16130,16130,0,2046,87
16131,16131,0,2046,0
16132,16132,0,2046,0
16133,16133,0,2046,71
16134,16134,0,2047,289
16135,16135,0,2046,603
16136,16136,0,2046,998
16137,16137,0,2046,1449
16138,16138,0,2046,1934
16139,16139,0,2046,2424
16140,16140,0,2046,2893
16141,16141,0,2046,3314
16142,16142,0,2046,3666
16143,16143,0,2046,3926
16144,16144,0,2046,4083
16145,16145,0,2046,4095
16146,16146,0,2046,4055
16147,16147,0,2047,3871
16148,16148,0,2047,3586
16149,16149,0,2046,3215
16150,16150,0,2046,2779
16151,16151,0,2046,2303
16152,16152,0,2046,1811
16153,16153,0,2046,1332
16154,16154,0,2047,892
16155,16155,0,2046,516
16156,16156,0,2046,224
16157,16157,0,2046,32
16158,16158,0,2046,0
16159,16159,0,2046,0
16160,16160,0,2046,135
16161,16161,0,2047,388
16162,16162,0,2047,733
16163,16163,0,2046,1149
16164,16164,0,2047,1615
16165,16165,0,2047,2105
16166,16166,0,2047,2591
16167,16167,0,2046,3047
16168,16168,0,2047,3445
16169,16169,0,2047,3768
16170,16170,0,2047,3993
16171,16171,0,2046,4095
16172,16172,0,2047,4095
16173,16173,0,2046,4003
16174,16174,0,2046,3783
16175,16175,0,2047,3466
16176,16176,0,2047,3070
16177,16177,0,2046,2617
16178,16178,0,2046,2132
16179,16179,0,2047,1642
16180,16180,0,2047,1175
16181,16181,0,2046,754
16182,16182,0,2046,405
16183,16183,0,2046,146
16184,16184,0,2047,0
16185,16185,0,2046,0
16186,16186,0,2047,25
16187,16187,0,2046,212
16188,16188,0,2047,498
16189,16189,0,2046,870
16190,16190,0,2046,1307
16191,16191,0,2047,1784
16192,16192,0,2046,2276
16193,16193,0,2045,2754
16194,16194,0,2046,3193
16195,16195,0,2047,3567
16196,16196,0,2047,3858
16197,16197,0,2046,4047
16198,16198,0,2046,4095
16199,16199,0,2046,4089
16200,16200,0,2046,3938
16201,16201,0,2047,3682
16202,16202,0,2047,3336
16203,16203,0,2046,2918
16204,16204,0,2047,2450
16205,16205,0,2047,1961
16206,16206,0,2047,1475
16207,16207,0,2047,1021
16208,16208,0,2047,623
16209,16209,0,2047,304
16210,16210,0,2046,79
16211,16211,0,2047,0
16212,16212,0,2046,0
16213,16213,0,2047,78
16214,16214,0,2046,300
16215,16215,0,2046,619
16216,16216,0,2046,1016
16217,16217,0,2046,1469
16218,16218,0,2046,1955
16219,16219,0,2046,2444
16220,16220,0,2046,2913
16221,16221,0,2047,3331
16222,16222,0,2046,3679
16223,16223,0,2046,3935
16224,16224,0,2046,4088
16225,16225,0,2047,4095
16226,16226,0,2047,4049
16227,16227,0,2046,3861
16228,16228,0,2046,3572
16229,16229,0,2046,3198
16230,16230,0,2046,2760
16231,16231,0,2047,2282
16232,16232,0,2047,1790
16233,16233,0,2046,1313
16234,16234,0,2046,876
16235,16235,0,2046,502
16236,16236,0,2047,215
16237,16237,0,2046,27
16238,16238,0,2047,0
16239,16239,0,2047,0
16240,16240,0,2047,144
16241,16241,0,2046,401
16242,16242,0,2047,749
16243,16243,0,2047,1169
16244,16244,0,2046,1636
16245,16245,0,2046,2126
16246,16246,0,2046,2612
16247,16247,0,2046,3064
16248,16248,0,2046,3461
16249,16249,0,2047,3778
16250,16250,0,2046,4001
16251,16251,0,2046,4095
16252,16252,0,2046,4095
16253,16253,0,2046,3995
16254,16254,0,2046,3770
16255,16255,0,2047,3451
16256,16256,0,2046,3051
16257,16257,0,2046,2597
16258,16258,0,2047,2111
16259,16259,0,2046,1622
16260,16260,0,2046,1155
16261,16261,0,2047,738
16262,16262,0,2047,391
16263,16263,0,2046,136
16264,16264,0,2046,0
16265,16265,0,2046,0
16266,16266,0,2047,31
16267,16267,0,2046,222
16268,16268,0,2047,513
16269,16269,0,2046,889
16270,16270,0,2046,1326
16271,16271,0,2046,1805
16272,16272,0,2047,2296
16273,16273,0,2047,2773
16274,16274,0,2047,3210
16275,16275,0,2047,3581
16276,16276,0,2047,3868
16277,16277,0,2046,4053
16278,16278,0,2046,4095
16279,16279,0,2046,4085
16280,16280,0,2046,3929
16281,16281,0,2046,3670
16282,16282,0,2046,3319
16283,16283,0,2046,2899
16284,16284,0,2046,2430
16285,16285,0,2046,1940
16286,16286,0,2046,1456
16287,16287,0,2046,1003
16288,16288,0,2046,608
16289,16289,0,2046,293
16290,16290,0,2046,73
16291,16291,0,2046,0
16292,16292,0,2047,0
16293,16293,0,2047,86
16294,16294,0,2046,312
16295,16295,0,2047,634
16296,16296,0,2047,1034
16297,16297,0,2047,1489
16298,16298,0,2047,1976
16299,16299,0,2046,2466
16300,16300,0,2046,2931
16301,16301,0,2046,3347
16302,16302,0,2047,3692
16303,16303,0,2046,3944
16304,16304,0,2046,4091
16305,16305,0,2046,4095
16306,16306,0,2047,4043
16307,16307,0,2046,3850
16308,16308,0,2046,3557
16309,16309,0,2046,3179
16310,16310,0,2046,2740
16311,16311,0,2046,2261
16312,16312,0,2046,1769
16313,16313,0,2046,1293
16314,16314,0,2046,858
16315,16315,0,2046,489
16316,16316,0,2046,204
16317,16317,0,2046,21
16318,16318,0,2047,0
16319,16319,0,2047,0
16320,16320,0,2046,152
16321,16321,0,2047,414
16322,16322,0,2046,766
16323,16323,0,2046,1187
16324,16324,0,2047,1657
16325,16325,0,2046,2147
16326,16326,0,2046,2631
16327,16327,0,2046,3083
16328,16328,0,2046,3477
16329,16329,0,2047,3790
16330,16330,0,2047,4008
16331,16331,0,2046,4095
16332,16332,0,2046,4095
16333,16333,0,2047,3988
16334,16334,0,2046,3759
16335,16335,0,2046,3435
16336,16336,0,2047,3033
16337,16337,0,2046,2577
16338,16338,0,2047,2090
16339,16339,0,2046,1601
16340,16340,0,2046,1136
16341,16341,0,2046,721
16342,16342,0,2046,379
16343,16343,0,2046,129
16344,16344,0,2047,0
16345,16345,0,2046,0
16346,16346,0,2047,37
16347,16347,0,2047,232
16348,16348,0,2047,527
16349,16349,0,2047,905
16350,16350,0,2047,1346
16351,16351,0,2046,1826
16352,16352,0,2046,2317
16353,16353,0,2046,2793
16354,16354,0,2046,3227
16355,16355,0,2047,3596
16356,16356,0,2046,3878
16357,16357,0,2046,4058
16358,16358,0,2046,4095
16359,16359,0,2047,4081
16360,16360,0,2047,3920
16361,16361,0,2046,3656
16362,16362,0,2047,3303
16363,16363,0,2047,2880
16364,16364,0,2046,2409
16365,16365,0,2047,1919
16366,16366,0,2046,1435
16367,16367,0,2046,985
16368,16368,0,2046,593
16369,16369,0,2047,281
16370,16370,0,2046,65
16371,16371,0,2046,0
16372,16372,0,2046,0
16373,16373,0,2047,92
16374,16374,0,2047,323
16375,16375,0,2047,650
16376,16376,0,2046,1053
16377,16377,0,2047,1510
16378,16378,0,2046,1997
16379,16379,0,2046,2486
16380,16380,0,2047,2950
16381,16381,0,2046,3364
16382,16382,0,2046,3705
16383,16383,0,2047,3953
