Sample in Buffer,Sample in Window,TRIGGER,adc2_data_b_d0[11:0],adc2_data_a_d0[11:0]
0,0,0,248,2049
1,1,0,628,2050
2,2,0,1124,2049
3,3,0,1696,2049
4,4,0,2297,2049
5,5,0,2876,2049
6,6,0,3388,2049
7,7,0,3791,2050
8,8,0,4049,2050
9,9,0,4095,2049
10,10,0,4067,2050
11,11,0,3823,2049
12,12,0,3435,2049
13,13,0,2933,2048
14,14,0,2357,2050
15,15,0,1757,2049
16,16,0,1181,2049
17,17,0,674,2050
18,18,0,281,2049
19,19,0,31,2049
20,20,0,0,2048
21,21,0,36,2049
22,22,0,289,2049
23,23,0,685,2049
24,24,0,1194,2049
25,25,0,1772,2049
26,26,0,2373,2049
27,27,0,2946,2049
28,28,0,3446,2049
29,29,0,3831,2049
30,30,0,4071,2050
31,31,0,4095,2049
32,32,0,4045,2049
33,33,0,3781,2049
34,34,0,3376,2049
35,35,0,2862,2050
36,36,0,2281,2049
37,37,0,1681,2049
38,38,0,1111,2049
39,39,0,617,2049
40,40,0,241,2049
41,41,0,11,2049
42,42,0,0,2050
43,43,0,59,2049
44,44,0,332,2049
45,45,0,744,2049
46,46,0,1264,2049
47,47,0,1849,2049
48,48,0,2448,2049
49,49,0,3015,2049
50,50,0,3503,2049
51,51,0,3870,2049
52,52,0,4089,2050
53,53,0,4095,2050
54,54,0,4020,2049
55,55,0,3736,2050
56,56,0,3315,2049
57,57,0,2790,2049
58,58,0,2205,2049
59,59,0,1605,2049
60,60,0,1043,2049
61,61,0,562,2050
62,62,0,202,2049
63,63,0,0,2050
64,64,0,0,2049
65,65,0,86,2049
66,66,0,377,2049
67,67,0,806,2049
68,68,0,1337,2049
69,69,0,1925,2049
70,70,0,2523,2049
71,71,0,3083,2049
72,72,0,3557,2049
73,73,0,3908,2049
74,74,0,4095,2049
75,75,0,4095,2049
76,76,0,3992,2050
77,77,0,3690,2049
78,78,0,3253,2050
79,79,0,2718,2049
80,80,0,2128,2049
81,81,0,1531,2049
82,82,0,975,2049
83,83,0,509,2049
84,84,0,168,2048
85,85,0,0,2049
86,86,0,0,2049
87,87,0,114,2049
88,88,0,425,2049
89,89,0,869,2050
90,90,0,1410,2049
91,91,0,2002,2050
92,92,0,2598,2049
93,93,0,3149,2049
94,94,0,3609,2049
95,95,0,3942,2050
96,96,0,4095,2049
97,97,0,4095,2049
98,98,0,3963,2048
99,99,0,3641,2049
100,100,0,3189,2049
101,101,0,2645,2049
102,102,0,2050,2049
103,103,0,1456,2049
104,104,0,910,2049
105,105,0,457,2049
106,106,0,134,2049
107,107,0,0,2049
108,108,0,0,2049
109,109,0,145,2049
110,110,0,476,2050
111,111,0,933,2049
112,112,0,1483,2050
113,113,0,2079,2050
114,114,0,2672,2049
115,115,0,3214,2049
116,116,0,3660,2049
117,117,0,3974,2049
118,118,0,4095,2049
119,119,0,4095,2049
120,120,0,3929,2049
121,121,0,3590,2049
122,122,0,3125,2049
123,123,0,2572,2049
124,124,0,1974,2050
125,125,0,1383,2049
126,126,0,846,2049
127,127,0,407,2049
128,128,0,103,2049
129,129,0,0,2050
130,130,0,0,2049
131,131,0,180,2049
132,132,0,527,2050
133,133,0,999,2049
134,134,0,1558,2049
135,135,0,2156,2050
136,136,0,2744,2049
137,137,0,3277,2050
138,138,0,3708,2049
139,139,0,4003,2049
140,140,0,4095,2049
141,141,0,4095,2049
142,142,0,3894,2049
143,143,0,3536,2049
144,144,0,3058,2049
145,145,0,2496,2049
146,146,0,1897,2049
147,147,0,1310,2050
148,148,0,783,2049
149,149,0,360,2050
150,150,0,76,2049
151,151,0,0,2049
152,152,0,0,2049
153,153,0,216,2050
154,154,0,582,2049
155,155,0,1067,2049
156,156,0,1633,2049
157,157,0,2233,2049
158,158,0,2817,2050
159,159,0,3338,2049
160,160,0,3754,2049
161,161,0,4029,2049
162,162,0,4095,2049
163,163,0,4083,2050
164,164,0,3857,2049
165,165,0,3482,2049
166,166,0,2991,2049
167,167,0,2421,2049
168,168,0,1821,2049
169,169,0,1239,2050
170,170,0,723,2049
171,171,0,316,2049
172,172,0,50,2049
173,173,0,0,2049
174,174,0,18,2049
175,175,0,254,2049
176,176,0,637,2049
177,177,0,1136,2049
178,178,0,1708,2049
179,179,0,2309,2049
180,180,0,2888,2049
181,181,0,3398,2049
182,182,0,3797,2049
183,183,0,4053,2049
184,184,0,4095,2049
185,185,0,4063,2049
186,186,0,3816,2049
187,187,0,3425,2049
188,188,0,2921,2049
189,189,0,2344,2049
190,190,0,1744,2049
191,191,0,1168,2049
192,192,0,664,2049
193,193,0,274,2050
194,194,0,28,2049
195,195,0,0,2049
196,196,0,39,2050
197,197,0,296,2050
198,198,0,695,2049
199,199,0,1206,2049
200,200,0,1784,2049
201,201,0,2385,2049
202,202,0,2958,2049
203,203,0,3456,2050
204,204,0,3838,2049
205,205,0,4073,2049
206,206,0,4095,2049
207,207,0,4040,2049
208,208,0,3774,2049
209,209,0,3367,2049
210,210,0,2850,2049
211,211,0,2268,2049
212,212,0,1668,2049
213,213,0,1099,2050
214,214,0,608,2049
215,215,0,233,2049
216,216,0,8,2049
217,217,0,0,2049
218,218,0,63,2049
219,219,0,339,2049
220,220,0,754,2049
221,221,0,1276,2048
222,222,0,1861,2049
223,223,0,2461,2050
224,224,0,3027,2050
225,225,0,3512,2049
226,226,0,3877,2050
227,227,0,4092,2049
228,228,0,4095,2049
229,229,0,4016,2050
230,230,0,3729,2049
231,231,0,3305,2049
232,232,0,2779,2050
233,233,0,2192,2049
234,234,0,1593,2050
235,235,0,1032,2049
236,236,0,552,2050
237,237,0,197,2049
238,238,0,0,2049
239,239,0,0,2050
240,240,0,90,2049
241,241,0,385,2050
242,242,0,817,2050
243,243,0,1349,2049
244,244,0,1938,2049
245,245,0,2537,2050
246,246,0,3094,2049
247,247,0,3565,2049
248,248,0,3913,2049
249,249,0,4095,2049
250,250,0,4095,2049
251,251,0,3987,2049
252,252,0,3683,2048
253,253,0,3243,2049
254,254,0,2706,2049
255,255,0,2115,2049
256,256,0,1517,2049
257,257,0,964,2049
258,258,0,500,2049
259,259,0,161,2049
260,260,0,0,2049
261,261,0,0,2049
262,262,0,118,2049
263,263,0,434,2049
264,264,0,879,2050
265,265,0,1422,2049
266,266,0,2015,2050
267,267,0,2611,2049
268,268,0,3160,2049
269,269,0,3617,2049
270,270,0,3947,2049
271,271,0,4095,2050
272,272,0,4095,2049
273,273,0,3957,2049
274,274,0,3632,2048
275,275,0,3179,2049
276,276,0,2633,2049
277,277,0,2038,2049
278,278,0,1444,2049
279,279,0,899,2049
280,280,0,449,2048
281,281,0,128,2049
282,282,0,0,2049
283,283,0,0,2049
284,284,0,151,2049
285,285,0,484,2050
286,286,0,945,2049
287,287,0,1496,2050
288,288,0,2092,2049
289,289,0,2685,2050
290,290,0,3224,2050
291,291,0,3668,2048
292,292,0,3978,2049
293,293,0,4095,2049
294,294,0,4095,2049
295,295,0,3924,2049
296,296,0,3581,2049
297,297,0,3113,2049
298,298,0,2559,2049
299,299,0,1961,2049
300,300,0,1371,2049
301,301,0,835,2049
302,302,0,399,2049
303,303,0,99,2049
304,304,0,0,2049
305,305,0,0,2049
306,306,0,186,2049
307,307,0,537,2049
308,308,0,1011,2049
309,309,0,1571,2049
310,310,0,2168,2049
311,311,0,2757,2049
312,312,0,3287,2049
313,313,0,3715,2049
314,314,0,4008,2049
315,315,0,4095,2049
316,316,0,4095,2049
317,317,0,3888,2049
318,318,0,3528,2049
319,319,0,3046,2050
320,320,0,2483,2049
321,321,0,1885,2049
322,322,0,1298,2050
323,323,0,773,2049
324,324,0,353,2049
325,325,0,71,2050
326,326,0,0,2049
327,327,0,3,2049
328,328,0,222,2049
329,329,0,591,2049
330,330,0,1078,2049
331,331,0,1646,2049
332,332,0,2245,2049
333,333,0,2829,2049
334,334,0,3349,2049
335,335,0,3761,2049
336,336,0,4033,2049
337,337,0,4095,2049
338,338,0,4080,2049
339,339,0,3850,2049
340,340,0,3472,2049
341,341,0,2979,2050
342,342,0,2408,2049
343,343,0,1807,2049
344,344,0,1227,2049
345,345,0,713,2049
346,346,0,309,2050
347,347,0,47,2049
348,348,0,0,2049
349,349,0,22,2049
350,350,0,261,2049
351,351,0,647,2049
352,352,0,1147,2049
353,353,0,1722,2049
354,354,0,2322,2049
355,355,0,2900,2049
356,356,0,3408,2049
357,357,0,3805,2049
358,358,0,4057,2049
359,359,0,4095,2049
360,360,0,4060,2049
361,361,0,3810,2049
362,362,0,3415,2049
363,363,0,2909,2049
364,364,0,2332,2049
365,365,0,1731,2049
366,366,0,1156,2049
367,367,0,655,2049
368,368,0,267,2049
369,369,0,25,2050
370,370,0,0,2050
371,371,0,43,2049
372,372,0,302,2049
373,373,0,705,2049
374,374,0,1218,2050
375,375,0,1797,2050
376,376,0,2398,2049
377,377,0,2969,2049
378,378,0,3466,2049
379,379,0,3845,2049
380,380,0,4077,2049
381,381,0,4095,2049
382,382,0,4037,2050
383,383,0,3766,2048
384,384,0,3356,2049
385,385,0,2838,2049
386,386,0,2256,2049
387,387,0,1656,2049
388,388,0,1088,2050
389,389,0,597,2049
390,390,0,227,2049
391,391,0,5,2049
392,392,0,0,2049
393,393,0,68,2049
394,394,0,347,2049
395,395,0,765,2049
396,396,0,1288,2049
397,397,0,1874,2050
398,398,0,2474,2049
399,399,0,3038,2049
400,400,0,3521,2049
401,401,0,3884,2049
402,402,0,4095,2050
403,403,0,4095,2049
404,404,0,4010,2049
405,405,0,3721,2049
406,406,0,3295,2049
407,407,0,2767,2049
408,408,0,2179,2049
409,409,0,1580,2049
410,410,0,1020,2049
411,411,0,544,2049
412,412,0,190,2050
413,413,0,0,2050
414,414,0,0,2050
415,415,0,94,2049
416,416,0,393,2049
417,417,0,827,2049
418,418,0,1360,2049
419,419,0,1951,2049
420,420,0,2549,2049
421,421,0,3105,2050
422,422,0,3574,2050
423,423,0,3920,2050
424,424,0,4095,2049
425,425,0,4095,2049
426,426,0,3983,2049
427,427,0,3674,2049
428,428,0,3232,2049
429,429,0,2693,2049
430,430,0,2102,2049
431,431,0,1505,2049
432,432,0,953,2049
433,433,0,492,2049
434,434,0,155,2050
435,435,0,0,2050
436,436,0,0,2049
437,437,0,124,2049
438,438,0,442,2049
439,439,0,891,2049
440,440,0,1434,2049
441,441,0,2028,2049
442,442,0,2624,2049
443,443,0,3171,2049
444,444,0,3626,2050
445,445,0,3953,2049
446,446,0,4095,2049
447,447,0,4095,2049
448,448,0,3952,2049
449,449,0,3624,2049
450,450,0,3168,2049
451,451,0,2620,2049
452,452,0,2024,2049
453,453,0,1431,2050
454,454,0,889,2049
455,455,0,440,2050
456,456,0,124,2049
457,457,0,0,2049
458,458,0,0,2049
459,459,0,156,2049
460,460,0,493,2049
461,461,0,956,2049
462,462,0,1508,2049
463,463,0,2105,2050
464,464,0,2696,2049
465,465,0,3235,2050
466,466,0,3676,2049
467,467,0,3983,2049
468,468,0,4095,2048
469,469,0,4095,2050
470,470,0,3918,2049
471,471,0,3573,2049
472,472,0,3103,2049
473,473,0,2547,2049
474,474,0,1948,2049
475,475,0,1359,2049
476,476,0,825,2049
477,477,0,391,2049
478,478,0,94,2049
479,479,0,0,2049
480,480,0,0,2049
481,481,0,191,2050
482,482,0,546,2048
483,483,0,1022,2049
484,484,0,1583,2049
485,485,0,2181,2049
486,486,0,2769,2049
487,487,0,3298,2050
488,488,0,3723,2049
489,489,0,4011,2049
490,490,0,4095,2049
491,491,0,4094,2049
492,492,0,3882,2049
493,493,0,3518,2049
494,494,0,3035,2048
495,495,0,2470,2049
496,496,0,1871,2049
497,497,0,1286,2049
498,498,0,763,2049
499,499,0,345,2049
500,500,0,67,2049
501,501,0,0,2050
502,502,0,6,2049
503,503,0,228,2049
504,504,0,599,2050
505,505,0,1090,2050
506,506,0,1658,2049
507,507,0,2258,2049
508,508,0,2841,2049
509,509,0,3358,2050
510,510,0,3769,2050
511,511,0,4037,2049
512,512,0,4095,2049
513,513,0,4077,2049
514,514,0,3843,2049
515,515,0,3463,2049
516,516,0,2967,2049
517,517,0,2395,2049
518,518,0,1795,2049
519,519,0,1215,2049
520,520,0,704,2049
521,521,0,302,2049
522,522,0,43,2049
523,523,0,0,2049
524,524,0,25,2050
525,525,0,268,2049
526,526,0,656,2049
527,527,0,1159,2050
528,528,0,1734,2049
529,529,0,2335,2050
530,530,0,2912,2049
531,531,0,3417,2049
532,532,0,3811,2049
533,533,0,4061,2049
534,534,0,4095,2049
535,535,0,4056,2049
536,536,0,3803,2050
537,537,0,3405,2049
538,538,0,2898,2049
539,539,0,2319,2050
540,540,0,1719,2049
541,541,0,1146,2049
542,542,0,646,2049
543,543,0,261,2049
544,544,0,21,2049
545,545,0,0,2049
546,546,0,47,2049
547,547,0,310,2050
548,548,0,715,2049
549,549,0,1228,2049
550,550,0,1810,2049
551,551,0,2411,2049
552,552,0,2981,2049
553,553,0,3474,2049
554,554,0,3852,2049
555,555,0,4081,2049
556,556,0,4095,2050
557,557,0,4032,2049
558,558,0,3759,2049
559,559,0,3346,2049
560,560,0,2826,2049
561,561,0,2243,2049
562,562,0,1643,2050
563,563,0,1077,2049
564,564,0,589,2049
565,565,0,221,2049
566,566,0,2,2049
567,567,0,0,2049
568,568,0,72,2049
569,569,0,355,2049
570,570,0,776,2049
571,571,0,1301,2049
572,572,0,1887,2049
573,573,0,2486,2049
574,574,0,3049,2050
575,575,0,3530,2049
576,576,0,3890,2050
577,577,0,4095,2050
578,578,0,4095,2049
579,579,0,4006,2049
580,580,0,3714,2049
581,581,0,3285,2049
582,582,0,2755,2049
583,583,0,2167,2050
584,584,0,1568,2049
585,585,0,1008,2049
586,586,0,534,2049
587,587,0,184,2049
588,588,0,0,2049
589,589,0,0,2049
590,590,0,99,2049
591,591,0,401,2049
592,592,0,838,2049
593,593,0,1373,2049
594,594,0,1963,2050
595,595,0,2560,2049
596,596,0,3116,2050
597,597,0,3584,2050
598,598,0,3925,2049
599,599,0,4095,2049
600,600,0,4095,2049
601,601,0,3977,2049
602,602,0,3667,2050
603,603,0,3222,2049
604,604,0,2682,2049
605,605,0,2089,2049
606,606,0,1493,2049
607,607,0,943,2049
608,608,0,483,2049
609,609,0,150,2049
610,610,0,0,2050
611,611,0,0,2049
612,612,0,130,2049
613,613,0,449,2049
614,614,0,901,2049
615,615,0,1446,2050
616,616,0,2040,2049
617,617,0,2635,2049
618,618,0,3181,2049
619,619,0,3635,2050
620,620,0,3958,2049
621,621,0,4095,2049
622,622,0,4095,2049
623,623,0,3947,2049
624,624,0,3616,2049
625,625,0,3157,2049
626,626,0,2608,2049
627,627,0,2012,2049
628,628,0,1420,2049
629,629,0,878,2049
630,630,0,433,2049
631,631,0,118,2049
632,632,0,0,2049
633,633,0,0,2049
634,634,0,163,2049
635,635,0,501,2049
636,636,0,966,2049
637,637,0,1521,2050
638,638,0,2118,2049
639,639,0,2708,2049
640,640,0,3245,2049
641,641,0,3684,2049
642,642,0,3989,2049
643,643,0,4095,2049
644,644,0,4095,2049
645,645,0,3912,2049
646,646,0,3564,2049
647,647,0,3092,2050
648,648,0,2533,2049
649,649,0,1936,2049
650,650,0,1347,2049
651,651,0,815,2048
652,652,0,384,2049
653,653,0,89,2049
654,654,0,0,2049
655,655,0,0,2049
656,656,0,197,2049
657,657,0,554,2049
658,658,0,1033,2049
659,659,0,1595,2050
660,660,0,2194,2049
661,661,0,2781,2049
662,662,0,3308,2049
663,663,0,3731,2049
664,664,0,4017,2049
665,665,0,4095,2048
666,666,0,4092,2049
667,667,0,3876,2049
668,668,0,3509,2049
669,669,0,3024,2049
670,670,0,2458,2050
671,671,0,1859,2049
672,672,0,1275,2049
673,673,0,753,2049
674,674,0,338,2049
675,675,0,62,2049
676,676,0,0,2049
677,677,0,9,2049
678,678,0,235,2049
679,679,0,609,2049
680,680,0,1101,2049
681,681,0,1670,2049
682,682,0,2271,2050
683,683,0,2853,2049
684,684,0,3368,2049
685,685,0,3776,2050
686,686,0,4042,2050
687,687,0,4095,2049
688,688,0,4074,2049
689,689,0,3837,2049
690,690,0,3454,2049
691,691,0,2955,2049
692,692,0,2383,2049
693,693,0,1782,2049
694,694,0,1203,2048
695,695,0,693,2049
696,696,0,295,2049
697,697,0,39,2049
698,698,0,0,2049
699,699,0,28,2050
700,700,0,274,2050
701,701,0,666,2049
702,702,0,1170,2049
703,703,0,1746,2049
704,704,0,2347,2050
705,705,0,2923,2049
706,706,0,3427,2050
707,707,0,3818,2049
708,708,0,4063,2049
709,709,0,4095,2049
710,710,0,4052,2049
711,711,0,3796,2049
712,712,0,3396,2049
713,713,0,2885,2049
714,714,0,2306,2049
715,715,0,1706,2049
716,716,0,1133,2049
717,717,0,636,2049
718,718,0,254,2049
719,719,0,18,2049
720,720,0,0,2050
721,721,0,51,2049
722,722,0,317,2049
723,723,0,725,2049
724,724,0,1241,2050
725,725,0,1823,2050
726,726,0,2423,2049
727,727,0,2992,2049
728,728,0,3484,2049
729,729,0,3859,2049
730,730,0,4083,2049
731,731,0,4095,2049
732,732,0,4028,2049
733,733,0,3752,2049
734,734,0,3336,2050
735,735,0,2815,2049
736,736,0,2230,2049
737,737,0,1631,2049
738,738,0,1065,2049
739,739,0,580,2049
740,740,0,215,2049
741,741,0,0,2048
742,742,0,0,2049
743,743,0,76,2049
744,744,0,361,2049
745,745,0,786,2049
746,746,0,1312,2049
747,747,0,1899,2049
748,748,0,2498,2049
749,749,0,3060,2050
750,750,0,3539,2049
751,751,0,3896,2049
752,752,0,4095,2049
753,753,0,4095,2049
754,754,0,4001,2049
755,755,0,3706,2049
756,756,0,3274,2048
757,757,0,2743,2049
758,758,0,2154,2049
759,759,0,1556,2050
760,760,0,997,2049
761,761,0,526,2050
762,762,0,179,2050
763,763,0,0,2049
764,764,0,0,2049
765,765,0,104,2050
766,766,0,409,2049
767,767,0,849,2050
768,768,0,1385,2048
769,769,0,1975,2049
770,770,0,2573,2049
771,771,0,3127,2049
772,772,0,3592,2049
773,773,0,3930,2050
774,774,0,4095,2049
775,775,0,4095,2049
776,776,0,3972,2049
777,777,0,3658,2048
778,778,0,3212,2050
779,779,0,2670,2049
780,780,0,2077,2049
781,781,0,1481,2049
782,782,0,931,2049
783,783,0,473,2049
784,784,0,144,2049
785,785,0,0,2049
786,786,0,0,2049
787,787,0,134,2049
788,788,0,459,2049
789,789,0,911,2049
790,790,0,1458,2049
791,791,0,2053,2050
792,792,0,2647,2049
793,793,0,3192,2049
794,794,0,3643,2049
795,795,0,3963,2049
796,796,0,4095,2049
797,797,0,4095,2049
798,798,0,3941,2049
799,799,0,3608,2050
800,800,0,3147,2050
801,801,0,2596,2049
802,802,0,2000,2049
803,803,0,1408,2049
804,804,0,868,2050
805,805,0,424,2049
806,806,0,114,2050
807,807,0,0,2049
808,808,0,0,2049
809,809,0,168,2049
810,810,0,509,2049
811,811,0,977,2049
812,812,0,1533,2049
813,813,0,2130,2049
814,814,0,2720,2049
815,815,0,3256,2049
816,816,0,3692,2050
817,817,0,3993,2049
818,818,0,4095,2049
819,819,0,4095,2049
820,820,0,3905,2049
821,821,0,3555,2049
822,822,0,3080,2049
823,823,0,2521,2049
824,824,0,1923,2049
825,825,0,1335,2049
826,826,0,804,2049
827,827,0,376,2050
828,828,0,84,2050
829,829,0,0,2049
830,830,0,0,2049
831,831,0,203,2049
832,832,0,563,2050
833,833,0,1044,2049
834,834,0,1607,2049
835,835,0,2207,2049
836,836,0,2793,2049
837,837,0,3318,2050
838,838,0,3739,2049
839,839,0,4021,2050
840,840,0,4095,2049
841,841,0,4089,2049
842,842,0,3869,2050
843,843,0,3501,2049
844,844,0,3013,2050
845,845,0,2446,2050
846,846,0,1846,2049
847,847,0,1262,2049
848,848,0,743,2049
849,849,0,331,2049
850,850,0,59,2049
851,851,0,0,2049
852,852,0,12,2050
853,853,0,241,2049
854,854,0,619,2049
855,855,0,1113,2048
856,856,0,1683,2049
857,857,0,2283,2049
858,858,0,2864,2049
859,859,0,3379,2049
860,860,0,3783,2049
861,861,0,4045,2050
862,862,0,4095,2049
863,863,0,4070,2049
864,864,0,3829,2049
865,865,0,3444,2049
866,866,0,2944,2049
867,867,0,2370,2049
868,868,0,1769,2049
869,869,0,1192,2050
870,870,0,684,2049
871,871,0,287,2049
872,872,0,35,2050
873,873,0,0,2049
874,874,0,32,2050
875,875,0,281,2049
876,876,0,675,2049
877,877,0,1183,2049
878,878,0,1759,2050
879,879,0,2360,2049
880,880,0,2935,2049
881,881,0,3437,2049
882,882,0,3825,2049
883,883,0,4067,2049
884,884,0,4095,2049
885,885,0,4048,2049
886,886,0,3788,2049
887,887,0,3386,2050
888,888,0,2874,2049
889,889,0,2293,2050
890,890,0,1694,2049
891,891,0,1122,2049
892,892,0,626,2049
893,893,0,247,2049
894,894,0,14,2049
895,895,0,0,2050
896,896,0,55,2049
897,897,0,325,2049
898,898,0,735,2049
899,899,0,1253,2049
900,900,0,1835,2049
901,901,0,2435,2049
902,902,0,3003,2050
903,903,0,3494,2049
904,904,0,3864,2049
905,905,0,4087,2050
906,906,0,4095,2049
907,907,0,4024,2049
908,908,0,3745,2050
909,909,0,3326,2049
910,910,0,2803,2050
911,911,0,2217,2049
912,912,0,1619,2049
913,913,0,1054,2049
914,914,0,570,2049
915,915,0,209,2050
916,916,0,0,2049
917,917,0,0,2050
918,918,0,81,2049
919,919,0,370,2049
920,920,0,796,2049
921,921,0,1325,2049
922,922,0,1912,2050
923,923,0,2511,2049
924,924,0,3071,2049
925,925,0,3548,2049
926,926,0,3902,2049
927,927,0,4095,2049
928,928,0,4095,2049
929,929,0,3997,2049
930,930,0,3698,2049
931,931,0,3264,2049
932,932,0,2730,2050
933,933,0,2141,2049
934,934,0,1543,2050
935,935,0,987,2049
936,936,0,517,2049
937,937,0,173,2049
938,938,0,0,2049
939,939,0,0,2049
940,940,0,109,2049
941,941,0,417,2050
942,942,0,859,2049
943,943,0,1397,2049
944,944,0,1989,2049
945,945,0,2586,2049
946,946,0,3138,2049
947,947,0,3602,2049
948,948,0,3936,2049
949,949,0,4095,2048
950,950,0,4095,2050
951,951,0,3967,2049
952,952,0,3649,2049
953,953,0,3201,2049
954,954,0,2657,2050
955,955,0,2064,2049
956,956,0,1469,2049
957,957,0,921,2049
958,958,0,465,2049
959,959,0,140,2050
960,960,0,0,2049
961,961,0,0,2049
962,962,0,140,2049
963,963,0,467,2049
964,964,0,923,2049
965,965,0,1471,2049
966,966,0,2066,2049
967,967,0,2660,2049
968,968,0,3203,2049
969,969,0,3651,2049
970,970,0,3969,2049
971,971,0,4095,2050
972,972,0,4095,2049
973,973,0,3936,2050
974,974,0,3598,2049
975,975,0,3136,2048
976,976,0,2583,2049
977,977,0,1987,2049
978,978,0,1395,2048
979,979,0,857,2049
980,980,0,416,2049
981,981,0,108,2049
982,982,0,0,2049
983,983,0,0,2049
984,984,0,174,2049
985,985,0,519,2049
986,986,0,988,2049
987,987,0,1545,2049
988,988,0,2142,2049
989,989,0,2732,2049
990,990,0,3266,2049
991,991,0,3700,2049
992,992,0,3999,2049
993,993,0,4095,2049
994,994,0,4095,2049
995,995,0,3901,2050
996,996,0,3545,2049
997,997,0,3069,2049
998,998,0,2509,2049
999,999,0,1910,2049
1000,1000,0,1323,2049
1001,1001,0,794,2049
1002,1002,0,369,2051
1003,1003,0,80,2050
1004,1004,0,0,2049
1005,1005,0,0,2049
1006,1006,0,209,2049
1007,1007,0,572,2049
1008,1008,0,1055,2049
1009,1009,0,1619,2049
1010,1010,0,2219,2049
1011,1011,0,2805,2050
1012,1012,0,3328,2049
1013,1013,0,3746,2049
1014,1014,0,4025,2049
1015,1015,0,4095,2049
1016,1016,0,4085,2048
1017,1017,0,3863,2049
1018,1018,0,3491,2049
1019,1019,0,3001,2049
1020,1020,0,2434,2049
1021,1021,0,1834,2049
1022,1022,0,1251,2049
1023,1023,0,733,2049
1024,1024,0,324,2049
1025,1025,0,54,2049
1026,1026,0,0,2049
1027,1027,0,15,2049
1028,1028,0,248,2049
1029,1029,0,628,2049
1030,1030,0,1124,2049
1031,1031,0,1696,2049
1032,1032,0,2296,2050
1033,1033,0,2875,2049
1034,1034,0,3388,2049
1035,1035,0,3790,2050
1036,1036,0,4049,2049
1037,1037,0,4095,2049
1038,1038,0,4066,2049
1039,1039,0,3823,2049
1040,1040,0,3435,2049
1041,1041,0,2933,2049
1042,1042,0,2357,2049
1043,1043,0,1757,2049
1044,1044,0,1179,2048
1045,1045,0,674,2048
1046,1046,0,281,2049
1047,1047,0,31,2049
1048,1048,0,0,2049
1049,1049,0,36,2050
1050,1050,0,290,2050
1051,1051,0,685,2050
1052,1052,0,1194,2049
1053,1053,0,1772,2049
1054,1054,0,2373,2050
1055,1055,0,2946,2050
1056,1056,0,3446,2049
1057,1057,0,3832,2049
1058,1058,0,4071,2049
1059,1059,0,4095,2049
1060,1060,0,4044,2049
1061,1061,0,3781,2049
1062,1062,0,3376,2049
1063,1063,0,2862,2050
1064,1064,0,2281,2049
1065,1065,0,1681,2049
1066,1066,0,1111,2049
1067,1067,0,616,2049
1068,1068,0,240,2050
1069,1069,0,12,2049
1070,1070,0,0,2049
1071,1071,0,59,2049
1072,1072,0,332,2049
1073,1073,0,746,2049
1074,1074,0,1265,2050
1075,1075,0,1848,2049
1076,1076,0,2448,2049
1077,1077,0,3016,2049
1078,1078,0,3503,2049
1079,1079,0,3871,2049
1080,1080,0,4089,2049
1081,1081,0,4095,2050
1082,1082,0,4019,2049
1083,1083,0,3737,2049
1084,1084,0,3316,2049
1085,1085,0,2791,2049
1086,1086,0,2205,2049
1087,1087,0,1606,2048
1088,1088,0,1042,2049
1089,1089,0,561,2049
1090,1090,0,202,2050
1091,1091,0,0,2049
1092,1092,0,0,2049
1093,1093,0,86,2049
1094,1094,0,378,2049
1095,1095,0,807,2049
1096,1096,0,1337,2049
1097,1097,0,1924,2049
1098,1098,0,2524,2049
1099,1099,0,3083,2049
1100,1100,0,3556,2049
1101,1101,0,3908,2049
1102,1102,0,4095,2049
1103,1103,0,4095,2049
1104,1104,0,3993,2050
1105,1105,0,3690,2049
1106,1106,0,3254,2049
1107,1107,0,2718,2049
1108,1108,0,2128,2049
1109,1109,0,1530,2049
1110,1110,0,976,2050
1111,1111,0,508,2049
1112,1112,0,167,2049
1113,1113,0,0,2050
1114,1114,0,0,2049
1115,1115,0,113,2049
1116,1116,0,425,2049
1117,1117,0,870,2049
1118,1118,0,1409,2049
1119,1119,0,2002,2049
1120,1120,0,2598,2050
1121,1121,0,3149,2049
1122,1122,0,3609,2049
1123,1123,0,3942,2050
1124,1124,0,4095,2049
1125,1125,0,4095,2049
1126,1126,0,3962,2049
1127,1127,0,3641,2049
1128,1128,0,3191,2049
1129,1129,0,2645,2049
1130,1130,0,2051,2049
1131,1131,0,1457,2049
1132,1132,0,910,2049
1133,1133,0,457,2049
1134,1134,0,135,2049
1135,1135,0,0,2050
1136,1136,0,0,2049
1137,1137,0,145,2050
1138,1138,0,476,2049
1139,1139,0,934,2050
1140,1140,0,1483,2050
1141,1141,0,2078,2050
1142,1142,0,2671,2049
1143,1143,0,3214,2049
1144,1144,0,3659,2049
1145,1145,0,3973,2049
1146,1146,0,4095,2049
1147,1147,0,4095,2050
1148,1148,0,3929,2049
1149,1149,0,3590,2049
1150,1150,0,3124,2049
1151,1151,0,2571,2049
1152,1152,0,1974,2049
1153,1153,0,1383,2049
1154,1154,0,846,2049
1155,1155,0,407,2049
1156,1156,0,104,2049
1157,1157,0,0,2049
1158,1158,0,0,2049
1159,1159,0,179,2049
1160,1160,0,527,2049
1161,1161,0,999,2049
1162,1162,0,1557,2049
1163,1163,0,2156,2049
1164,1164,0,2744,2049
1165,1165,0,3276,2049
1166,1166,0,3708,2049
1167,1167,0,4003,2049
1168,1168,0,4095,2049
1169,1169,0,4095,2050
1170,1170,0,3894,2050
1171,1171,0,3537,2049
1172,1172,0,3058,2049
1173,1173,0,2496,2049
1174,1174,0,1897,2049
1175,1175,0,1310,2049
1176,1176,0,784,2049
1177,1177,0,361,2049
1178,1178,0,76,2049
1179,1179,0,0,2050
1180,1180,0,0,2049
1181,1181,0,216,2049
1182,1182,0,582,2050
1183,1183,0,1067,2049
1184,1184,0,1632,2049
1185,1185,0,2233,2050
1186,1186,0,2817,2049
1187,1187,0,3338,2049
1188,1188,0,3753,2050
1189,1189,0,4029,2050
1190,1190,0,4095,2049
1191,1191,0,4082,2050
1192,1192,0,3856,2049
1193,1193,0,3482,2049
1194,1194,0,2991,2050
1195,1195,0,2421,2049
1196,1196,0,1820,2049
1197,1197,0,1239,2050
1198,1198,0,724,2049
1199,1199,0,317,2049
1200,1200,0,51,2050
1201,1201,0,0,2049
1202,1202,0,18,2049
1203,1203,0,254,2049
1204,1204,0,637,2049
1205,1205,0,1136,2049
1206,1206,0,1708,2050
1207,1207,0,2309,2049
1208,1208,0,2888,2048
1209,1209,0,3398,2050
1210,1210,0,3797,2049
1211,1211,0,4053,2050
1212,1212,0,4095,2050
1213,1213,0,4063,2049
1214,1214,0,3816,2050
1215,1215,0,3425,2050
1216,1216,0,2921,2049
1217,1217,0,2345,2049
1218,1218,0,1744,2049
1219,1219,0,1169,2049
1220,1220,0,664,2049
1221,1221,0,274,2049
1222,1222,0,28,2049
1223,1223,0,0,2049
1224,1224,0,40,2049
1225,1225,0,296,2049
1226,1226,0,695,2050
1227,1227,0,1205,2049
1228,1228,0,1784,2049
1229,1229,0,2385,2049
1230,1230,0,2957,2049
1231,1231,0,3456,2050
1232,1232,0,3838,2050
1233,1233,0,4074,2049
1234,1234,0,4095,2050
1235,1235,0,4040,2049
1236,1236,0,3775,2049
1237,1237,0,3366,2049
1238,1238,0,2850,2050
1239,1239,0,2269,2049
1240,1240,0,1669,2050
1241,1241,0,1099,2049
1242,1242,0,607,2050
1243,1243,0,234,2049
1244,1244,0,9,2050
1245,1245,0,0,2050
1246,1246,0,63,2049
1247,1247,0,339,2049
1248,1248,0,756,2049
1249,1249,0,1277,2050
1250,1250,0,1861,2050
1251,1251,0,2460,2050
1252,1252,0,3027,2050
1253,1253,0,3513,2049
1254,1254,0,3877,2050
1255,1255,0,4092,2049
1256,1256,0,4095,2049
1257,1257,0,4015,2049
1258,1258,0,3730,2049
1259,1259,0,3306,2049
1260,1260,0,2779,2050
1261,1261,0,2192,2049
1262,1262,0,1592,2049
1263,1263,0,1031,2050
1264,1264,0,553,2049
1265,1265,0,196,2049
1266,1266,0,0,2049
1267,1267,0,0,2049
1268,1268,0,90,2049
1269,1269,0,386,2049
1270,1270,0,817,2049
1271,1271,0,1348,2049
1272,1272,0,1938,2049
1273,1273,0,2536,2049
1274,1274,0,3094,2050
1275,1275,0,3566,2049
1276,1276,0,3914,2049
1277,1277,0,4095,2049
1278,1278,0,4095,2049
1279,1279,0,3988,2049
1280,1280,0,3682,2049
1281,1281,0,3244,2049
1282,1282,0,2707,2050
1283,1283,0,2115,2050
1284,1284,0,1518,2050
1285,1285,0,965,2050
1286,1286,0,500,2049
1287,1287,0,161,2049
1288,1288,0,0,2049
1289,1289,0,0,2049
1290,1290,0,119,2050
1291,1291,0,434,2049
1292,1292,0,879,2049
1293,1293,0,1421,2049
1294,1294,0,2015,2050
1295,1295,0,2610,2050
1296,1296,0,3160,2049
1297,1297,0,3618,2049
1298,1298,0,3947,2050
1299,1299,0,4095,2049
1300,1300,0,4095,2049
1301,1301,0,3957,2049
1302,1302,0,3633,2050
1303,1303,0,3179,2049
1304,1304,0,2633,2050
1305,1305,0,2038,2049
1306,1306,0,1445,2049
1307,1307,0,900,2049
1308,1308,0,449,2049
1309,1309,0,128,2049
1310,1310,0,0,2049
1311,1311,0,0,2049
1312,1312,0,150,2049
1313,1313,0,484,2049
1314,1314,0,944,2049
1315,1315,0,1496,2049
1316,1316,0,2092,2049
1317,1317,0,2684,2049
1318,1318,0,3224,2049
1319,1319,0,3667,2049
1320,1320,0,3978,2049
1321,1321,0,4095,2049
1322,1322,0,4095,2049
1323,1323,0,3924,2050
1324,1324,0,3581,2049
1325,1325,0,3114,2049
1326,1326,0,2559,2049
1327,1327,0,1961,2049
1328,1328,0,1370,2049
1329,1329,0,836,2050
1330,1330,0,400,2050
1331,1331,0,100,2049
1332,1332,0,0,2049
1333,1333,0,0,2049
1334,1334,0,185,2049
1335,1335,0,536,2050
1336,1336,0,1011,2049
1337,1337,0,1569,2049
1338,1338,0,2169,2050
1339,1339,0,2757,2049
1340,1340,0,3287,2049
1341,1341,0,3715,2049
1342,1342,0,4007,2050
1343,1343,0,4095,2049
1344,1344,0,4095,2049
1345,1345,0,3888,2049
1346,1346,0,3528,2049
1347,1347,0,3047,2049
1348,1348,0,2484,2049
1349,1349,0,1885,2050
1350,1350,0,1298,2049
1351,1351,0,774,2049
1352,1352,0,353,2049
1353,1353,0,71,2049
1354,1354,0,0,2049
1355,1355,0,3,2049
1356,1356,0,222,2049
1357,1357,0,591,2049
1358,1358,0,1079,2049
1359,1359,0,1646,2049
1360,1360,0,2246,2050
1361,1361,0,2829,2050
1362,1362,0,3348,2049
1363,1363,0,3761,2050
1364,1364,0,4034,2049
1365,1365,0,4095,2049
1366,1366,0,4080,2049
1367,1367,0,3850,2049
1368,1368,0,3473,2049
1369,1369,0,2979,2049
1370,1370,0,2408,2049
1371,1371,0,1808,2049
1372,1372,0,1227,2049
1373,1373,0,714,2049
1374,1374,0,309,2049
1375,1375,0,47,2049
1376,1376,0,0,2049
1377,1377,0,22,2049
1378,1378,0,261,2049
1379,1379,0,647,2049
1380,1380,0,1147,2049
1381,1381,0,1721,2049
1382,1382,0,2321,2049
1383,1383,0,2900,2049
1384,1384,0,3407,2049
1385,1385,0,3804,2049
1386,1386,0,4056,2049
1387,1387,0,4095,2049
1388,1388,0,4059,2049
1389,1389,0,3809,2049
1390,1390,0,3416,2049
1391,1391,0,2909,2049
1392,1392,0,2332,2049
1393,1393,0,1732,2049
1394,1394,0,1157,2049
1395,1395,0,655,2049
1396,1396,0,267,2049
1397,1397,0,25,2049
1398,1398,0,0,2049
1399,1399,0,43,2049
1400,1400,0,303,2050
1401,1401,0,705,2049
1402,1402,0,1217,2049
1403,1403,0,1797,2049
1404,1404,0,2397,2049
1405,1405,0,2969,2050
1406,1406,0,3464,2049
1407,1407,0,3845,2050
1408,1408,0,4077,2049
1409,1409,0,4095,2049
1410,1410,0,4037,2050
1411,1411,0,3767,2049
1412,1412,0,3357,2049
1413,1413,0,2838,2049
1414,1414,0,2256,2049
1415,1415,0,1656,2049
1416,1416,0,1088,2049
1417,1417,0,598,2050
1418,1418,0,227,2049
1419,1419,0,5,2050
1420,1420,0,0,2049
1421,1421,0,67,2049
1422,1422,0,346,2049
1423,1423,0,765,2049
1424,1424,0,1289,2050
1425,1425,0,1874,2049
1426,1426,0,2473,2050
1427,1427,0,3038,2049
1428,1428,0,3521,2050
1429,1429,0,3883,2049
1430,1430,0,4095,2049
1431,1431,0,4095,2049
1432,1432,0,4011,2049
1433,1433,0,3721,2049
1434,1434,0,3296,2049
1435,1435,0,2767,2049
1436,1436,0,2179,2050
1437,1437,0,1580,2049
1438,1438,0,1020,2049
1439,1439,0,544,2049
1440,1440,0,190,2049
1441,1441,0,0,2050
1442,1442,0,0,2049
1443,1443,0,94,2049
1444,1444,0,393,2049
1445,1445,0,827,2049
1446,1446,0,1360,2049
1447,1447,0,1951,2049
1448,1448,0,2548,2049
1449,1449,0,3104,2049
1450,1450,0,3575,2049
1451,1451,0,3919,2049
1452,1452,0,4095,2049
1453,1453,0,4095,2049
1454,1454,0,3982,2049
1455,1455,0,3674,2049
1456,1456,0,3233,2050
1457,1457,0,2693,2049
1458,1458,0,2102,2049
1459,1459,0,1505,2050
1460,1460,0,953,2050
1461,1461,0,491,2049
1462,1462,0,155,2049
1463,1463,0,0,2049
1464,1464,0,0,2049
1465,1465,0,124,2049
1466,1466,0,443,2049
1467,1467,0,890,2049
1468,1468,0,1434,2049
1469,1469,0,2028,2050
1470,1470,0,2623,2049
1471,1471,0,3170,2049
1472,1472,0,3626,2050
1473,1473,0,3953,2049
1474,1474,0,4095,2049
1475,1475,0,4095,2049
1476,1476,0,3952,2049
1477,1477,0,3624,2049
1478,1478,0,3168,2049
1479,1479,0,2620,2049
1480,1480,0,2026,2050
1481,1481,0,1432,2050
1482,1482,0,888,2049
1483,1483,0,441,2049
1484,1484,0,124,2049
1485,1485,0,0,2049
1486,1486,0,0,2049
1487,1487,0,155,2049
1488,1488,0,493,2049
1489,1489,0,955,2050
1490,1490,0,1508,2050
1491,1491,0,2105,2049
1492,1492,0,2696,2049
1493,1493,0,3235,2049
1494,1494,0,3675,2049
1495,1495,0,3983,2049
1496,1496,0,4095,2049
1497,1497,0,4095,2049
1498,1498,0,3918,2049
1499,1499,0,3573,2049
1500,1500,0,3103,2049
1501,1501,0,2546,2049
1502,1502,0,1948,2049
1503,1503,0,1359,2049
1504,1504,0,825,2050
1505,1505,0,391,2049
1506,1506,0,94,2049
1507,1507,0,0,2049
1508,1508,0,0,2049
1509,1509,0,191,2049
1510,1510,0,545,2049
1511,1511,0,1022,2049
1512,1512,0,1583,2049
1513,1513,0,2181,2049
1514,1514,0,2769,2050
1515,1515,0,3297,2049
1516,1516,0,3723,2050
1517,1517,0,4012,2049
1518,1518,0,4095,2049
1519,1519,0,4094,2049
1520,1520,0,3882,2049
1521,1521,0,3519,2049
1522,1522,0,3035,2049
1523,1523,0,2471,2050
1524,1524,0,1872,2049
1525,1525,0,1287,2050
1526,1526,0,763,2049
1527,1527,0,346,2049
1528,1528,0,67,2049
1529,1529,0,0,2049
1530,1530,0,6,2049
1531,1531,0,229,2050
1532,1532,0,599,2049
1533,1533,0,1090,2049
1534,1534,0,1658,2050
1535,1535,0,2258,2049
1536,1536,0,2840,2049
1537,1537,0,3358,2050
1538,1538,0,3769,2050
1539,1539,0,4037,2049
1540,1540,0,4095,2049
1541,1541,0,4077,2049
1542,1542,0,3843,2049
1543,1543,0,3464,2049
1544,1544,0,2968,2050
1545,1545,0,2396,2048
1546,1546,0,1795,2050
1547,1547,0,1215,2049
1548,1548,0,703,2050
1549,1549,0,302,2050
1550,1550,0,43,2049
1551,1551,0,0,2049
1552,1552,0,25,2049
1553,1553,0,268,2049
1554,1554,0,656,2050
1555,1555,0,1159,2049
1556,1556,0,1734,2049
1557,1557,0,2334,2049
1558,1558,0,2912,2049
1559,1559,0,3417,2049
1560,1560,0,3811,2049
1561,1561,0,4060,2049
1562,1562,0,4095,2049
1563,1563,0,4055,2049
1564,1564,0,3802,2049
1565,1565,0,3406,2049
1566,1566,0,2898,2050
1567,1567,0,2320,2049
1568,1568,0,1719,2049
1569,1569,0,1146,2049
1570,1570,0,645,2050
1571,1571,0,260,2049
1572,1572,0,21,2049
1573,1573,0,0,2050
1574,1574,0,47,2049
1575,1575,0,310,2050
1576,1576,0,715,2049
1577,1577,0,1229,2050
1578,1578,0,1810,2049
1579,1579,0,2411,2049
1580,1580,0,2981,2050
1581,1581,0,3475,2050
1582,1582,0,3852,2049
1583,1583,0,4080,2049
1584,1584,0,4095,2049
1585,1585,0,4032,2049
1586,1586,0,3760,2049
1587,1587,0,3346,2049
1588,1588,0,2827,2049
1589,1589,0,2244,2049
1590,1590,0,1643,2049
1591,1591,0,1077,2049
1592,1592,0,589,2049
1593,1593,0,221,2049
1594,1594,0,3,2050
1595,1595,0,0,2049
1596,1596,0,72,2049
1597,1597,0,355,2049
1598,1598,0,776,2049
1599,1599,0,1300,2049
1600,1600,0,1886,2049
1601,1601,0,2486,2049
1602,1602,0,3049,2049
1603,1603,0,3530,2049
1604,1604,0,3890,2049
1605,1605,0,4095,2050
1606,1606,0,4095,2050
1607,1607,0,4007,2049
1608,1608,0,3714,2048
1609,1609,0,3286,2049
1610,1610,0,2755,2049
1611,1611,0,2166,2049
1612,1612,0,1569,2049
1613,1613,0,1008,2049
1614,1614,0,535,2049
1615,1615,0,184,2050
1616,1616,0,0,2050
1617,1617,0,0,2049
1618,1618,0,100,2049
1619,1619,0,401,2049
1620,1620,0,838,2049
1621,1621,0,1372,2049
1622,1622,0,1963,2049
1623,1623,0,2561,2049
1624,1624,0,3115,2050
1625,1625,0,3583,2049
1626,1626,0,3925,2049
1627,1627,0,4095,2049
1628,1628,0,4095,2049
1629,1629,0,3978,2050
1630,1630,0,3667,2049
1631,1631,0,3223,2049
1632,1632,0,2682,2049
1633,1633,0,2090,2050
1634,1634,0,1493,2049
1635,1635,0,943,2050
1636,1636,0,483,2049
1637,1637,0,149,2049
1638,1638,0,0,2049
1639,1639,0,0,2049
1640,1640,0,129,2049
1641,1641,0,451,2049
1642,1642,0,901,2050
1643,1643,0,1446,2050
1644,1644,0,2041,2049
1645,1645,0,2635,2049
1646,1646,0,3182,2049
1647,1647,0,3635,2049
1648,1648,0,3958,2049
1649,1649,0,4095,2049
1650,1650,0,4095,2048
1651,1651,0,3946,2050
1652,1652,0,3616,2049
1653,1653,0,3158,2049
1654,1654,0,2608,2049
1655,1655,0,2013,2049
1656,1656,0,1420,2049
1657,1657,0,878,2049
1658,1658,0,432,2049
1659,1659,0,118,2049
1660,1660,0,0,2050
1661,1661,0,0,2050
1662,1662,0,161,2050
1663,1663,0,502,2049
1664,1664,0,967,2049
1665,1665,0,1520,2049
1666,1666,0,2117,2049
1667,1667,0,2708,2049
1668,1668,0,3245,2049
1669,1669,0,3684,2049
1670,1670,0,3988,2049
1671,1671,0,4095,2048
1672,1672,0,4095,2049
1673,1673,0,3912,2049
1674,1674,0,3564,2049
1675,1675,0,3092,2049
1676,1676,0,2533,2049
1677,1677,0,1936,2049
1678,1678,0,1346,2049
1679,1679,0,815,2050
1680,1680,0,384,2049
1681,1681,0,90,2049
1682,1682,0,0,2049
1683,1683,0,0,2049
1684,1684,0,197,2049
1685,1685,0,554,2049
1686,1686,0,1033,2048
1687,1687,0,1595,2050
1688,1688,0,2194,2049
1689,1689,0,2781,2049
1690,1690,0,3308,2049
1691,1691,0,3730,2048
1692,1692,0,4016,2049
1693,1693,0,4095,2049
1694,1694,0,4091,2049
1695,1695,0,3875,2049
1696,1696,0,3510,2050
1697,1697,0,3024,2049
1698,1698,0,2459,2049
1699,1699,0,1859,2049
1700,1700,0,1274,2049
1701,1701,0,754,2049
1702,1702,0,339,2049
1703,1703,0,62,2049
1704,1704,0,0,2049
1705,1705,0,9,2049
1706,1706,0,235,2050
1707,1707,0,609,2049
1708,1708,0,1101,2049
1709,1709,0,1670,2049
1710,1710,0,2271,2049
1711,1711,0,2852,2049
1712,1712,0,3369,2049
1713,1713,0,3776,2049
1714,1714,0,4041,2049
1715,1715,0,4095,2050
1716,1716,0,4073,2049
1717,1717,0,3837,2049
1718,1718,0,3455,2049
1719,1719,0,2955,2049
1720,1720,0,2383,2049
1721,1721,0,1783,2049
1722,1722,0,1204,2048
1723,1723,0,694,2049
1724,1724,0,295,2049
1725,1725,0,40,2050
1726,1726,0,0,2049
1727,1727,0,28,2049
1728,1728,0,275,2050
1729,1729,0,666,2049
1730,1730,0,1170,2050
1731,1731,0,1747,2049
1732,1732,0,2348,2049
1733,1733,0,2923,2049
1734,1734,0,3427,2049
1735,1735,0,3818,2049
1736,1736,0,4063,2049
1737,1737,0,4095,2049
1738,1738,0,4052,2049
1739,1739,0,3795,2049
1740,1740,0,3396,2049
1741,1741,0,2886,2049
1742,1742,0,2307,2049
1743,1743,0,1707,2049
1744,1744,0,1134,2049
1745,1745,0,636,2049
1746,1746,0,254,2049
1747,1747,0,18,2049
1748,1748,0,0,2049
1749,1749,0,51,2049
1750,1750,0,318,2049
1751,1751,0,725,2049
1752,1752,0,1241,2049
1753,1753,0,1823,2049
1754,1754,0,2423,2049
1755,1755,0,2991,2049
1756,1756,0,3484,2050
1757,1757,0,3859,2050
1758,1758,0,4084,2049
1759,1759,0,4095,2050
1760,1760,0,4028,2049
1761,1761,0,3752,2050
1762,1762,0,3336,2049
1763,1763,0,2814,2049
1764,1764,0,2230,2049
1765,1765,0,1631,2049
1766,1766,0,1065,2050
1767,1767,0,579,2049
1768,1768,0,215,2050
1769,1769,0,0,2049
1770,1770,0,0,2049
1771,1771,0,76,2049
1772,1772,0,362,2049
1773,1773,0,786,2049
1774,1774,0,1313,2049
1775,1775,0,1899,2049
1776,1776,0,2498,2050
1777,1777,0,3061,2049
1778,1778,0,3539,2050
1779,1779,0,3895,2049
1780,1780,0,4095,2049
1781,1781,0,4095,2049
1782,1782,0,4002,2049
1783,1783,0,3707,2049
1784,1784,0,3274,2049
1785,1785,0,2742,2049
1786,1786,0,2153,2049
1787,1787,0,1556,2049
1788,1788,0,998,2048
1789,1789,0,526,2049
1790,1790,0,179,2049
1791,1791,0,0,2049
1792,1792,0,0,2049
1793,1793,0,104,2049
1794,1794,0,409,2049
1795,1795,0,848,2048
1796,1796,0,1385,2049
1797,1797,0,1976,2049
1798,1798,0,2573,2049
1799,1799,0,3127,2049
1800,1800,0,3592,2049
1801,1801,0,3930,2049
1802,1802,0,4095,2049
1803,1803,0,4095,2049
1804,1804,0,3972,2049
1805,1805,0,3658,2049
1806,1806,0,3211,2049
1807,1807,0,2670,2049
1808,1808,0,2077,2049
1809,1809,0,1481,2049
1810,1810,0,932,2049
1811,1811,0,474,2049
1812,1812,0,145,2049
1813,1813,0,0,2050
1814,1814,0,0,2050
1815,1815,0,135,2049
1816,1816,0,458,2049
1817,1817,0,911,2050
1818,1818,0,1459,2049
1819,1819,0,2053,2048
1820,1820,0,2647,2049
1821,1821,0,3192,2050
1822,1822,0,3643,2050
1823,1823,0,3963,2049
1824,1824,0,4095,2049
1825,1825,0,4095,2049
1826,1826,0,3941,2049
1827,1827,0,3607,2049
1828,1828,0,3147,2049
1829,1829,0,2596,2050
1830,1830,0,2000,2049
1831,1831,0,1408,2049
1832,1832,0,868,2049
1833,1833,0,424,2049
1834,1834,0,113,2049
1835,1835,0,0,2049
1836,1836,0,0,2049
1837,1837,0,167,2049
1838,1838,0,510,2049
1839,1839,0,977,2050
1840,1840,0,1532,2050
1841,1841,0,2129,2050
1842,1842,0,2721,2049
1843,1843,0,3256,2049
1844,1844,0,3691,2049
1845,1845,0,3993,2050
1846,1846,0,4095,2049
1847,1847,0,4095,2049
1848,1848,0,3906,2049
1849,1849,0,3555,2049
1850,1850,0,3081,2049
1851,1851,0,2522,2049
1852,1852,0,1924,2050
1853,1853,0,1335,2050
1854,1854,0,805,2049
1855,1855,0,377,2049
1856,1856,0,85,2050
1857,1857,0,0,2049
1858,1858,0,0,2049
1859,1859,0,203,2050
1860,1860,0,563,2049
1861,1861,0,1045,2049
1862,1862,0,1607,2049
1863,1863,0,2207,2049
1864,1864,0,2793,2049
1865,1865,0,3317,2049
1866,1866,0,3739,2049
1867,1867,0,4020,2049
1868,1868,0,4095,2049
1869,1869,0,4089,2049
1870,1870,0,3869,2049
1871,1871,0,3500,2049
1872,1872,0,3013,2049
1873,1873,0,2447,2049
1874,1874,0,1847,2049
1875,1875,0,1263,2049
1876,1876,0,744,2049
1877,1877,0,331,2050
1878,1878,0,58,2049
1879,1879,0,0,2049
1880,1880,0,12,2049
1881,1881,0,242,2050
1882,1882,0,618,2049
1883,1883,0,1112,2050
1884,1884,0,1683,2049
1885,1885,0,2284,2049
1886,1886,0,2864,2049
1887,1887,0,3379,2049
1888,1888,0,3783,2049
1889,1889,0,4046,2049
1890,1890,0,4095,2049
1891,1891,0,4070,2049
1892,1892,0,3830,2049
1893,1893,0,3444,2049
1894,1894,0,2944,2049
1895,1895,0,2371,2049
1896,1896,0,1770,2049
1897,1897,0,1191,2049
1898,1898,0,684,2049
1899,1899,0,288,2049
1900,1900,0,35,2049
1901,1901,0,0,2050
1902,1902,0,32,2049
1903,1903,0,282,2049
1904,1904,0,676,2049
1905,1905,0,1182,2050
1906,1906,0,1760,2050
1907,1907,0,2360,2049
1908,1908,0,2934,2049
1909,1909,0,3436,2049
1910,1910,0,3824,2049
1911,1911,0,4067,2050
1912,1912,0,4095,2049
1913,1913,0,4048,2050
1914,1914,0,3789,2049
1915,1915,0,3386,2049
1916,1916,0,2875,2049
1917,1917,0,2294,2049
1918,1918,0,1693,2049
1919,1919,0,1123,2049
1920,1920,0,626,2049
1921,1921,0,247,2049
1922,1922,0,15,2049
1923,1923,0,0,2049
1924,1924,0,55,2049
1925,1925,0,325,2049
1926,1926,0,734,2049
1927,1927,0,1253,2049
1928,1928,0,1836,2049
1929,1929,0,2435,2048
1930,1930,0,3003,2049
1931,1931,0,3492,2050
1932,1932,0,3864,2049
1933,1933,0,4086,2049
1934,1934,0,4095,2049
1935,1935,0,4024,2049
1936,1936,0,3744,2049
1937,1937,0,3326,2050
1938,1938,0,2803,2048
1939,1939,0,2218,2049
1940,1940,0,1618,2049
1941,1941,0,1054,2050
1942,1942,0,571,2049
1943,1943,0,208,2049
1944,1944,0,0,2049
1945,1945,0,0,2050
1946,1946,0,80,2049
1947,1947,0,369,2049
1948,1948,0,796,2049
1949,1949,0,1324,2049
1950,1950,0,1911,2049
1951,1951,0,2511,2049
1952,1952,0,3072,2049
1953,1953,0,3548,2049
1954,1954,0,3901,2049
1955,1955,0,4095,2049
1956,1956,0,4095,2049
1957,1957,0,3997,2049
1958,1958,0,3698,2049
1959,1959,0,3264,2049
1960,1960,0,2731,2049
1961,1961,0,2141,2049
1962,1962,0,1543,2049
1963,1963,0,986,2049
1964,1964,0,517,2049
1965,1965,0,172,2050
1966,1966,0,0,2049
1967,1967,0,0,2049
1968,1968,0,108,2049
1969,1969,0,417,2049
1970,1970,0,859,2049
1971,1971,0,1396,2050
1972,1972,0,1988,2049
1973,1973,0,2586,2050
1974,1974,0,3138,2049
1975,1975,0,3601,2049
1976,1976,0,3936,2049
1977,1977,0,4095,2049
1978,1978,0,4095,2049
1979,1979,0,3967,2049
1980,1980,0,3649,2049
1981,1981,0,3200,2049
1982,1982,0,2658,2049
1983,1983,0,2064,2049
1984,1984,0,1469,2049
1985,1985,0,921,2049
1986,1986,0,465,2049
1987,1987,0,140,2049
1988,1988,0,0,2049
1989,1989,0,0,2050
1990,1990,0,140,2050
1991,1991,0,466,2050
1992,1992,0,923,2049
1993,1993,0,1470,2049
1994,1994,0,2065,2049
1995,1995,0,2659,2049
1996,1996,0,3202,2049
1997,1997,0,3651,2049
1998,1998,0,3969,2049
1999,1999,0,4095,2049
2000,2000,0,4095,2049
2001,2001,0,3935,2049
2002,2002,0,3599,2050
2003,2003,0,3136,2050
2004,2004,0,2584,2049
2005,2005,0,1987,2049
2006,2006,0,1395,2049
2007,2007,0,857,2049
2008,2008,0,416,2049
2009,2009,0,109,2049
2010,2010,0,0,2049
2011,2011,0,0,2049
2012,2012,0,173,2049
2013,2013,0,519,2049
2014,2014,0,988,2049
2015,2015,0,1544,2049
2016,2016,0,2142,2049
2017,2017,0,2732,2049
2018,2018,0,3267,2049
2019,2019,0,3699,2049
2020,2020,0,3998,2049
2021,2021,0,4095,2049
2022,2022,0,4095,2049
2023,2023,0,3901,2049
2024,2024,0,3546,2049
2025,2025,0,3070,2048
2026,2026,0,2508,2049
2027,2027,0,1910,2049
2028,2028,0,1323,2049
2029,2029,0,794,2049
2030,2030,0,369,2049
2031,2031,0,80,2048
2032,2032,0,0,2049
2033,2033,0,0,2049
2034,2034,0,210,2049
2035,2035,0,572,2049
2036,2036,0,1055,2049
2037,2037,0,1619,2049
2038,2038,0,2219,2049
2039,2039,0,2805,2049
2040,2040,0,3328,2049
2041,2041,0,3747,2049
2042,2042,0,4025,2049
2043,2043,0,4095,2050
2044,2044,0,4085,2049
2045,2045,0,3862,2050
2046,2046,0,3491,2049
2047,2047,0,3002,2049
2048,2048,0,2433,2049
2049,2049,0,1833,2049
2050,2050,0,1251,2048
2051,2051,0,733,2049
2052,2052,0,324,2049
2053,2053,0,54,2049
2054,2054,0,0,2049
2055,2055,0,15,2049
2056,2056,0,248,2049
2057,2057,0,627,2049
2058,2058,0,1124,2049
2059,2059,0,1695,2049
2060,2060,0,2295,2049
2061,2061,0,2875,2049
2062,2062,0,3388,2050
2063,2063,0,3790,2049
2064,2064,0,4049,2049
2065,2065,0,4095,2049
2066,2066,0,4066,2048
2067,2067,0,3823,2050
2068,2068,0,3435,2049
2069,2069,0,2933,2050
2070,2070,0,2357,2049
2071,2071,0,1757,2048
2072,2072,0,1180,2049
2073,2073,0,675,2049
2074,2074,0,281,2049
2075,2075,0,32,2049
2076,2076,0,0,2048
2077,2077,0,36,2050
2078,2078,0,289,2050
2079,2079,0,686,2049
2080,2080,0,1193,2049
2081,2081,0,1771,2049
2082,2082,0,2372,2049
2083,2083,0,2946,2050
2084,2084,0,3446,2049
2085,2085,0,3830,2049
2086,2086,0,4070,2049
2087,2087,0,4095,2049
2088,2088,0,4044,2049
2089,2089,0,3782,2049
2090,2090,0,3376,2050
2091,2091,0,2862,2049
2092,2092,0,2281,2049
2093,2093,0,1681,2049
2094,2094,0,1111,2050
2095,2095,0,616,2050
2096,2096,0,240,2049
2097,2097,0,12,2049
2098,2098,0,0,2049
2099,2099,0,59,2049
2100,2100,0,332,2050
2101,2101,0,744,2049
2102,2102,0,1264,2050
2103,2103,0,1848,2049
2104,2104,0,2448,2049
2105,2105,0,3015,2049
2106,2106,0,3502,2049
2107,2107,0,3871,2049
2108,2108,0,4089,2049
2109,2109,0,4095,2049
2110,2110,0,4020,2049
2111,2111,0,3737,2049
2112,2112,0,3315,2049
2113,2113,0,2791,2049
2114,2114,0,2204,2049
2115,2115,0,1606,2049
2116,2116,0,1043,2049
2117,2117,0,561,2049
2118,2118,0,202,2049
2119,2119,0,0,2049
2120,2120,0,0,2049
2121,2121,0,85,2049
2122,2122,0,377,2049
2123,2123,0,806,2049
2124,2124,0,1336,2049
2125,2125,0,1925,2049
2126,2126,0,2523,2049
2127,2127,0,3083,2049
2128,2128,0,3556,2049
2129,2129,0,3907,2050
2130,2130,0,4095,2049
2131,2131,0,4095,2049
2132,2132,0,3992,2049
2133,2133,0,3690,2049
2134,2134,0,3253,2049
2135,2135,0,2718,2049
2136,2136,0,2128,2048
2137,2137,0,1531,2049
2138,2138,0,976,2049
2139,2139,0,508,2048
2140,2140,0,167,2049
2141,2141,0,0,2050
2142,2142,0,0,2049
2143,2143,0,115,2049
2144,2144,0,425,2050
2145,2145,0,869,2049
2146,2146,0,1410,2049
2147,2147,0,2002,2050
2148,2148,0,2598,2049
2149,2149,0,3149,2049
2150,2150,0,3610,2049
2151,2151,0,3942,2048
2152,2152,0,4095,2050
2153,2153,0,4095,2049
2154,2154,0,3962,2050
2155,2155,0,3641,2050
2156,2156,0,3191,2049
2157,2157,0,2646,2050
2158,2158,0,2052,2049
2159,2159,0,1457,2050
2160,2160,0,910,2049
2161,2161,0,458,2049
2162,2162,0,134,2050
2163,2163,0,0,2049
2164,2164,0,0,2049
2165,2165,0,145,2049
2166,2166,0,476,2050
2167,2167,0,934,2050
2168,2168,0,1483,2049
2169,2169,0,2079,2049
2170,2170,0,2671,2049
2171,2171,0,3213,2049
2172,2172,0,3660,2049
2173,2173,0,3973,2049
2174,2174,0,4095,2049
2175,2175,0,4095,2049
2176,2176,0,3929,2049
2177,2177,0,3591,2049
2178,2178,0,3126,2049
2179,2179,0,2571,2050
2180,2180,0,1974,2049
2181,2181,0,1383,2049
2182,2182,0,846,2049
2183,2183,0,407,2049
2184,2184,0,103,2049
2185,2185,0,0,2049
2186,2186,0,0,2049
2187,2187,0,179,2049
2188,2188,0,527,2049
2189,2189,0,999,2049
2190,2190,0,1558,2049
2191,2191,0,2156,2049
2192,2192,0,2744,2050
2193,2193,0,3277,2049
2194,2194,0,3708,2050
2195,2195,0,4003,2049
2196,2196,0,4095,2049
2197,2197,0,4095,2050
2198,2198,0,3895,2049
2199,2199,0,3537,2049
2200,2200,0,3058,2049
2201,2201,0,2496,2049
2202,2202,0,1898,2049
2203,2203,0,1310,2050
2204,2204,0,785,2049
2205,2205,0,362,2049
2206,2206,0,76,2049
2207,2207,0,0,2050
2208,2208,0,0,2050
2209,2209,0,216,2049
2210,2210,0,582,2049
2211,2211,0,1066,2049
2212,2212,0,1633,2049
2213,2213,0,2232,2049
2214,2214,0,2817,2049
2215,2215,0,3338,2049
2216,2216,0,3754,2049
2217,2217,0,4029,2050
2218,2218,0,4095,2048
2219,2219,0,4083,2049
2220,2220,0,3857,2049
2221,2221,0,3482,2049
2222,2222,0,2990,2049
2223,2223,0,2420,2049
2224,2224,0,1820,2049
2225,2225,0,1238,2049
2226,2226,0,724,2050
2227,2227,0,316,2049
2228,2228,0,50,2049
2229,2229,0,0,2049
2230,2230,0,19,2049
2231,2231,0,254,2049
2232,2232,0,637,2049
2233,2233,0,1136,2050
2234,2234,0,1708,2049
2235,2235,0,2309,2049
2236,2236,0,2888,2049
2237,2237,0,3398,2049
2238,2238,0,3797,2050
2239,2239,0,4052,2049
2240,2240,0,4095,2049
2241,2241,0,4063,2050
2242,2242,0,3816,2048
2243,2243,0,3425,2049
2244,2244,0,2920,2050
2245,2245,0,2345,2050
2246,2246,0,1745,2049
2247,2247,0,1169,2048
2248,2248,0,664,2049
2249,2249,0,274,2049
2250,2250,0,28,2049
2251,2251,0,0,2050
2252,2252,0,40,2050
2253,2253,0,297,2049
2254,2254,0,696,2050
2255,2255,0,1205,2050
2256,2256,0,1785,2050
2257,2257,0,2386,2049
2258,2258,0,2958,2049
2259,2259,0,3456,2049
2260,2260,0,3838,2049
2261,2261,0,4074,2049
2262,2262,0,4095,2049
2263,2263,0,4040,2049
2264,2264,0,3774,2049
2265,2265,0,3366,2049
2266,2266,0,2850,2049
2267,2267,0,2269,2049
2268,2268,0,1668,2049
2269,2269,0,1099,2049
2270,2270,0,607,2049
2271,2271,0,233,2050
2272,2272,0,8,2049
2273,2273,0,0,2049
2274,2274,0,63,2049
2275,2275,0,339,2049
2276,2276,0,755,2049
2277,2277,0,1277,2048
2278,2278,0,1861,2049
2279,2279,0,2460,2049
2280,2280,0,3026,2050
2281,2281,0,3512,2049
2282,2282,0,3877,2049
2283,2283,0,4092,2049
2284,2284,0,4095,2049
2285,2285,0,4015,2049
2286,2286,0,3729,2050
2287,2287,0,3305,2049
2288,2288,0,2779,2049
2289,2289,0,2192,2049
2290,2290,0,1593,2050
2291,2291,0,1031,2049
2292,2292,0,552,2049
2293,2293,0,196,2049
2294,2294,0,0,2049
2295,2295,0,0,2050
2296,2296,0,90,2049
2297,2297,0,386,2049
2298,2298,0,816,2049
2299,2299,0,1350,2049
2300,2300,0,1938,2049
2301,2301,0,2536,2049
2302,2302,0,3093,2049
2303,2303,0,3566,2049
2304,2304,0,3913,2050
2305,2305,0,4095,2050
2306,2306,0,4095,2049
2307,2307,0,3987,2049
2308,2308,0,3682,2049
2309,2309,0,3243,2049
2310,2310,0,2706,2049
2311,2311,0,2114,2049
2312,2312,0,1517,2049
2313,2313,0,964,2049
2314,2314,0,500,2049
2315,2315,0,161,2049
2316,2316,0,0,2049
2317,2317,0,0,2049
2318,2318,0,118,2050
2319,2319,0,434,2049
2320,2320,0,880,2049
2321,2321,0,1422,2049
2322,2322,0,2015,2049
2323,2323,0,2611,2049
2324,2324,0,3160,2049
2325,2325,0,3618,2050
2326,2326,0,3947,2049
2327,2327,0,4095,2049
2328,2328,0,4095,2049
2329,2329,0,3957,2049
2330,2330,0,3633,2049
2331,2331,0,3179,2049
2332,2332,0,2633,2049
2333,2333,0,2038,2049
2334,2334,0,1443,2049
2335,2335,0,899,2049
2336,2336,0,449,2049
2337,2337,0,129,2049
2338,2338,0,0,2049
2339,2339,0,0,2048
2340,2340,0,150,2049
2341,2341,0,484,2049
2342,2342,0,944,2049
2343,2343,0,1496,2049
2344,2344,0,2093,2050
2345,2345,0,2684,2049
2346,2346,0,3224,2049
2347,2347,0,3668,2049
2348,2348,0,3979,2049
2349,2349,0,4095,2049
2350,2350,0,4095,2049
2351,2351,0,3924,2050
2352,2352,0,3582,2049
2353,2353,0,3114,2049
2354,2354,0,2558,2050
2355,2355,0,1961,2049
2356,2356,0,1371,2049
2357,2357,0,835,2049
2358,2358,0,400,2049
2359,2359,0,99,2049
2360,2360,0,0,2049
2361,2361,0,0,2049
2362,2362,0,185,2049
2363,2363,0,536,2049
2364,2364,0,1011,2049
2365,2365,0,1570,2049
2366,2366,0,2169,2049
2367,2367,0,2757,2049
2368,2368,0,3287,2049
2369,2369,0,3715,2049
2370,2370,0,4007,2049
2371,2371,0,4095,2049
2372,2372,0,4095,2049
2373,2373,0,3888,2049
2374,2374,0,3528,2049
2375,2375,0,3047,2049
2376,2376,0,2483,2049
2377,2377,0,1884,2049
2378,2378,0,1298,2049
2379,2379,0,774,2049
2380,2380,0,353,2049
2381,2381,0,71,2050
2382,2382,0,0,2049
2383,2383,0,3,2049
2384,2384,0,223,2049
2385,2385,0,591,2049
2386,2386,0,1078,2050
2387,2387,0,1646,2049
2388,2388,0,2245,2049
2389,2389,0,2829,2050
2390,2390,0,3348,2050
2391,2391,0,3762,2049
2392,2392,0,4033,2049
2393,2393,0,4095,2050
2394,2394,0,4080,2049
2395,2395,0,3850,2049
2396,2396,0,3472,2049
2397,2397,0,2978,2049
2398,2398,0,2408,2048
2399,2399,0,1807,2049
2400,2400,0,1227,2049
2401,2401,0,713,2049
2402,2402,0,309,2049
2403,2403,0,46,2049
2404,2404,0,0,2049
2405,2405,0,21,2050
2406,2406,0,261,2049
2407,2407,0,647,2049
2408,2408,0,1147,2048
2409,2409,0,1722,2049
2410,2410,0,2322,2050
2411,2411,0,2900,2049
2412,2412,0,3408,2049
2413,2413,0,3804,2049
2414,2414,0,4056,2049
2415,2415,0,4095,2049
2416,2416,0,4059,2049
2417,2417,0,3809,2049
2418,2418,0,3415,2049
2419,2419,0,2909,2049
2420,2420,0,2332,2049
2421,2421,0,1732,2049
2422,2422,0,1157,2049
2423,2423,0,655,2049
2424,2424,0,266,2049
2425,2425,0,25,2049
2426,2426,0,0,2050
2427,2427,0,43,2049
2428,2428,0,304,2049
2429,2429,0,705,2049
2430,2430,0,1217,2050
2431,2431,0,1798,2049
2432,2432,0,2398,2049
2433,2433,0,2969,2049
2434,2434,0,3465,2049
2435,2435,0,3846,2049
2436,2436,0,4077,2049
2437,2437,0,4095,2049
2438,2438,0,4035,2049
2439,2439,0,3767,2049
2440,2440,0,3356,2049
2441,2441,0,2838,2049
2442,2442,0,2256,2049
2443,2443,0,1655,2049
2444,2444,0,1088,2049
2445,2445,0,598,2049
2446,2446,0,228,2049
2447,2447,0,6,2049
2448,2448,0,0,2049
2449,2449,0,68,2049
2450,2450,0,347,2049
2451,2451,0,766,2049
2452,2452,0,1289,2049
2453,2453,0,1874,2049
2454,2454,0,2473,2049
2455,2455,0,3038,2050
2456,2456,0,3521,2049
2457,2457,0,3883,2049
2458,2458,0,4095,2049
2459,2459,0,4095,2050
2460,2460,0,4011,2049
2461,2461,0,3721,2050
2462,2462,0,3294,2049
2463,2463,0,2766,2049
2464,2464,0,2179,2049
2465,2465,0,1581,2049
2466,2466,0,1020,2049
2467,2467,0,543,2049
2468,2468,0,191,2049
2469,2469,0,0,2049
2470,2470,0,0,2049
2471,2471,0,95,2049
2472,2472,0,393,2049
2473,2473,0,827,2049
2474,2474,0,1361,2050
2475,2475,0,1951,2049
2476,2476,0,2549,2049
2477,2477,0,3105,2050
2478,2478,0,3574,2049
2479,2479,0,3920,2049
2480,2480,0,4095,2050
2481,2481,0,4095,2049
2482,2482,0,3981,2049
2483,2483,0,3674,2049
2484,2484,0,3233,2049
2485,2485,0,2694,2049
2486,2486,0,2102,2049
2487,2487,0,1505,2049
2488,2488,0,953,2049
2489,2489,0,491,2050
2490,2490,0,155,2049
2491,2491,0,0,2049
2492,2492,0,0,2049
2493,2493,0,125,2050
2494,2494,0,442,2049
2495,2495,0,891,2049
2496,2496,0,1434,2049
2497,2497,0,2028,2050
2498,2498,0,2623,2050
2499,2499,0,3171,2049
2500,2500,0,3625,2050
2501,2501,0,3952,2049
2502,2502,0,4095,2049
2503,2503,0,4095,2049
2504,2504,0,3951,2049
2505,2505,0,3625,2049
2506,2506,0,3168,2049
2507,2507,0,2619,2049
2508,2508,0,2025,2050
2509,2509,0,1431,2049
2510,2510,0,889,2049
2511,2511,0,440,2049
2512,2512,0,124,2049
2513,2513,0,0,2049
2514,2514,0,0,2049
2515,2515,0,156,2049
2516,2516,0,493,2050
2517,2517,0,956,2049
2518,2518,0,1508,2049
2519,2519,0,2104,2050
2520,2520,0,2696,2049
2521,2521,0,3235,2049
2522,2522,0,3675,2049
2523,2523,0,3983,2049
2524,2524,0,4095,2050
2525,2525,0,4095,2049
2526,2526,0,3918,2050
2527,2527,0,3573,2049
2528,2528,0,3102,2049
2529,2529,0,2545,2049
2530,2530,0,1948,2049
2531,2531,0,1359,2050
2532,2532,0,826,2050
2533,2533,0,391,2049
2534,2534,0,94,2049
2535,2535,0,0,2049
2536,2536,0,0,2049
2537,2537,0,191,2050
2538,2538,0,546,2049
2539,2539,0,1022,2050
2540,2540,0,1582,2049
2541,2541,0,2181,2049
2542,2542,0,2769,2049
2543,2543,0,3298,2049
2544,2544,0,3722,2050
2545,2545,0,4011,2049
2546,2546,0,4095,2049
2547,2547,0,4094,2049
2548,2548,0,3881,2049
2549,2549,0,3519,2049
2550,2550,0,3036,2049
2551,2551,0,2471,2049
2552,2552,0,1872,2049
2553,2553,0,1286,2049
2554,2554,0,763,2049
2555,2555,0,346,2050
2556,2556,0,67,2050
2557,2557,0,0,2049
2558,2558,0,6,2049
2559,2559,0,228,2049
2560,2560,0,600,2049
2561,2561,0,1090,2049
2562,2562,0,1658,2050
2563,2563,0,2258,2049
2564,2564,0,2841,2049
2565,2565,0,3358,2050
2566,2566,0,3768,2050
2567,2567,0,4037,2049
2568,2568,0,4095,2049
2569,2569,0,4076,2049
2570,2570,0,3843,2049
2571,2571,0,3462,2049
2572,2572,0,2967,2049
2573,2573,0,2395,2049
2574,2574,0,1795,2049
2575,2575,0,1215,2050
2576,2576,0,704,2049
2577,2577,0,302,2049
2578,2578,0,43,2049
2579,2579,0,0,2049
2580,2580,0,25,2049
2581,2581,0,268,2050
2582,2582,0,657,2049
2583,2583,0,1159,2050
2584,2584,0,1734,2049
2585,2585,0,2334,2049
2586,2586,0,2912,2049
2587,2587,0,3418,2049
2588,2588,0,3811,2049
2589,2589,0,4060,2049
2590,2590,0,4095,2049
2591,2591,0,4056,2049
2592,2592,0,3802,2049
2593,2593,0,3405,2050
2594,2594,0,2897,2050
2595,2595,0,2320,2049
2596,2596,0,1718,2049
2597,2597,0,1145,2049
2598,2598,0,645,2049
2599,2599,0,260,2049
2600,2600,0,21,2049
2601,2601,0,0,2050
2602,2602,0,47,2049
2603,2603,0,310,2049
2604,2604,0,716,2049
2605,2605,0,1229,2049
2606,2606,0,1810,2049
2607,2607,0,2411,2049
2608,2608,0,2981,2048
2609,2609,0,3475,2049
2610,2610,0,3852,2049
2611,2611,0,4080,2049
2612,2612,0,4095,2049
2613,2613,0,4032,2050
2614,2614,0,3759,2049
2615,2615,0,3346,2049
2616,2616,0,2827,2049
2617,2617,0,2243,2049
2618,2618,0,1643,2049
2619,2619,0,1076,2049
2620,2620,0,589,2049
2621,2621,0,221,2049
2622,2622,0,3,2049
2623,2623,0,0,2049
2624,2624,0,72,2049
2625,2625,0,355,2049
2626,2626,0,775,2049
2627,2627,0,1300,2050
2628,2628,0,1887,2049
2629,2629,0,2486,2050
2630,2630,0,3050,2049
2631,2631,0,3530,2049
2632,2632,0,3890,2049
2633,2633,0,4095,2049
2634,2634,0,4095,2049
2635,2635,0,4006,2049
2636,2636,0,3713,2049
2637,2637,0,3286,2049
2638,2638,0,2755,2049
2639,2639,0,2167,2049
2640,2640,0,1568,2049
2641,2641,0,1009,2049
2642,2642,0,534,2050
2643,2643,0,184,2049
2644,2644,0,0,2049
2645,2645,0,0,2049
2646,2646,0,99,2050
2647,2647,0,402,2049
2648,2648,0,838,2049
2649,2649,0,1373,2049
2650,2650,0,1963,2049
2651,2651,0,2561,2049
2652,2652,0,3116,2050
2653,2653,0,3583,2049
2654,2654,0,3925,2049
2655,2655,0,4095,2049
2656,2656,0,4095,2050
2657,2657,0,3977,2049
2658,2658,0,3666,2049
2659,2659,0,3222,2049
2660,2660,0,2682,2050
2661,2661,0,2089,2050
2662,2662,0,1493,2049
2663,2663,0,942,2050
2664,2664,0,483,2049
2665,2665,0,150,2050
2666,2666,0,0,2049
2667,2667,0,0,2049
2668,2668,0,129,2049
2669,2669,0,450,2049
2670,2670,0,902,2049
2671,2671,0,1446,2050
2672,2672,0,2041,2050
2673,2673,0,2635,2049
2674,2674,0,3182,2049
2675,2675,0,3635,2048
2676,2676,0,3958,2049
2677,2677,0,4095,2049
2678,2678,0,4095,2049
2679,2679,0,3946,2049
2680,2680,0,3616,2049
2681,2681,0,3157,2049
2682,2682,0,2608,2049
2683,2683,0,2012,2050
2684,2684,0,1419,2049
2685,2685,0,878,2049
2686,2686,0,431,2049
2687,2687,0,119,2050
2688,2688,0,0,2049
2689,2689,0,0,2050
2690,2690,0,162,2050
2691,2691,0,501,2050
2692,2692,0,966,2048
2693,2693,0,1520,2048
2694,2694,0,2118,2049
2695,2695,0,2709,2049
2696,2696,0,3246,2049
2697,2697,0,3684,2050
2698,2698,0,3989,2050
2699,2699,0,4095,2049
2700,2700,0,4095,2049
2701,2701,0,3912,2050
2702,2702,0,3564,2049
2703,2703,0,3091,2049
2704,2704,0,2533,2049
2705,2705,0,1935,2049
2706,2706,0,1346,2050
2707,2707,0,815,2050
2708,2708,0,384,2049
2709,2709,0,89,2050
2710,2710,0,0,2049
2711,2711,0,0,2049
2712,2712,0,197,2050
2713,2713,0,554,2050
2714,2714,0,1033,2050
2715,2715,0,1595,2050
2716,2716,0,2194,2050
2717,2717,0,2781,2049
2718,2718,0,3308,2049
2719,2719,0,3730,2050
2720,2720,0,4017,2049
2721,2721,0,4095,2049
2722,2722,0,4091,2049
2723,2723,0,3875,2049
2724,2724,0,3510,2049
2725,2725,0,3024,2049
2726,2726,0,2459,2050
2727,2727,0,1859,2049
2728,2728,0,1274,2049
2729,2729,0,753,2050
2730,2730,0,338,2049
2731,2731,0,63,2049
2732,2732,0,0,2049
2733,2733,0,9,2049
2734,2734,0,235,2049
2735,2735,0,610,2050
2736,2736,0,1102,2049
2737,2737,0,1671,2049
2738,2738,0,2271,2049
2739,2739,0,2852,2050
2740,2740,0,3368,2050
2741,2741,0,3776,2050
2742,2742,0,4041,2049
2743,2743,0,4095,2050
2744,2744,0,4073,2049
2745,2745,0,3836,2049
2746,2746,0,3454,2049
2747,2747,0,2955,2049
2748,2748,0,2382,2049
2749,2749,0,1783,2049
2750,2750,0,1202,2049
2751,2751,0,694,2050
2752,2752,0,295,2050
2753,2753,0,39,2050
2754,2754,0,0,2049
2755,2755,0,29,2049
2756,2756,0,275,2049
2757,2757,0,666,2050
2758,2758,0,1171,2049
2759,2759,0,1747,2049
2760,2760,0,2347,2050
2761,2761,0,2923,2049
2762,2762,0,3426,2050
2763,2763,0,3818,2050
2764,2764,0,4064,2049
2765,2765,0,4095,2050
2766,2766,0,4052,2049
2767,2767,0,3796,2049
2768,2768,0,3396,2049
2769,2769,0,2886,2049
2770,2770,0,2306,2049
2771,2771,0,1706,2049
2772,2772,0,1134,2049
2773,2773,0,635,2049
2774,2774,0,253,2049
2775,2775,0,18,2049
2776,2776,0,0,2050
2777,2777,0,51,2049
2778,2778,0,317,2049
2779,2779,0,725,2049
2780,2780,0,1241,2050
2781,2781,0,1823,2049
2782,2782,0,2423,2049
2783,2783,0,2992,2048
2784,2784,0,3484,2049
2785,2785,0,3858,2049
2786,2786,0,4084,2049
2787,2787,0,4095,2049
2788,2788,0,4028,2049
2789,2789,0,3752,2048
2790,2790,0,3336,2049
2791,2791,0,2814,2049
2792,2792,0,2230,2049
2793,2793,0,1631,2049
2794,2794,0,1065,2049
2795,2795,0,579,2049
2796,2796,0,215,2049
2797,2797,0,0,2049
2798,2798,0,0,2049
2799,2799,0,76,2049
2800,2800,0,362,2049
2801,2801,0,786,2049
2802,2802,0,1313,2049
2803,2803,0,1899,2049
2804,2804,0,2499,2050
2805,2805,0,3060,2049
2806,2806,0,3539,2049
2807,2807,0,3896,2050
2808,2808,0,4095,2049
2809,2809,0,4095,2050
2810,2810,0,4001,2049
2811,2811,0,3706,2050
2812,2812,0,3274,2049
2813,2813,0,2742,2049
2814,2814,0,2153,2049
2815,2815,0,1555,2049
2816,2816,0,998,2050
2817,2817,0,526,2049
2818,2818,0,179,2049
2819,2819,0,0,2049
2820,2820,0,0,2049
2821,2821,0,104,2049
2822,2822,0,409,2049
2823,2823,0,848,2050
2824,2824,0,1385,2049
2825,2825,0,1976,2049
2826,2826,0,2573,2049
2827,2827,0,3127,2049
2828,2828,0,3592,2049
2829,2829,0,3931,2049
2830,2830,0,4095,2049
2831,2831,0,4095,2049
2832,2832,0,3972,2048
2833,2833,0,3658,2049
2834,2834,0,3211,2049
2835,2835,0,2670,2049
2836,2836,0,2076,2048
2837,2837,0,1481,2050
2838,2838,0,931,2049
2839,2839,0,474,2049
2840,2840,0,144,2049
2841,2841,0,0,2049
2842,2842,0,0,2049
2843,2843,0,134,2050
2844,2844,0,458,2049
2845,2845,0,913,2049
2846,2846,0,1459,2049
2847,2847,0,2054,2049
2848,2848,0,2647,2050
2849,2849,0,3193,2049
2850,2850,0,3643,2049
2851,2851,0,3963,2049
2852,2852,0,4095,2050
2853,2853,0,4095,2049
2854,2854,0,3940,2049
2855,2855,0,3607,2048
2856,2856,0,3146,2049
2857,2857,0,2595,2049
2858,2858,0,1999,2049
2859,2859,0,1407,2049
2860,2860,0,867,2050
2861,2861,0,423,2049
2862,2862,0,113,2049
2863,2863,0,0,2049
2864,2864,0,0,2049
2865,2865,0,168,2049
2866,2866,0,510,2049
2867,2867,0,976,2050
2868,2868,0,1533,2049
2869,2869,0,2131,2050
2870,2870,0,2720,2049
2871,2871,0,3256,2049
2872,2872,0,3692,2049
2873,2873,0,3993,2049
2874,2874,0,4095,2049
2875,2875,0,4095,2049
2876,2876,0,3906,2050
2877,2877,0,3555,2050
2878,2878,0,3080,2049
2879,2879,0,2521,2049
2880,2880,0,1923,2049
2881,2881,0,1334,2049
2882,2882,0,804,2049
2883,2883,0,376,2049
2884,2884,0,84,2050
2885,2885,0,0,2050
2886,2886,0,0,2050
2887,2887,0,204,2049
2888,2888,0,564,2049
2889,2889,0,1045,2049
2890,2890,0,1607,2049
2891,2891,0,2207,2049
2892,2892,0,2792,2050
2893,2893,0,3318,2049
2894,2894,0,3739,2049
2895,2895,0,4021,2049
2896,2896,0,4095,2049
2897,2897,0,4089,2049
2898,2898,0,3869,2049
2899,2899,0,3500,2050
2900,2900,0,3013,2049
2901,2901,0,2445,2049
2902,2902,0,1846,2049
2903,2903,0,1262,2049
2904,2904,0,743,2050
2905,2905,0,331,2049
2906,2906,0,58,2048
2907,2907,0,0,2049
2908,2908,0,12,2049
2909,2909,0,242,2050
2910,2910,0,618,2049
2911,2911,0,1112,2049
2912,2912,0,1684,2049
2913,2913,0,2284,2049
2914,2914,0,2865,2050
2915,2915,0,3378,2049
2916,2916,0,3783,2049
2917,2917,0,4045,2049
2918,2918,0,4095,2049
2919,2919,0,4070,2049
2920,2920,0,3830,2050
2921,2921,0,3443,2049
2922,2922,0,2944,2049
2923,2923,0,2370,2049
2924,2924,0,1769,2050
2925,2925,0,1192,2049
2926,2926,0,684,2050
2927,2927,0,287,2049
2928,2928,0,35,2050
2929,2929,0,0,2049
2930,2930,0,32,2050
2931,2931,0,282,2049
2932,2932,0,675,2049
2933,2933,0,1182,2049
2934,2934,0,1759,2050
2935,2935,0,2360,2049
2936,2936,0,2934,2050
2937,2937,0,3436,2049
2938,2938,0,3825,2049
2939,2939,0,4067,2049
2940,2940,0,4095,2049
2941,2941,0,4049,2049
2942,2942,0,3788,2049
2943,2943,0,3385,2049
2944,2944,0,2873,2050
2945,2945,0,2294,2049
2946,2946,0,1693,2049
2947,2947,0,1122,2050
2948,2948,0,626,2049
2949,2949,0,247,2049
2950,2950,0,15,2049
2951,2951,0,0,2049
2952,2952,0,55,2049
2953,2953,0,325,2049
2954,2954,0,735,2049
2955,2955,0,1253,2049
2956,2956,0,1836,2049
2957,2957,0,2436,2049
2958,2958,0,3004,2049
2959,2959,0,3493,2049
2960,2960,0,3865,2049
2961,2961,0,4086,2049
2962,2962,0,4095,2049
2963,2963,0,4023,2049
2964,2964,0,3744,2050
2965,2965,0,3326,2049
2966,2966,0,2803,2049
2967,2967,0,2217,2049
2968,2968,0,1617,2049
2969,2969,0,1054,2049
2970,2970,0,571,2049
2971,2971,0,209,2049
2972,2972,0,0,2049
2973,2973,0,0,2049
2974,2974,0,81,2049
2975,2975,0,370,2050
2976,2976,0,796,2049
2977,2977,0,1325,2049
2978,2978,0,1912,2049
2979,2979,0,2511,2049
2980,2980,0,3072,2050
2981,2981,0,3548,2049
2982,2982,0,3902,2049
2983,2983,0,4095,2049
2984,2984,0,4095,2049
2985,2985,0,3996,2049
2986,2986,0,3698,2049
2987,2987,0,3264,2049
2988,2988,0,2731,2049
2989,2989,0,2141,2049
2990,2990,0,1543,2050
2991,2991,0,987,2048
2992,2992,0,517,2050
2993,2993,0,172,2050
2994,2994,0,0,2049
2995,2995,0,0,2050
2996,2996,0,108,2050
2997,2997,0,417,2049
2998,2998,0,859,2049
2999,2999,0,1397,2049
3000,3000,0,1989,2049
3001,3001,0,2586,2049
3002,3002,0,3138,2049
3003,3003,0,3601,2049
3004,3004,0,3936,2050
3005,3005,0,4095,2049
3006,3006,0,4095,2050
3007,3007,0,3967,2049
3008,3008,0,3650,2049
3009,3009,0,3201,2049
3010,3010,0,2657,2049
3011,3011,0,2063,2049
3012,3012,0,1469,2049
3013,3013,0,921,2049
3014,3014,0,465,2050
3015,3015,0,139,2049
3016,3016,0,0,2050
3017,3017,0,0,2050
3018,3018,0,140,2049
3019,3019,0,467,2050
3020,3020,0,922,2049
3021,3021,0,1470,2049
3022,3022,0,2066,2049
3023,3023,0,2660,2049
3024,3024,0,3203,2049
3025,3025,0,3651,2049
3026,3026,0,3968,2049
3027,3027,0,4095,2050
3028,3028,0,4095,2049
3029,3029,0,3935,2049
3030,3030,0,3599,2049
3031,3031,0,3136,2049
3032,3032,0,2583,2049
3033,3033,0,1986,2049
3034,3034,0,1395,2050
3035,3035,0,857,2049
3036,3036,0,416,2049
3037,3037,0,109,2050
3038,3038,0,0,2049
3039,3039,0,0,2050
3040,3040,0,173,2049
3041,3041,0,518,2049
3042,3042,0,988,2049
3043,3043,0,1545,2050
3044,3044,0,2144,2049
3045,3045,0,2733,2049
3046,3046,0,3267,2049
3047,3047,0,3699,2049
3048,3048,0,3998,2049
3049,3049,0,4095,2050
3050,3050,0,4095,2049
3051,3051,0,3901,2049
3052,3052,0,3546,2049
3053,3053,0,3069,2049
3054,3054,0,2508,2049
3055,3055,0,1910,2049
3056,3056,0,1323,2049
3057,3057,0,794,2049
3058,3058,0,368,2049
3059,3059,0,79,2049
3060,3060,0,0,2049
3061,3061,0,0,2049
3062,3062,0,209,2049
3063,3063,0,572,2049
3064,3064,0,1056,2049
3065,3065,0,1620,2049
3066,3066,0,2220,2050
3067,3067,0,2805,2049
3068,3068,0,3328,2050
3069,3069,0,3746,2049
3070,3070,0,4025,2050
3071,3071,0,4095,2050
3072,3072,0,4086,2049
3073,3073,0,3863,2049
3074,3074,0,3490,2049
3075,3075,0,3001,2049
3076,3076,0,2433,2048
3077,3077,0,1833,2049
3078,3078,0,1250,2049
3079,3079,0,733,2049
3080,3080,0,324,2050
3081,3081,0,54,2049
3082,3082,0,0,2050
3083,3083,0,15,2049
3084,3084,0,247,2049
3085,3085,0,628,2049
3086,3086,0,1124,2049
3087,3087,0,1696,2049
3088,3088,0,2296,2049
3089,3089,0,2876,2049
3090,3090,0,3388,2049
3091,3091,0,3790,2049
3092,3092,0,4048,2049
3093,3093,0,4095,2049
3094,3094,0,4066,2049
3095,3095,0,3823,2049
3096,3096,0,3434,2049
3097,3097,0,2932,2050
3098,3098,0,2357,2049
3099,3099,0,1756,2049
3100,3100,0,1179,2049
3101,3101,0,674,2049
3102,3102,0,281,2049
3103,3103,0,32,2049
3104,3104,0,0,2050
3105,3105,0,37,2049
3106,3106,0,289,2050
3107,3107,0,685,2049
3108,3108,0,1194,2050
3109,3109,0,1771,2049
3110,3110,0,2372,2049
3111,3111,0,2947,2050
3112,3112,0,3446,2050
3113,3113,0,3832,2050
3114,3114,0,4071,2049
3115,3115,0,4095,2049
3116,3116,0,4044,2049
3117,3117,0,3781,2049
3118,3118,0,3376,2049
3119,3119,0,2861,2049
3120,3120,0,2281,2049
3121,3121,0,1680,2049
3122,3122,0,1110,2049
3123,3123,0,616,2049
3124,3124,0,240,2050
3125,3125,0,12,2049
3126,3126,0,0,2049
3127,3127,0,59,2049
3128,3128,0,333,2048
3129,3129,0,745,2049
3130,3130,0,1265,2048
3131,3131,0,1848,2049
3132,3132,0,2448,2049
3133,3133,0,3015,2049
3134,3134,0,3503,2049
3135,3135,0,3871,2049
3136,3136,0,4089,2049
3137,3137,0,4095,2050
3138,3138,0,4019,2049
3139,3139,0,3736,2049
3140,3140,0,3315,2049
3141,3141,0,2790,2049
3142,3142,0,2204,2050
3143,3143,0,1605,2049
3144,3144,0,1042,2049
3145,3145,0,561,2049
3146,3146,0,202,2049
3147,3147,0,0,2050
3148,3148,0,0,2049
3149,3149,0,85,2049
3150,3150,0,377,2049
3151,3151,0,806,2049
3152,3152,0,1337,2050
3153,3153,0,1924,2049
3154,3154,0,2523,2049
3155,3155,0,3083,2049
3156,3156,0,3557,2049
3157,3157,0,3908,2049
3158,3158,0,4095,2049
3159,3159,0,4095,2050
3160,3160,0,3992,2050
3161,3161,0,3690,2050
3162,3162,0,3253,2049
3163,3163,0,2718,2049
3164,3164,0,2128,2049
3165,3165,0,1530,2049
3166,3166,0,975,2049
3167,3167,0,508,2049
3168,3168,0,167,2049
3169,3169,0,0,2049
3170,3170,0,0,2049
3171,3171,0,114,2050
3172,3172,0,425,2049
3173,3173,0,869,2048
3174,3174,0,1409,2049
3175,3175,0,2001,2049
3176,3176,0,2599,2049
3177,3177,0,3149,2049
3178,3178,0,3609,2049
3179,3179,0,3942,2049
3180,3180,0,4095,2049
3181,3181,0,4095,2049
3182,3182,0,3962,2049
3183,3183,0,3641,2050
3184,3184,0,3190,2049
3185,3185,0,2645,2049
3186,3186,0,2051,2048
3187,3187,0,1456,2049
3188,3188,0,910,2049
3189,3189,0,457,2049
3190,3190,0,133,2049
3191,3191,0,0,2049
3192,3192,0,0,2049
3193,3193,0,145,2049
3194,3194,0,476,2049
3195,3195,0,934,2049
3196,3196,0,1483,2049
3197,3197,0,2079,2049
3198,3198,0,2672,2049
3199,3199,0,3214,2049
3200,3200,0,3659,2049
3201,3201,0,3973,2049
3202,3202,0,4095,2049
3203,3203,0,4095,2049
3204,3204,0,3930,2049
3205,3205,0,3590,2050
3206,3206,0,3125,2049
3207,3207,0,2570,2049
3208,3208,0,1973,2049
3209,3209,0,1382,2049
3210,3210,0,846,2049
3211,3211,0,408,2050
3212,3212,0,103,2049
3213,3213,0,0,2049
3214,3214,0,0,2049
3215,3215,0,180,2049
3216,3216,0,527,2049
3217,3217,0,999,2049
3218,3218,0,1558,2049
3219,3219,0,2155,2050
3220,3220,0,2744,2049
3221,3221,0,3277,2049
3222,3222,0,3707,2049
3223,3223,0,4003,2049
3224,3224,0,4095,2049
3225,3225,0,4095,2049
3226,3226,0,3894,2050
3227,3227,0,3537,2049
3228,3228,0,3058,2049
3229,3229,0,2496,2049
3230,3230,0,1897,2049
3231,3231,0,1311,2049
3232,3232,0,784,2049
3233,3233,0,360,2049
3234,3234,0,76,2049
3235,3235,0,0,2049
3236,3236,0,0,2049
3237,3237,0,216,2049
3238,3238,0,582,2049
3239,3239,0,1067,2049
3240,3240,0,1633,2049
3241,3241,0,2233,2049
3242,3242,0,2817,2049
3243,3243,0,3338,2049
3244,3244,0,3754,2049
3245,3245,0,4029,2049
3246,3246,0,4095,2049
3247,3247,0,4083,2049
3248,3248,0,3855,2049
3249,3249,0,3481,2049
3250,3250,0,2990,2049
3251,3251,0,2421,2050
3252,3252,0,1821,2050
3253,3253,0,1239,2049
3254,3254,0,723,2050
3255,3255,0,316,2049
3256,3256,0,51,2049
3257,3257,0,0,2049
3258,3258,0,19,2049
3259,3259,0,255,2050
3260,3260,0,638,2049
3261,3261,0,1136,2049
3262,3262,0,1709,2049
3263,3263,0,2309,2049
3264,3264,0,2888,2049
3265,3265,0,3398,2049
3266,3266,0,3796,2049
3267,3267,0,4053,2049
3268,3268,0,4095,2049
3269,3269,0,4063,2049
3270,3270,0,3816,2049
3271,3271,0,3425,2049
3272,3272,0,2920,2049
3273,3273,0,2344,2049
3274,3274,0,1744,2049
3275,3275,0,1168,2049
3276,3276,0,665,2049
3277,3277,0,274,2049
3278,3278,0,28,2049
3279,3279,0,0,2050
3280,3280,0,40,2049
3281,3281,0,296,2049
3282,3282,0,695,2050
3283,3283,0,1206,2049
3284,3284,0,1785,2049
3285,3285,0,2385,2049
3286,3286,0,2958,2049
3287,3287,0,3456,2049
3288,3288,0,3838,2049
3289,3289,0,4073,2049
3290,3290,0,4095,2049
3291,3291,0,4041,2050
3292,3292,0,3773,2049
3293,3293,0,3366,2050
3294,3294,0,2850,2049
3295,3295,0,2268,2050
3296,3296,0,1668,2049
3297,3297,0,1099,2049
3298,3298,0,607,2049
3299,3299,0,233,2049
3300,3300,0,9,2049
3301,3301,0,0,2050
3302,3302,0,63,2049
3303,3303,0,339,2049
3304,3304,0,756,2050
3305,3305,0,1277,2049
3306,3306,0,1861,2049
3307,3307,0,2461,2049
3308,3308,0,3026,2049
3309,3309,0,3512,2050
3310,3310,0,3878,2049
3311,3311,0,4092,2048
3312,3312,0,4095,2049
3313,3313,0,4015,2049
3314,3314,0,3729,2049
3315,3315,0,3306,2049
3316,3316,0,2779,2049
3317,3317,0,2192,2049
3318,3318,0,1593,2050
3319,3319,0,1031,2049
3320,3320,0,552,2049
3321,3321,0,196,2049
3322,3322,0,0,2050
3323,3323,0,0,2049
3324,3324,0,90,2049
3325,3325,0,385,2049
3326,3326,0,817,2050
3327,3327,0,1349,2049
3328,3328,0,1938,2050
3329,3329,0,2536,2050
3330,3330,0,3094,2049
3331,3331,0,3566,2049
3332,3332,0,3913,2049
3333,3333,0,4095,2049
3334,3334,0,4095,2049
3335,3335,0,3987,2049
3336,3336,0,3682,2050
3337,3337,0,3244,2050
3338,3338,0,2706,2049
3339,3339,0,2115,2050
3340,3340,0,1518,2049
3341,3341,0,964,2048
3342,3342,0,499,2049
3343,3343,0,161,2050
3344,3344,0,0,2050
3345,3345,0,0,2049
3346,3346,0,119,2049
3347,3347,0,434,2050
3348,3348,0,880,2049
3349,3349,0,1421,2049
3350,3350,0,2014,2049
3351,3351,0,2610,2049
3352,3352,0,3160,2049
3353,3353,0,3618,2049
3354,3354,0,3947,2049
3355,3355,0,4095,2049
3356,3356,0,4095,2050
3357,3357,0,3957,2049
3358,3358,0,3632,2049
3359,3359,0,3179,2049
3360,3360,0,2632,2050
3361,3361,0,2038,2049
3362,3362,0,1444,2049
3363,3363,0,899,2049
3364,3364,0,448,2049
3365,3365,0,128,2049
3366,3366,0,0,2049
3367,3367,0,0,2049
3368,3368,0,151,2048
3369,3369,0,484,2050
3370,3370,0,945,2049
3371,3371,0,1496,2050
3372,3372,0,2092,2050
3373,3373,0,2684,2049
3374,3374,0,3223,2049
3375,3375,0,3668,2049
3376,3376,0,3978,2049
3377,3377,0,4095,2049
3378,3378,0,4095,2049
3379,3379,0,3924,2049
3380,3380,0,3581,2049
3381,3381,0,3113,2050
3382,3382,0,2558,2049
3383,3383,0,1961,2049
3384,3384,0,1371,2050
3385,3385,0,836,2049
3386,3386,0,400,2049
3387,3387,0,99,2050
3388,3388,0,0,2049
3389,3389,0,0,2050
3390,3390,0,185,2049
3391,3391,0,536,2049
3392,3392,0,1011,2049
3393,3393,0,1571,2049
3394,3394,0,2169,2049
3395,3395,0,2757,2050
3396,3396,0,3286,2049
3397,3397,0,3716,2049
3398,3398,0,4007,2049
3399,3399,0,4095,2049
3400,3400,0,4095,2049
3401,3401,0,3888,2049
3402,3402,0,3528,2049
3403,3403,0,3047,2049
3404,3404,0,2484,2049
3405,3405,0,1885,2050
3406,3406,0,1298,2049
3407,3407,0,774,2049
3408,3408,0,353,2049
3409,3409,0,71,2050
3410,3410,0,0,2049
3411,3411,0,3,2049
3412,3412,0,222,2050
3413,3413,0,590,2049
3414,3414,0,1078,2049
3415,3415,0,1645,2049
3416,3416,0,2245,2049
3417,3417,0,2829,2049
3418,3418,0,3349,2049
3419,3419,0,3761,2049
3420,3420,0,4033,2049
3421,3421,0,4095,2049
3422,3422,0,4080,2049
3423,3423,0,3850,2049
3424,3424,0,3472,2049
3425,3425,0,2978,2049
3426,3426,0,2407,2049
3427,3427,0,1808,2050
3428,3428,0,1226,2050
3429,3429,0,714,2049
3430,3430,0,309,2049
3431,3431,0,47,2049
3432,3432,0,0,2049
3433,3433,0,21,2049
3434,3434,0,262,2050
3435,3435,0,647,2049
3436,3436,0,1147,2050
3437,3437,0,1722,2049
3438,3438,0,2322,2049
3439,3439,0,2900,2049
3440,3440,0,3408,2049
3441,3441,0,3804,2049
3442,3442,0,4056,2049
3443,3443,0,4095,2049
3444,3444,0,4059,2049
3445,3445,0,3809,2049
3446,3446,0,3416,2049
3447,3447,0,2909,2050
3448,3448,0,2332,2049
3449,3449,0,1732,2049
3450,3450,0,1157,2049
3451,3451,0,655,2050
3452,3452,0,267,2050
3453,3453,0,24,2050
3454,3454,0,0,2049
3455,3455,0,43,2049
3456,3456,0,303,2049
3457,3457,0,706,2049
3458,3458,0,1218,2049
3459,3459,0,1798,2050
3460,3460,0,2398,2049
3461,3461,0,2969,2049
3462,3462,0,3465,2049
3463,3463,0,3845,2049
3464,3464,0,4077,2049
3465,3465,0,4095,2050
3466,3466,0,4036,2049
3467,3467,0,3767,2049
3468,3468,0,3356,2049
3469,3469,0,2839,2050
3470,3470,0,2255,2049
3471,3471,0,1656,2049
3472,3472,0,1088,2049
3473,3473,0,598,2049
3474,3474,0,227,2049
3475,3475,0,6,2049
3476,3476,0,0,2049
3477,3477,0,68,2049
3478,3478,0,347,2049
3479,3479,0,766,2049
3480,3480,0,1289,2049
3481,3481,0,1874,2049
3482,3482,0,2473,2049
3483,3483,0,3037,2049
3484,3484,0,3521,2049
3485,3485,0,3884,2050
3486,3486,0,4095,2050
3487,3487,0,4095,2049
3488,3488,0,4011,2049
3489,3489,0,3721,2049
3490,3490,0,3295,2049
3491,3491,0,2767,2049
3492,3492,0,2178,2049
3493,3493,0,1580,2050
3494,3494,0,1021,2049
3495,3495,0,544,2049
3496,3496,0,190,2049
3497,3497,0,0,2049
3498,3498,0,0,2049
3499,3499,0,95,2049
3500,3500,0,394,2049
3501,3501,0,827,2049
3502,3502,0,1361,2049
3503,3503,0,1951,2049
3504,3504,0,2549,2050
3505,3505,0,3105,2050
3506,3506,0,3574,2050
3507,3507,0,3919,2049
3508,3508,0,4095,2049
3509,3509,0,4095,2049
3510,3510,0,3982,2049
3511,3511,0,3674,2049
3512,3512,0,3232,2050
3513,3513,0,2694,2049
3514,3514,0,2102,2049
3515,3515,0,1505,2049
3516,3516,0,954,2049
3517,3517,0,491,2049
3518,3518,0,155,2049
3519,3519,0,0,2049
3520,3520,0,0,2050
3521,3521,0,125,2049
3522,3522,0,442,2049
3523,3523,0,892,2049
3524,3524,0,1435,2049
3525,3525,0,2028,2049
3526,3526,0,2623,2049
3527,3527,0,3171,2049
3528,3528,0,3626,2049
3529,3529,0,3953,2049
3530,3530,0,4095,2050
3531,3531,0,4095,2049
3532,3532,0,3951,2049
3533,3533,0,3623,2050
3534,3534,0,3168,2049
3535,3535,0,2621,2049
3536,3536,0,2025,2050
3537,3537,0,1432,2049
3538,3538,0,889,2049
3539,3539,0,441,2049
3540,3540,0,123,2049
3541,3541,0,0,2049
3542,3542,0,0,2049
3543,3543,0,156,2050
3544,3544,0,493,2049
3545,3545,0,956,2049
3546,3546,0,1508,2049
3547,3547,0,2104,2049
3548,3548,0,2696,2049
3549,3549,0,3235,2049
3550,3550,0,3676,2050
3551,3551,0,3983,2050
3552,3552,0,4095,2049
3553,3553,0,4095,2049
3554,3554,0,3917,2050
3555,3555,0,3573,2050
3556,3556,0,3103,2049
3557,3557,0,2546,2049
3558,3558,0,1949,2048
3559,3559,0,1358,2049
3560,3560,0,825,2049
3561,3561,0,392,2049
3562,3562,0,94,2049
3563,3563,0,0,2050
3564,3564,0,0,2050
3565,3565,0,191,2050
3566,3566,0,545,2049
3567,3567,0,1022,2049
3568,3568,0,1582,2049
3569,3569,0,2182,2049
3570,3570,0,2770,2049
3571,3571,0,3297,2049
3572,3572,0,3723,2050
3573,3573,0,4011,2050
3574,3574,0,4095,2049
3575,3575,0,4094,2049
3576,3576,0,3882,2049
3577,3577,0,3519,2049
3578,3578,0,3035,2049
3579,3579,0,2472,2050
3580,3580,0,1871,2049
3581,3581,0,1286,2049
3582,3582,0,763,2049
3583,3583,0,345,2049
3584,3584,0,67,2049
3585,3585,0,0,2049
3586,3586,0,6,2049
3587,3587,0,229,2049
3588,3588,0,600,2049
3589,3589,0,1090,2049
3590,3590,0,1658,2049
3591,3591,0,2258,2049
3592,3592,0,2841,2049
3593,3593,0,3358,2049
3594,3594,0,3768,2049
3595,3595,0,4037,2049
3596,3596,0,4095,2049
3597,3597,0,4076,2049
3598,3598,0,3843,2049
3599,3599,0,3463,2049
3600,3600,0,2966,2049
3601,3601,0,2395,2049
3602,3602,0,1794,2049
3603,3603,0,1215,2049
3604,3604,0,704,2049
3605,3605,0,301,2049
3606,3606,0,43,2050
3607,3607,0,0,2050
3608,3608,0,26,2049
3609,3609,0,268,2049
3610,3610,0,657,2049
3611,3611,0,1159,2049
3612,3612,0,1734,2049
3613,3613,0,2335,2049
3614,3614,0,2912,2049
3615,3615,0,3417,2049
3616,3616,0,3811,2049
3617,3617,0,4060,2049
3618,3618,0,4095,2049
3619,3619,0,4055,2049
3620,3620,0,3802,2049
3621,3621,0,3405,2049
3622,3622,0,2898,2050
3623,3623,0,2319,2049
3624,3624,0,1719,2049
3625,3625,0,1145,2049
3626,3626,0,645,2050
3627,3627,0,260,2048
3628,3628,0,21,2050
3629,3629,0,0,2049
3630,3630,0,47,2049
3631,3631,0,310,2049
3632,3632,0,715,2050
3633,3633,0,1229,2050
3634,3634,0,1810,2049
3635,3635,0,2410,2049
3636,3636,0,2981,2049
3637,3637,0,3475,2049
3638,3638,0,3851,2049
3639,3639,0,4080,2049
3640,3640,0,4095,2049
3641,3641,0,4032,2049
3642,3642,0,3759,2050
3643,3643,0,3346,2049
3644,3644,0,2827,2049
3645,3645,0,2243,2050
3646,3646,0,1643,2049
3647,3647,0,1077,2049
3648,3648,0,589,2049
3649,3649,0,221,2049
3650,3650,0,3,2050
3651,3651,0,0,2049
3652,3652,0,72,2049
3653,3653,0,355,2050
3654,3654,0,776,2049
3655,3655,0,1301,2049
3656,3656,0,1887,2049
3657,3657,0,2487,2050
3658,3658,0,3050,2049
3659,3659,0,3531,2049
3660,3660,0,3890,2050
3661,3661,0,4095,2050
3662,3662,0,4095,2049
3663,3663,0,4006,2049
3664,3664,0,3713,2049
3665,3665,0,3284,2049
3666,3666,0,2755,2049
3667,3667,0,2166,2049
3668,3668,0,1568,2049
3669,3669,0,1009,2050
3670,3670,0,534,2049
3671,3671,0,184,2049
3672,3672,0,0,2049
3673,3673,0,0,2050
3674,3674,0,99,2050
3675,3675,0,401,2049
3676,3676,0,838,2049
3677,3677,0,1373,2050
3678,3678,0,1964,2049
3679,3679,0,2561,2049
3680,3680,0,3116,2050
3681,3681,0,3583,2049
3682,3682,0,3925,2049
3683,3683,0,4095,2049
3684,3684,0,4095,2049
3685,3685,0,3977,2050
3686,3686,0,3666,2050
3687,3687,0,3222,2050
3688,3688,0,2682,2049
3689,3689,0,2089,2049
3690,3690,0,1493,2049
3691,3691,0,942,2049
3692,3692,0,482,2049
3693,3693,0,150,2049
3694,3694,0,0,2049
3695,3695,0,0,2050
3696,3696,0,129,2049
3697,3697,0,449,2049
3698,3698,0,901,2049
3699,3699,0,1446,2049
3700,3700,0,2040,2049
3701,3701,0,2635,2049
3702,3702,0,3181,2050
3703,3703,0,3634,2049
3704,3704,0,3958,2049
3705,3705,0,4095,2049
3706,3706,0,4095,2048
3707,3707,0,3946,2050
3708,3708,0,3616,2049
3709,3709,0,3158,2049
3710,3710,0,2607,2049
3711,3711,0,2012,2049
3712,3712,0,1419,2049
3713,3713,0,878,2050
3714,3714,0,432,2049
3715,3715,0,118,2048
3716,3716,0,0,2049
3717,3717,0,0,2050
3718,3718,0,161,2049
3719,3719,0,501,2049
3720,3720,0,966,2049
3721,3721,0,1520,2049
3722,3722,0,2118,2050
3723,3723,0,2709,2049
3724,3724,0,3246,2049
3725,3725,0,3684,2049
3726,3726,0,3989,2049
3727,3727,0,4095,2049
3728,3728,0,4095,2049
3729,3729,0,3912,2049
3730,3730,0,3565,2049
3731,3731,0,3092,2050
3732,3732,0,2533,2049
3733,3733,0,1935,2050
3734,3734,0,1347,2049
3735,3735,0,814,2049
3736,3736,0,384,2049
3737,3737,0,89,2049
3738,3738,0,0,2049
3739,3739,0,0,2049
3740,3740,0,198,2050
3741,3741,0,554,2048
3742,3742,0,1033,2049
3743,3743,0,1595,2049
3744,3744,0,2194,2049
3745,3745,0,2781,2049
3746,3746,0,3308,2049
3747,3747,0,3731,2049
3748,3748,0,4017,2049
3749,3749,0,4095,2049
3750,3750,0,4092,2049
3751,3751,0,3875,2050
3752,3752,0,3510,2050
3753,3753,0,3024,2049
3754,3754,0,2459,2049
3755,3755,0,1858,2049
3756,3756,0,1274,2049
3757,3757,0,753,2049
3758,3758,0,338,2049
3759,3759,0,62,2049
3760,3760,0,0,2049
3761,3761,0,9,2049
3762,3762,0,235,2049
3763,3763,0,609,2049
3764,3764,0,1101,2050
3765,3765,0,1670,2049
3766,3766,0,2271,2049
3767,3767,0,2853,2050
3768,3768,0,3368,2049
3769,3769,0,3775,2049
3770,3770,0,4041,2048
3771,3771,0,4095,2050
3772,3772,0,4073,2049
3773,3773,0,3836,2049
3774,3774,0,3454,2049
3775,3775,0,2955,2049
3776,3776,0,2383,2050
3777,3777,0,1782,2050
3778,3778,0,1203,2049
3779,3779,0,694,2049
3780,3780,0,294,2049
3781,3781,0,39,2049
3782,3782,0,0,2050
3783,3783,0,28,2050
3784,3784,0,275,2049
3785,3785,0,666,2049
3786,3786,0,1171,2049
3787,3787,0,1747,2049
3788,3788,0,2347,2049
3789,3789,0,2923,2049
3790,3790,0,3427,2050
3791,3791,0,3818,2050
3792,3792,0,4064,2050
3793,3793,0,4095,2049
3794,3794,0,4051,2049
3795,3795,0,3796,2049
3796,3796,0,3396,2049
3797,3797,0,2885,2049
3798,3798,0,2306,2049
3799,3799,0,1706,2049
3800,3800,0,1133,2049
3801,3801,0,636,2050
3802,3802,0,253,2049
3803,3803,0,18,2049
3804,3804,0,0,2050
3805,3805,0,51,2049
3806,3806,0,318,2049
3807,3807,0,725,2049
3808,3808,0,1242,2049
3809,3809,0,1822,2049
3810,3810,0,2423,2049
3811,3811,0,2992,2049
3812,3812,0,3484,2049
3813,3813,0,3859,2049
3814,3814,0,4084,2049
3815,3815,0,4095,2049
3816,3816,0,4028,2049
3817,3817,0,3751,2049
3818,3818,0,3336,2049
3819,3819,0,2814,2049
3820,3820,0,2230,2049
3821,3821,0,1630,2049
3822,3822,0,1065,2049
3823,3823,0,579,2049
3824,3824,0,214,2049
3825,3825,0,0,2049
3826,3826,0,0,2049
3827,3827,0,76,2050
3828,3828,0,362,2049
3829,3829,0,787,2050
3830,3830,0,1313,2049
3831,3831,0,1900,2049
3832,3832,0,2498,2049
3833,3833,0,3061,2049
3834,3834,0,3539,2049
3835,3835,0,3895,2049
3836,3836,0,4095,2049
3837,3837,0,4095,2049
3838,3838,0,4002,2049
3839,3839,0,3706,2049
3840,3840,0,3274,2049
3841,3841,0,2742,2048
3842,3842,0,2153,2049
3843,3843,0,1555,2049
3844,3844,0,998,2049
3845,3845,0,526,2049
3846,3846,0,179,2049
3847,3847,0,0,2049
3848,3848,0,0,2049
3849,3849,0,104,2050
3850,3850,0,409,2049
3851,3851,0,849,2049
3852,3852,0,1385,2049
3853,3853,0,1976,2049
3854,3854,0,2573,2049
3855,3855,0,3127,2049
3856,3856,0,3591,2049
3857,3857,0,3931,2049
3858,3858,0,4095,2049
3859,3859,0,4095,2049
3860,3860,0,3972,2049
3861,3861,0,3657,2050
3862,3862,0,3211,2050
3863,3863,0,2669,2049
3864,3864,0,2076,2049
3865,3865,0,1480,2048
3866,3866,0,931,2049
3867,3867,0,474,2049
3868,3868,0,144,2049
3869,3869,0,0,2049
3870,3870,0,0,2049
3871,3871,0,134,2049
3872,3872,0,458,2049
3873,3873,0,912,2049
3874,3874,0,1459,2049
3875,3875,0,2053,2049
3876,3876,0,2648,2049
3877,3877,0,3192,2049
3878,3878,0,3643,2049
3879,3879,0,3963,2049
3880,3880,0,4095,2049
3881,3881,0,4095,2049
3882,3882,0,3941,2049
3883,3883,0,3607,2049
3884,3884,0,3146,2049
3885,3885,0,2595,2049
3886,3886,0,1999,2049
3887,3887,0,1407,2049
3888,3888,0,867,2049
3889,3889,0,424,2049
3890,3890,0,113,2049
3891,3891,0,0,2050
3892,3892,0,0,2049
3893,3893,0,168,2049
3894,3894,0,510,2049
3895,3895,0,978,2050
3896,3896,0,1533,2049
3897,3897,0,2130,2049
3898,3898,0,2721,2049
3899,3899,0,3256,2049
3900,3900,0,3692,2049
3901,3901,0,3993,2049
3902,3902,0,4095,2049
3903,3903,0,4095,2049
3904,3904,0,3905,2049
3905,3905,0,3555,2049
3906,3906,0,3081,2049
3907,3907,0,2521,2049
3908,3908,0,1922,2049
3909,3909,0,1335,2049
3910,3910,0,804,2049
3911,3911,0,376,2049
3912,3912,0,84,2049
3913,3913,0,0,2049
3914,3914,0,0,2048
3915,3915,0,203,2049
3916,3916,0,563,2048
3917,3917,0,1044,2049
3918,3918,0,1608,2049
3919,3919,0,2207,2049
3920,3920,0,2794,2049
3921,3921,0,3318,2050
3922,3922,0,3738,2049
3923,3923,0,4021,2049
3924,3924,0,4095,2049
3925,3925,0,4088,2049
3926,3926,0,3869,2049
3927,3927,0,3500,2049
3928,3928,0,3013,2049
3929,3929,0,2446,2049
3930,3930,0,1846,2049
3931,3931,0,1262,2050
3932,3932,0,743,2049
3933,3933,0,331,2049
3934,3934,0,58,2050
3935,3935,0,0,2049
3936,3936,0,12,2049
3937,3937,0,241,2049
3938,3938,0,619,2049
3939,3939,0,1114,2049
3940,3940,0,1683,2049
3941,3941,0,2284,2049
3942,3942,0,2865,2050
3943,3943,0,3378,2049
3944,3944,0,3783,2048
3945,3945,0,4045,2049
3946,3946,0,4095,2049
3947,3947,0,4070,2049
3948,3948,0,3830,2049
3949,3949,0,3444,2049
3950,3950,0,2944,2050
3951,3951,0,2370,2049
3952,3952,0,1769,2050
3953,3953,0,1192,2050
3954,3954,0,683,2049
3955,3955,0,288,2049
3956,3956,0,35,2049
3957,3957,0,0,2049
3958,3958,0,32,2049
3959,3959,0,282,2049
3960,3960,0,676,2049
3961,3961,0,1183,2049
3962,3962,0,1760,2049
3963,3963,0,2360,2049
3964,3964,0,2935,2050
3965,3965,0,3437,2049
3966,3966,0,3824,2049
3967,3967,0,4067,2050
3968,3968,0,4095,2049
3969,3969,0,4048,2049
3970,3970,0,3788,2049
3971,3971,0,3386,2049
3972,3972,0,2874,2049
3973,3973,0,2294,2049
3974,3974,0,1693,2049
3975,3975,0,1122,2050
3976,3976,0,626,2049
3977,3977,0,247,2049
3978,3978,0,15,2049
3979,3979,0,0,2049
3980,3980,0,55,2049
3981,3981,0,325,2049
3982,3982,0,735,2049
3983,3983,0,1253,2049
3984,3984,0,1835,2049
3985,3985,0,2437,2049
3986,3986,0,3004,2049
3987,3987,0,3493,2049
3988,3988,0,3865,2049
3989,3989,0,4086,2049
3990,3990,0,4095,2049
3991,3991,0,4024,2049
3992,3992,0,3744,2049
3993,3993,0,3326,2049
3994,3994,0,2802,2048
3995,3995,0,2217,2049
3996,3996,0,1618,2049
3997,3997,0,1054,2048
3998,3998,0,570,2049
3999,3999,0,208,2050
4000,4000,0,0,2049
4001,4001,0,0,2049
4002,4002,0,81,2049
4003,4003,0,370,2049
4004,4004,0,796,2050
4005,4005,0,1324,2050
4006,4006,0,1913,2049
4007,4007,0,2511,2049
4008,4008,0,3072,2049
4009,4009,0,3549,2049
4010,4010,0,3902,2049
4011,4011,0,4095,2050
4012,4012,0,4095,2049
4013,4013,0,3996,2049
4014,4014,0,3698,2050
4015,4015,0,3264,2049
4016,4016,0,2730,2049
4017,4017,0,2141,2050
4018,4018,0,1543,2049
4019,4019,0,986,2049
4020,4020,0,517,2050
4021,4021,0,172,2049
4022,4022,0,0,2049
4023,4023,0,0,2049
4024,4024,0,109,2049
4025,4025,0,417,2049
4026,4026,0,859,2049
4027,4027,0,1398,2049
4028,4028,0,1989,2050
4029,4029,0,2586,2049
4030,4030,0,3138,2049
4031,4031,0,3600,2049
4032,4032,0,3936,2049
4033,4033,0,4095,2049
4034,4034,0,4095,2049
4035,4035,0,3967,2049
4036,4036,0,3649,2049
4037,4037,0,3200,2050
4038,4038,0,2657,2049
4039,4039,0,2063,2050
4040,4040,0,1468,2049
4041,4041,0,921,2049
4042,4042,0,465,2050
4043,4043,0,139,2049
4044,4044,0,0,2049
4045,4045,0,0,2049
4046,4046,0,140,2050
4047,4047,0,467,2049
4048,4048,0,923,2049
4049,4049,0,1470,2049
4050,4050,0,2066,2049
4051,4051,0,2659,2049
4052,4052,0,3203,2049
4053,4053,0,3651,2049
4054,4054,0,3968,2049
4055,4055,0,4095,2049
4056,4056,0,4095,2049
4057,4057,0,3935,2050
4058,4058,0,3599,2049
4059,4059,0,3136,2049
4060,4060,0,2583,2049
4061,4061,0,1988,2049
4062,4062,0,1395,2049
4063,4063,0,857,2049
4064,4064,0,416,2049
4065,4065,0,108,2049
4066,4066,0,0,2049
4067,4067,0,0,2049
4068,4068,0,173,2049
4069,4069,0,519,2049
4070,4070,0,989,2049
4071,4071,0,1545,2049
4072,4072,0,2144,2049
4073,4073,0,2732,2049
4074,4074,0,3266,2049
4075,4075,0,3699,2049
4076,4076,0,3998,2049
4077,4077,0,4095,2049
4078,4078,0,4095,2049
4079,4079,0,3900,2049
4080,4080,0,3545,2049
4081,4081,0,3069,2049
4082,4082,0,2509,2049
4083,4083,0,1910,2049
4084,4084,0,1323,2049
4085,4085,0,794,2049
4086,4086,0,369,2049
4087,4087,0,80,2049
4088,4088,0,0,2049
4089,4089,0,0,2049
4090,4090,0,210,2048
4091,4091,0,573,2048
4092,4092,0,1055,2049
4093,4093,0,1620,2050
4094,4094,0,2220,2049
4095,4095,0,2805,2049
4096,4096,0,3328,2049
4097,4097,0,3747,2049
4098,4098,0,4025,2049
4099,4099,0,4095,2049
4100,4100,0,4086,2050
4101,4101,0,3862,2049
4102,4102,0,3491,2049
4103,4103,0,3001,2049
4104,4104,0,2434,2049
4105,4105,0,1833,2049
4106,4106,0,1250,2050
4107,4107,0,733,2049
4108,4108,0,323,2049
4109,4109,0,54,2050
4110,4110,0,0,2049
4111,4111,0,16,2049
4112,4112,0,248,2049
4113,4113,0,628,2049
4114,4114,0,1125,2050
4115,4115,0,1696,2049
4116,4116,0,2297,2049
4117,4117,0,2876,2050
4118,4118,0,3388,2049
4119,4119,0,3790,2049
4120,4120,0,4049,2049
4121,4121,0,4095,2049
4122,4122,0,4066,2049
4123,4123,0,3823,2049
4124,4124,0,3435,2050
4125,4125,0,2932,2049
4126,4126,0,2357,2049
4127,4127,0,1757,2050
4128,4128,0,1180,2049
4129,4129,0,674,2049
4130,4130,0,281,2049
4131,4131,0,32,2049
4132,4132,0,0,2049
4133,4133,0,36,2049
4134,4134,0,289,2049
4135,4135,0,685,2050
4136,4136,0,1194,2049
4137,4137,0,1772,2049
4138,4138,0,2372,2049
4139,4139,0,2946,2048
4140,4140,0,3446,2049
4141,4141,0,3831,2049
4142,4142,0,4070,2049
4143,4143,0,4095,2049
4144,4144,0,4044,2050
4145,4145,0,3781,2049
4146,4146,0,3376,2049
4147,4147,0,2862,2049
4148,4148,0,2281,2049
4149,4149,0,1682,2049
4150,4150,0,1111,2049
4151,4151,0,617,2049
4152,4152,0,241,2049
4153,4153,0,11,2050
4154,4154,0,0,2050
4155,4155,0,59,2049
4156,4156,0,333,2049
4157,4157,0,745,2049
4158,4158,0,1265,2049
4159,4159,0,1848,2049
4160,4160,0,2448,2049
4161,4161,0,3015,2049
4162,4162,0,3503,2050
4163,4163,0,3871,2049
4164,4164,0,4089,2050
4165,4165,0,4095,2049
4166,4166,0,4020,2049
4167,4167,0,3737,2049
4168,4168,0,3316,2048
4169,4169,0,2791,2050
4170,4170,0,2205,2049
4171,4171,0,1606,2049
4172,4172,0,1042,2049
4173,4173,0,561,2050
4174,4174,0,202,2049
4175,4175,0,0,2049
4176,4176,0,0,2049
4177,4177,0,86,2049
4178,4178,0,378,2049
4179,4179,0,806,2049
4180,4180,0,1336,2050
4181,4181,0,1925,2050
4182,4182,0,2524,2049
4183,4183,0,3082,2049
4184,4184,0,3557,2049
4185,4185,0,3907,2049
4186,4186,0,4095,2049
4187,4187,0,4095,2049
4188,4188,0,3992,2049
4189,4189,0,3690,2049
4190,4190,0,3253,2049
4191,4191,0,2719,2049
4192,4192,0,2128,2050
4193,4193,0,1530,2049
4194,4194,0,974,2049
4195,4195,0,508,2049
4196,4196,0,167,2049
4197,4197,0,0,2049
4198,4198,0,0,2049
4199,4199,0,114,2049
4200,4200,0,425,2049
4201,4201,0,870,2049
4202,4202,0,1410,2049
4203,4203,0,2002,2050
4204,4204,0,2598,2049
4205,4205,0,3149,2049
4206,4206,0,3609,2049
4207,4207,0,3942,2049
4208,4208,0,4095,2049
4209,4209,0,4095,2049
4210,4210,0,3962,2049
4211,4211,0,3641,2049
4212,4212,0,3190,2049
4213,4213,0,2645,2049
4214,4214,0,2051,2049
4215,4215,0,1456,2049
4216,4216,0,910,2049
4217,4217,0,457,2050
4218,4218,0,134,2049
4219,4219,0,0,2049
4220,4220,0,0,2050
4221,4221,0,145,2049
4222,4222,0,476,2049
4223,4223,0,933,2050
4224,4224,0,1483,2049
4225,4225,0,2079,2049
4226,4226,0,2671,2049
4227,4227,0,3214,2050
4228,4228,0,3659,2049
4229,4229,0,3973,2049
4230,4230,0,4095,2049
4231,4231,0,4095,2050
4232,4232,0,3929,2049
4233,4233,0,3590,2049
4234,4234,0,3125,2048
4235,4235,0,2570,2049
4236,4236,0,1974,2049
4237,4237,0,1383,2049
4238,4238,0,846,2049
4239,4239,0,408,2049
4240,4240,0,104,2049
4241,4241,0,0,2049
4242,4242,0,0,2049
4243,4243,0,180,2049
4244,4244,0,527,2049
4245,4245,0,1000,2049
4246,4246,0,1557,2049
4247,4247,0,2157,2049
4248,4248,0,2745,2049
4249,4249,0,3277,2049
4250,4250,0,3708,2049
4251,4251,0,4002,2049
4252,4252,0,4095,2050
4253,4253,0,4095,2049
4254,4254,0,3894,2049
4255,4255,0,3536,2049
4256,4256,0,3058,2050
4257,4257,0,2496,2049
4258,4258,0,1897,2049
4259,4259,0,1310,2050
4260,4260,0,784,2049
4261,4261,0,361,2049
4262,4262,0,76,2050
4263,4263,0,0,2049
4264,4264,0,0,2049
4265,4265,0,216,2049
4266,4266,0,582,2049
4267,4267,0,1068,2049
4268,4268,0,1633,2050
4269,4269,0,2233,2049
4270,4270,0,2817,2049
4271,4271,0,3338,2049
4272,4272,0,3754,2049
4273,4273,0,4029,2049
4274,4274,0,4095,2049
4275,4275,0,4083,2050
4276,4276,0,3856,2049
4277,4277,0,3482,2049
4278,4278,0,2990,2049
4279,4279,0,2420,2049
4280,4280,0,1820,2049
4281,4281,0,1239,2049
4282,4282,0,723,2049
4283,4283,0,317,2049
4284,4284,0,50,2049
4285,4285,0,0,2049
4286,4286,0,18,2049
4287,4287,0,254,2049
4288,4288,0,637,2049
4289,4289,0,1136,2050
4290,4290,0,1708,2049
4291,4291,0,2309,2050
4292,4292,0,2888,2049
4293,4293,0,3397,2049
4294,4294,0,3797,2049
4295,4295,0,4052,2049
4296,4296,0,4095,2049
4297,4297,0,4063,2049
4298,4298,0,3816,2049
4299,4299,0,3425,2049
4300,4300,0,2920,2050
4301,4301,0,2345,2049
4302,4302,0,1744,2049
4303,4303,0,1169,2049
4304,4304,0,664,2049
4305,4305,0,274,2049
4306,4306,0,28,2049
4307,4307,0,0,2049
4308,4308,0,40,2050
4309,4309,0,296,2049
4310,4310,0,696,2049
4311,4311,0,1206,2049
4312,4312,0,1785,2049
4313,4313,0,2385,2050
4314,4314,0,2958,2049
4315,4315,0,3456,2049
4316,4316,0,3838,2050
4317,4317,0,4074,2049
4318,4318,0,4095,2049
4319,4319,0,4040,2049
4320,4320,0,3774,2049
4321,4321,0,3366,2050
4322,4322,0,2850,2049
4323,4323,0,2268,2049
4324,4324,0,1668,2049
4325,4325,0,1098,2050
4326,4326,0,607,2049
4327,4327,0,234,2049
4328,4328,0,9,2049
4329,4329,0,0,2049
4330,4330,0,64,2049
4331,4331,0,339,2049
4332,4332,0,755,2049
4333,4333,0,1277,2048
4334,4334,0,1861,2049
4335,4335,0,2461,2049
4336,4336,0,3027,2050
4337,4337,0,3512,2049
4338,4338,0,3877,2050
4339,4339,0,4092,2049
4340,4340,0,4095,2049
4341,4341,0,4014,2049
4342,4342,0,3729,2049
4343,4343,0,3306,2049
4344,4344,0,2778,2049
4345,4345,0,2191,2050
4346,4346,0,1593,2049
4347,4347,0,1031,2049
4348,4348,0,552,2049
4349,4349,0,196,2049
4350,4350,0,0,2049
4351,4351,0,0,2049
4352,4352,0,90,2049
4353,4353,0,385,2049
4354,4354,0,818,2049
4355,4355,0,1349,2049
4356,4356,0,1938,2049
4357,4357,0,2536,2049
4358,4358,0,3095,2049
4359,4359,0,3566,2049
4360,4360,0,3914,2049
4361,4361,0,4095,2049
4362,4362,0,4095,2049
4363,4363,0,3987,2049
4364,4364,0,3683,2049
4365,4365,0,3243,2049
4366,4366,0,2706,2049
4367,4367,0,2115,2049
4368,4368,0,1518,2049
4369,4369,0,964,2049
4370,4370,0,500,2050
4371,4371,0,161,2049
4372,4372,0,0,2049
4373,4373,0,0,2049
4374,4374,0,119,2049
4375,4375,0,433,2049
4376,4376,0,880,2049
4377,4377,0,1421,2049
4378,4378,0,2015,2049
4379,4379,0,2610,2049
4380,4380,0,3159,2049
4381,4381,0,3618,2049
4382,4382,0,3947,2050
4383,4383,0,4095,2049
4384,4384,0,4095,2049
4385,4385,0,3957,2050
4386,4386,0,3633,2049
4387,4387,0,3179,2049
4388,4388,0,2633,2049
4389,4389,0,2038,2049
4390,4390,0,1444,2049
4391,4391,0,899,2050
4392,4392,0,448,2049
4393,4393,0,128,2049
4394,4394,0,0,2049
4395,4395,0,0,2049
4396,4396,0,151,2049
4397,4397,0,484,2050
4398,4398,0,945,2049
4399,4399,0,1495,2049
4400,4400,0,2092,2049
4401,4401,0,2684,2049
4402,4402,0,3225,2049
4403,4403,0,3668,2049
4404,4404,0,3978,2049
4405,4405,0,4095,2049
4406,4406,0,4095,2049
4407,4407,0,3923,2049
4408,4408,0,3581,2049
4409,4409,0,3114,2049
4410,4410,0,2558,2049
4411,4411,0,1961,2050
4412,4412,0,1370,2049
4413,4413,0,835,2049
4414,4414,0,400,2050
4415,4415,0,98,2049
4416,4416,0,0,2049
4417,4417,0,0,2049
4418,4418,0,186,2049
4419,4419,0,536,2049
4420,4420,0,1011,2049
4421,4421,0,1571,2049
4422,4422,0,2168,2049
4423,4423,0,2757,2049
4424,4424,0,3287,2049
4425,4425,0,3716,2049
4426,4426,0,4008,2049
4427,4427,0,4095,2050
4428,4428,0,4095,2048
4429,4429,0,3889,2050
4430,4430,0,3528,2049
4431,4431,0,3047,2049
4432,4432,0,2484,2049
4433,4433,0,1884,2049
4434,4434,0,1299,2049
4435,4435,0,773,2050
4436,4436,0,353,2048
4437,4437,0,71,2049
4438,4438,0,0,2049
4439,4439,0,3,2050
4440,4440,0,222,2050
4441,4441,0,591,2049
4442,4442,0,1078,2049
4443,4443,0,1645,2049
4444,4444,0,2245,2049
4445,4445,0,2829,2049
4446,4446,0,3348,2049
4447,4447,0,3761,2050
4448,4448,0,4033,2049
4449,4449,0,4095,2049
4450,4450,0,4080,2050
4451,4451,0,3850,2049
4452,4452,0,3473,2049
4453,4453,0,2978,2049
4454,4454,0,2408,2050
4455,4455,0,1807,2049
4456,4456,0,1227,2050
4457,4457,0,714,2049
4458,4458,0,309,2049
4459,4459,0,47,2049
4460,4460,0,0,2049
4461,4461,0,22,2048
4462,4462,0,261,2050
4463,4463,0,647,2049
4464,4464,0,1148,2049
4465,4465,0,1722,2050
4466,4466,0,2321,2048
4467,4467,0,2900,2049
4468,4468,0,3408,2050
4469,4469,0,3804,2049
4470,4470,0,4057,2049
4471,4471,0,4095,2048
4472,4472,0,4060,2049
4473,4473,0,3809,2049
4474,4474,0,3416,2049
4475,4475,0,2909,2049
4476,4476,0,2332,2049
4477,4477,0,1732,2049
4478,4478,0,1157,2049
4479,4479,0,654,2049
4480,4480,0,267,2049
4481,4481,0,24,2049
4482,4482,0,0,2049
4483,4483,0,43,2049
4484,4484,0,303,2049
4485,4485,0,705,2049
4486,4486,0,1218,2049
4487,4487,0,1798,2049
4488,4488,0,2398,2049
4489,4489,0,2970,2049
4490,4490,0,3466,2049
4491,4491,0,3845,2049
4492,4492,0,4077,2049
4493,4493,0,4095,2049
4494,4494,0,4035,2049
4495,4495,0,3766,2049
4496,4496,0,3357,2049
4497,4497,0,2838,2049
4498,4498,0,2256,2049
4499,4499,0,1655,2049
4500,4500,0,1087,2049
4501,4501,0,599,2049
4502,4502,0,226,2049
4503,4503,0,6,2049
4504,4504,0,0,2049
4505,4505,0,67,2049
4506,4506,0,346,2049
4507,4507,0,766,2049
4508,4508,0,1289,2049
4509,4509,0,1874,2049
4510,4510,0,2473,2049
4511,4511,0,3038,2049
4512,4512,0,3521,2049
4513,4513,0,3883,2050
4514,4514,0,4094,2049
4515,4515,0,4095,2049
4516,4516,0,4010,2049
4517,4517,0,3721,2049
4518,4518,0,3295,2049
4519,4519,0,2766,2050
4520,4520,0,2179,2049
4521,4521,0,1580,2050
4522,4522,0,1020,2049
4523,4523,0,544,2049
4524,4524,0,191,2049
4525,4525,0,0,2050
4526,4526,0,0,2049
4527,4527,0,95,2049
4528,4528,0,393,2049
4529,4529,0,827,2049
4530,4530,0,1361,2050
4531,4531,0,1951,2049
4532,4532,0,2548,2049
4533,4533,0,3105,2049
4534,4534,0,3575,2049
4535,4535,0,3919,2048
4536,4536,0,4095,2049
4537,4537,0,4095,2049
4538,4538,0,3982,2049
4539,4539,0,3675,2050
4540,4540,0,3232,2049
4541,4541,0,2694,2049
4542,4542,0,2102,2049
4543,4543,0,1506,2049
4544,4544,0,953,2049
4545,4545,0,491,2049
4546,4546,0,155,2049
4547,4547,0,0,2048
4548,4548,0,0,2049
4549,4549,0,125,2049
4550,4550,0,442,2049
4551,4551,0,891,2049
4552,4552,0,1433,2049
4553,4553,0,2028,2049
4554,4554,0,2623,2049
4555,4555,0,3170,2050
4556,4556,0,3626,2049
4557,4557,0,3952,2049
4558,4558,0,4095,2049
4559,4559,0,4095,2049
4560,4560,0,3951,2049
4561,4561,0,3623,2049
4562,4562,0,3168,2049
4563,4563,0,2619,2049
4564,4564,0,2026,2049
4565,4565,0,1432,2049
4566,4566,0,889,2049
4567,4567,0,441,2049
4568,4568,0,123,2049
4569,4569,0,0,2049
4570,4570,0,0,2049
4571,4571,0,156,2049
4572,4572,0,493,2049
4573,4573,0,956,2050
4574,4574,0,1508,2050
4575,4575,0,2104,2049
4576,4576,0,2697,2049
4577,4577,0,3235,2049
4578,4578,0,3675,2049
4579,4579,0,3984,2049
4580,4580,0,4095,2049
4581,4581,0,4095,2049
4582,4582,0,3918,2049
4583,4583,0,3572,2049
4584,4584,0,3102,2049
4585,4585,0,2545,2049
4586,4586,0,1948,2049
4587,4587,0,1359,2049
4588,4588,0,825,2049
4589,4589,0,392,2049
4590,4590,0,94,2048
4591,4591,0,0,2049
4592,4592,0,0,2050
4593,4593,0,191,2050
4594,4594,0,545,2049
4595,4595,0,1022,2049
4596,4596,0,1583,2049
4597,4597,0,2182,2050
4598,4598,0,2769,2049
4599,4599,0,3298,2049
4600,4600,0,3723,2048
4601,4601,0,4012,2049
4602,4602,0,4095,2049
4603,4603,0,4094,2049
4604,4604,0,3882,2049
4605,4605,0,3519,2049
4606,4606,0,3035,2049
4607,4607,0,2471,2049
4608,4608,0,1872,2049
4609,4609,0,1286,2049
4610,4610,0,763,2049
4611,4611,0,345,2050
4612,4612,0,67,2050
4613,4613,0,0,2049
4614,4614,0,6,2050
4615,4615,0,228,2049
4616,4616,0,600,2049
4617,4617,0,1090,2049
4618,4618,0,1657,2049
4619,4619,0,2258,2050
4620,4620,0,2841,2049
4621,4621,0,3359,2049
4622,4622,0,3768,2049
4623,4623,0,4037,2050
4624,4624,0,4095,2049
4625,4625,0,4077,2049
4626,4626,0,3843,2049
4627,4627,0,3463,2049
4628,4628,0,2966,2049
4629,4629,0,2395,2050
4630,4630,0,1795,2049
4631,4631,0,1215,2049
4632,4632,0,704,2049
4633,4633,0,302,2049
4634,4634,0,42,2049
4635,4635,0,0,2049
4636,4636,0,26,2049
4637,4637,0,267,2050
4638,4638,0,656,2049
4639,4639,0,1159,2049
4640,4640,0,1734,2049
4641,4641,0,2334,2050
4642,4642,0,2911,2049
4643,4643,0,3417,2050
4644,4644,0,3811,2050
4645,4645,0,4061,2049
4646,4646,0,4095,2050
4647,4647,0,4055,2049
4648,4648,0,3803,2049
4649,4649,0,3405,2049
4650,4650,0,2897,2049
4651,4651,0,2319,2049
4652,4652,0,1718,2049
4653,4653,0,1145,2049
4654,4654,0,645,2049
4655,4655,0,260,2049
4656,4656,0,22,2049
4657,4657,0,0,2050
4658,4658,0,48,2049
4659,4659,0,311,2049
4660,4660,0,715,2049
4661,4661,0,1229,2049
4662,4662,0,1810,2049
4663,4663,0,2410,2049
4664,4664,0,2981,2049
4665,4665,0,3475,2049
4666,4666,0,3852,2049
4667,4667,0,4080,2049
4668,4668,0,4095,2050
4669,4669,0,4032,2049
4670,4670,0,3760,2049
4671,4671,0,3346,2050
4672,4672,0,2826,2050
4673,4673,0,2242,2049
4674,4674,0,1643,2049
4675,4675,0,1076,2049
4676,4676,0,588,2050
4677,4677,0,220,2049
4678,4678,0,3,2049
4679,4679,0,0,2049
4680,4680,0,72,2049
4681,4681,0,354,2049
4682,4682,0,775,2050
4683,4683,0,1301,2049
4684,4684,0,1886,2049
4685,4685,0,2486,2049
4686,4686,0,3049,2048
4687,4687,0,3531,2050
4688,4688,0,3889,2049
4689,4689,0,4095,2049
4690,4690,0,4095,2049
4691,4691,0,4006,2049
4692,4692,0,3714,2049
4693,4693,0,3285,2049
4694,4694,0,2754,2049
4695,4695,0,2166,2049
4696,4696,0,1567,2049
4697,4697,0,1009,2049
4698,4698,0,535,2048
4699,4699,0,184,2049
4700,4700,0,0,2049
4701,4701,0,0,2048
4702,4702,0,100,2049
4703,4703,0,402,2049
4704,4704,0,838,2049
4705,4705,0,1373,2049
4706,4706,0,1963,2049
4707,4707,0,2561,2049
4708,4708,0,3116,2050
4709,4709,0,3583,2049
4710,4710,0,3925,2049
4711,4711,0,4095,2049
4712,4712,0,4095,2049
4713,4713,0,3977,2049
4714,4714,0,3666,2049
4715,4715,0,3221,2049
4716,4716,0,2682,2050
4717,4717,0,2089,2050
4718,4718,0,1493,2049
4719,4719,0,942,2049
4720,4720,0,482,2049
4721,4721,0,150,2049
4722,4722,0,0,2049
4723,4723,0,0,2049
4724,4724,0,129,2049
4725,4725,0,450,2049
4726,4726,0,901,2050
4727,4727,0,1447,2049
4728,4728,0,2041,2049
4729,4729,0,2635,2049
4730,4730,0,3181,2049
4731,4731,0,3634,2049
4732,4732,0,3958,2049
4733,4733,0,4095,2049
4734,4734,0,4095,2050
4735,4735,0,3946,2049
4736,4736,0,3615,2049
4737,4737,0,3157,2049
4738,4738,0,2608,2049
4739,4739,0,2012,2049
4740,4740,0,1419,2049
4741,4741,0,878,2049
4742,4742,0,432,2049
4743,4743,0,119,2049
4744,4744,0,0,2049
4745,4745,0,0,2049
4746,4746,0,162,2050
4747,4747,0,501,2048
4748,4748,0,966,2049
4749,4749,0,1520,2049
4750,4750,0,2117,2049
4751,4751,0,2709,2049
4752,4752,0,3246,2050
4753,4753,0,3684,2050
4754,4754,0,3988,2049
4755,4755,0,4095,2049
4756,4756,0,4095,2050
4757,4757,0,3912,2049
4758,4758,0,3564,2049
4759,4759,0,3091,2049
4760,4760,0,2533,2049
4761,4761,0,1936,2049
4762,4762,0,1347,2050
4763,4763,0,815,2050
4764,4764,0,384,2049
4765,4765,0,90,2049
4766,4766,0,0,2049
4767,4767,0,0,2049
4768,4768,0,198,2049
4769,4769,0,555,2049
4770,4770,0,1033,2049
4771,4771,0,1595,2049
4772,4772,0,2195,2050
4773,4773,0,2782,2050
4774,4774,0,3308,2049
4775,4775,0,3731,2049
4776,4776,0,4017,2050
4777,4777,0,4095,2049
4778,4778,0,4092,2049
4779,4779,0,3875,2049
4780,4780,0,3510,2049
4781,4781,0,3024,2049
4782,4782,0,2458,2049
4783,4783,0,1859,2049
4784,4784,0,1275,2049
4785,4785,0,753,2049
4786,4786,0,339,2049
4787,4787,0,63,2049
4788,4788,0,0,2049
4789,4789,0,9,2049
4790,4790,0,235,2049
4791,4791,0,609,2049
4792,4792,0,1102,2049
4793,4793,0,1670,2049
4794,4794,0,2272,2049
4795,4795,0,2852,2049
4796,4796,0,3369,2049
4797,4797,0,3775,2049
4798,4798,0,4041,2050
4799,4799,0,4095,2049
4800,4800,0,4073,2049
4801,4801,0,3836,2049
4802,4802,0,3454,2049
4803,4803,0,2954,2049
4804,4804,0,2383,2049
4805,4805,0,1782,2049
4806,4806,0,1203,2049
4807,4807,0,693,2049
4808,4808,0,295,2049
4809,4809,0,39,2049
4810,4810,0,0,2049
4811,4811,0,29,2049
4812,4812,0,275,2049
4813,4813,0,666,2049
4814,4814,0,1170,2049
4815,4815,0,1746,2049
4816,4816,0,2347,2050
4817,4817,0,2923,2049
4818,4818,0,3426,2049
4819,4819,0,3819,2049
4820,4820,0,4063,2049
4821,4821,0,4095,2049
4822,4822,0,4052,2049
4823,4823,0,3796,2049
4824,4824,0,3396,2049
4825,4825,0,2886,2049
4826,4826,0,2307,2049
4827,4827,0,1706,2049
4828,4828,0,1133,2049
4829,4829,0,635,2049
4830,4830,0,254,2049
4831,4831,0,18,2049
4832,4832,0,0,2049
4833,4833,0,51,2049
4834,4834,0,317,2049
4835,4835,0,725,2049
4836,4836,0,1241,2050
4837,4837,0,1823,2049
4838,4838,0,2423,2049
4839,4839,0,2992,2049
4840,4840,0,3484,2049
4841,4841,0,3859,2049
4842,4842,0,4084,2049
4843,4843,0,4095,2049
4844,4844,0,4029,2049
4845,4845,0,3752,2049
4846,4846,0,3336,2050
4847,4847,0,2815,2049
4848,4848,0,2230,2049
4849,4849,0,1630,2049
4850,4850,0,1065,2049
4851,4851,0,580,2049
4852,4852,0,215,2049
4853,4853,0,0,2049
4854,4854,0,0,2049
4855,4855,0,77,2048
4856,4856,0,362,2049
4857,4857,0,785,2050
4858,4858,0,1313,2049
4859,4859,0,1900,2049
4860,4860,0,2499,2049
4861,4861,0,3060,2049
4862,4862,0,3539,2049
4863,4863,0,3896,2049
4864,4864,0,4095,2049
4865,4865,0,4095,2049
4866,4866,0,4002,2049
4867,4867,0,3706,2050
4868,4868,0,3274,2049
4869,4869,0,2742,2049
4870,4870,0,2153,2049
4871,4871,0,1555,2050
4872,4872,0,997,2049
4873,4873,0,525,2049
4874,4874,0,179,2048
4875,4875,0,0,2050
4876,4876,0,0,2049
4877,4877,0,104,2049
4878,4878,0,409,2049
4879,4879,0,848,2049
4880,4880,0,1386,2049
4881,4881,0,1976,2050
4882,4882,0,2573,2049
4883,4883,0,3126,2049
4884,4884,0,3592,2049
4885,4885,0,3930,2049
4886,4886,0,4095,2049
4887,4887,0,4095,2049
4888,4888,0,3972,2049
4889,4889,0,3658,2049
4890,4890,0,3212,2050
4891,4891,0,2670,2050
4892,4892,0,2076,2049
4893,4893,0,1481,2049
4894,4894,0,931,2049
4895,4895,0,474,2049
4896,4896,0,144,2048
4897,4897,0,0,2049
4898,4898,0,0,2049
4899,4899,0,135,2049
4900,4900,0,459,2049
4901,4901,0,912,2049
4902,4902,0,1459,2049
4903,4903,0,2054,2049
4904,4904,0,2647,2049
4905,4905,0,3192,2050
4906,4906,0,3643,2049
4907,4907,0,3963,2049
4908,4908,0,4095,2049
4909,4909,0,4095,2049
4910,4910,0,3940,2049
4911,4911,0,3607,2049
4912,4912,0,3147,2049
4913,4913,0,2595,2050
4914,4914,0,1999,2050
4915,4915,0,1408,2049
4916,4916,0,867,2049
4917,4917,0,425,2048
4918,4918,0,114,2049
4919,4919,0,0,2049
4920,4920,0,0,2049
4921,4921,0,167,2049
4922,4922,0,510,2049
4923,4923,0,978,2049
4924,4924,0,1533,2049
4925,4925,0,2131,2049
4926,4926,0,2721,2049
4927,4927,0,3256,2050
4928,4928,0,3692,2049
4929,4929,0,3994,2049
4930,4930,0,4095,2049
4931,4931,0,4095,2049
4932,4932,0,3906,2050
4933,4933,0,3555,2049
4934,4934,0,3080,2049
4935,4935,0,2521,2049
4936,4936,0,1923,2049
4937,4937,0,1334,2049
4938,4938,0,804,2049
4939,4939,0,376,2049
4940,4940,0,85,2049
4941,4941,0,0,2049
4942,4942,0,0,2049
4943,4943,0,203,2049
4944,4944,0,564,2049
4945,4945,0,1045,2049
4946,4946,0,1608,2049
4947,4947,0,2207,2049
4948,4948,0,2793,2049
4949,4949,0,3318,2049
4950,4950,0,3739,2049
4951,4951,0,4020,2049
4952,4952,0,4095,2049
4953,4953,0,4088,2050
4954,4954,0,3869,2049
4955,4955,0,3500,2049
4956,4956,0,3013,2048
4957,4957,0,2446,2048
4958,4958,0,1846,2049
4959,4959,0,1263,2049
4960,4960,0,743,2049
4961,4961,0,331,2049
4962,4962,0,59,2049
4963,4963,0,0,2049
4964,4964,0,12,2049
4965,4965,0,242,2049
4966,4966,0,618,2049
4967,4967,0,1113,2049
4968,4968,0,1683,2050
4969,4969,0,2284,2050
4970,4970,0,2865,2049
4971,4971,0,3378,2049
4972,4972,0,3783,2050
4973,4973,0,4046,2050
4974,4974,0,4095,2049
4975,4975,0,4070,2049
4976,4976,0,3830,2049
4977,4977,0,3444,2049
4978,4978,0,2943,2050
4979,4979,0,2370,2050
4980,4980,0,1768,2049
4981,4981,0,1192,2049
4982,4982,0,684,2049
4983,4983,0,287,2049
4984,4984,0,35,2049
4985,4985,0,0,2049
4986,4986,0,33,2050
4987,4987,0,282,2050
4988,4988,0,676,2049
4989,4989,0,1183,2049
4990,4990,0,1760,2049
4991,4991,0,2360,2049
4992,4992,0,2935,2049
4993,4993,0,3437,2050
4994,4994,0,3825,2049
4995,4995,0,4067,2049
4996,4996,0,4095,2049
4997,4997,0,4048,2049
4998,4998,0,3788,2049
4999,4999,0,3386,2049
5000,5000,0,2873,2049
5001,5001,0,2294,2049
5002,5002,0,1693,2049
5003,5003,0,1122,2049
5004,5004,0,626,2049
5005,5005,0,247,2048
5006,5006,0,15,2049
5007,5007,0,0,2049
5008,5008,0,55,2050
5009,5009,0,324,2049
5010,5010,0,735,2050
5011,5011,0,1253,2050
5012,5012,0,1836,2049
5013,5013,0,2436,2049
5014,5014,0,3004,2049
5015,5015,0,3493,2049
5016,5016,0,3865,2049
5017,5017,0,4087,2049
5018,5018,0,4095,2048
5019,5019,0,4024,2050
5020,5020,0,3745,2049
5021,5021,0,3326,2049
5022,5022,0,2803,2049
5023,5023,0,2218,2049
5024,5024,0,1618,2049
5025,5025,0,1054,2049
5026,5026,0,571,2049
5027,5027,0,209,2049
5028,5028,0,0,2050
5029,5029,0,0,2049
5030,5030,0,81,2049
5031,5031,0,370,2049
5032,5032,0,796,2049
5033,5033,0,1324,2049
5034,5034,0,1913,2049
5035,5035,0,2511,2049
5036,5036,0,3072,2049
5037,5037,0,3548,2049
5038,5038,0,3902,2050
5039,5039,0,4095,2049
5040,5040,0,4095,2049
5041,5041,0,3996,2049
5042,5042,0,3698,2049
5043,5043,0,3263,2049
5044,5044,0,2730,2048
5045,5045,0,2140,2049
5046,5046,0,1543,2049
5047,5047,0,986,2049
5048,5048,0,517,2049
5049,5049,0,172,2049
5050,5050,0,0,2049
5051,5051,0,0,2049
5052,5052,0,109,2049
5053,5053,0,418,2050
5054,5054,0,859,2049
5055,5055,0,1397,2049
5056,5056,0,1990,2049
5057,5057,0,2587,2049
5058,5058,0,3137,2050
5059,5059,0,3600,2049
5060,5060,0,3935,2049
5061,5061,0,4095,2049
5062,5062,0,4095,2049
5063,5063,0,3967,2049
5064,5064,0,3649,2049
5065,5065,0,3200,2049
5066,5066,0,2657,2049
5067,5067,0,2064,2049
5068,5068,0,1468,2049
5069,5069,0,921,2049
5070,5070,0,465,2049
5071,5071,0,139,2049
5072,5072,0,0,2049
5073,5073,0,0,2049
5074,5074,0,140,2049
5075,5075,0,467,2050
5076,5076,0,923,2050
5077,5077,0,1471,2049
5078,5078,0,2066,2049
5079,5079,0,2660,2049
5080,5080,0,3203,2050
5081,5081,0,3651,2049
5082,5082,0,3968,2049
5083,5083,0,4095,2049
5084,5084,0,4095,2049
5085,5085,0,3935,2050
5086,5086,0,3598,2049
5087,5087,0,3135,2049
5088,5088,0,2583,2050
5089,5089,0,1987,2049
5090,5090,0,1395,2049
5091,5091,0,857,2049
5092,5092,0,416,2049
5093,5093,0,109,2049
5094,5094,0,0,2050
5095,5095,0,0,2049
5096,5096,0,174,2049
5097,5097,0,519,2048
5098,5098,0,989,2049
5099,5099,0,1545,2049
5100,5100,0,2143,2049
5101,5101,0,2733,2049
5102,5102,0,3267,2049
5103,5103,0,3700,2049
5104,5104,0,3998,2049
5105,5105,0,4095,2050
5106,5106,0,4095,2050
5107,5107,0,3900,2049
5108,5108,0,3546,2049
5109,5109,0,3069,2049
5110,5110,0,2508,2048
5111,5111,0,1910,2049
5112,5112,0,1322,2049
5113,5113,0,794,2049
5114,5114,0,369,2049
5115,5115,0,81,2049
5116,5116,0,0,2049
5117,5117,0,0,2049
5118,5118,0,210,2049
5119,5119,0,572,2049
5120,5120,0,1056,2049
5121,5121,0,1620,2049
5122,5122,0,2221,2049
5123,5123,0,2805,2049
5124,5124,0,3329,2049
5125,5125,0,3747,2050
5126,5126,0,4024,2049
5127,5127,0,4095,2049
5128,5128,0,4086,2050
5129,5129,0,3862,2049
5130,5130,0,3491,2049
5131,5131,0,3001,2049
5132,5132,0,2433,2049
5133,5133,0,1833,2049
5134,5134,0,1250,2049
5135,5135,0,733,2049
5136,5136,0,323,2050
5137,5137,0,54,2050
5138,5138,0,0,2050
5139,5139,0,15,2050
5140,5140,0,248,2049
5141,5141,0,628,2050
5142,5142,0,1125,2049
5143,5143,0,1696,2049
5144,5144,0,2297,2049
5145,5145,0,2876,2049
5146,5146,0,3388,2050
5147,5147,0,3790,2049
5148,5148,0,4049,2049
5149,5149,0,4095,2050
5150,5150,0,4067,2049
5151,5151,0,3823,2049
5152,5152,0,3434,2049
5153,5153,0,2932,2049
5154,5154,0,2357,2049
5155,5155,0,1756,2049
5156,5156,0,1180,2049
5157,5157,0,674,2049
5158,5158,0,281,2049
5159,5159,0,32,2050
5160,5160,0,0,2049
5161,5161,0,36,2049
5162,5162,0,289,2049
5163,5163,0,686,2050
5164,5164,0,1194,2049
5165,5165,0,1772,2050
5166,5166,0,2373,2049
5167,5167,0,2947,2049
5168,5168,0,3446,2049
5169,5169,0,3832,2049
5170,5170,0,4071,2049
5171,5171,0,4095,2049
5172,5172,0,4044,2049
5173,5173,0,3781,2049
5174,5174,0,3375,2049
5175,5175,0,2862,2049
5176,5176,0,2281,2049
5177,5177,0,1681,2049
5178,5178,0,1111,2049
5179,5179,0,617,2049
5180,5180,0,240,2049
5181,5181,0,12,2050
5182,5182,0,0,2049
5183,5183,0,60,2049
5184,5184,0,332,2049
5185,5185,0,745,2049
5186,5186,0,1265,2049
5187,5187,0,1848,2050
5188,5188,0,2449,2049
5189,5189,0,3015,2049
5190,5190,0,3503,2049
5191,5191,0,3871,2049
5192,5192,0,4089,2049
5193,5193,0,4095,2049
5194,5194,0,4020,2049
5195,5195,0,3736,2050
5196,5196,0,3316,2050
5197,5197,0,2791,2049
5198,5198,0,2204,2049
5199,5199,0,1605,2050
5200,5200,0,1042,2049
5201,5201,0,561,2049
5202,5202,0,203,2049
5203,5203,0,0,2049
5204,5204,0,0,2049
5205,5205,0,85,2049
5206,5206,0,377,2049
5207,5207,0,806,2049
5208,5208,0,1337,2050
5209,5209,0,1925,2048
5210,5210,0,2524,2050
5211,5211,0,3083,2049
5212,5212,0,3558,2048
5213,5213,0,3908,2049
5214,5214,0,4095,2049
5215,5215,0,4095,2049
5216,5216,0,3992,2050
5217,5217,0,3689,2049
5218,5218,0,3253,2049
5219,5219,0,2718,2050
5220,5220,0,2128,2050
5221,5221,0,1531,2049
5222,5222,0,976,2049
5223,5223,0,508,2049
5224,5224,0,167,2049
5225,5225,0,0,2049
5226,5226,0,0,2049
5227,5227,0,114,2049
5228,5228,0,425,2049
5229,5229,0,870,2048
5230,5230,0,1410,2049
5231,5231,0,2002,2049
5232,5232,0,2598,2049
5233,5233,0,3149,2049
5234,5234,0,3609,2049
5235,5235,0,3942,2049
5236,5236,0,4095,2049
5237,5237,0,4095,2050
5238,5238,0,3962,2048
5239,5239,0,3641,2049
5240,5240,0,3190,2050
5241,5241,0,2645,2049
5242,5242,0,2050,2050
5243,5243,0,1456,2049
5244,5244,0,910,2049
5245,5245,0,457,2049
5246,5246,0,134,2049
5247,5247,0,0,2049
5248,5248,0,0,2049
5249,5249,0,145,2049
5250,5250,0,476,2049
5251,5251,0,934,2049
5252,5252,0,1484,2050
5253,5253,0,2079,2050
5254,5254,0,2672,2049
5255,5255,0,3214,2049
5256,5256,0,3659,2049
5257,5257,0,3973,2049
5258,5258,0,4095,2050
5259,5259,0,4095,2049
5260,5260,0,3929,2049
5261,5261,0,3590,2049
5262,5262,0,3124,2050
5263,5263,0,2570,2049
5264,5264,0,1973,2049
5265,5265,0,1382,2050
5266,5266,0,846,2049
5267,5267,0,408,2049
5268,5268,0,104,2049
5269,5269,0,0,2049
5270,5270,0,0,2049
5271,5271,0,179,2049
5272,5272,0,527,2050
5273,5273,0,1000,2050
5274,5274,0,1557,2049
5275,5275,0,2156,2050
5276,5276,0,2745,2049
5277,5277,0,3276,2049
5278,5278,0,3708,2049
5279,5279,0,4003,2049
5280,5280,0,4095,2049
5281,5281,0,4095,2050
5282,5282,0,3894,2050
5283,5283,0,3537,2049
5284,5284,0,3058,2049
5285,5285,0,2496,2049
5286,5286,0,1896,2049
5287,5287,0,1311,2049
5288,5288,0,784,2049
5289,5289,0,361,2050
5290,5290,0,76,2049
5291,5291,0,0,2049
5292,5292,0,0,2050
5293,5293,0,216,2050
5294,5294,0,582,2049
5295,5295,0,1067,2049
5296,5296,0,1633,2049
5297,5297,0,2233,2049
5298,5298,0,2817,2049
5299,5299,0,3338,2048
5300,5300,0,3753,2049
5301,5301,0,4030,2050
5302,5302,0,4095,2049
5303,5303,0,4082,2049
5304,5304,0,3856,2049
5305,5305,0,3481,2050
5306,5306,0,2990,2049
5307,5307,0,2420,2049
5308,5308,0,1820,2049
5309,5309,0,1239,2049
5310,5310,0,723,2049
5311,5311,0,317,2049
5312,5312,0,50,2049
5313,5313,0,0,2049
5314,5314,0,19,2050
5315,5315,0,255,2049
5316,5316,0,638,2049
5317,5317,0,1136,2049
5318,5318,0,1709,2049
5319,5319,0,2310,2049
5320,5320,0,2889,2049
5321,5321,0,3398,2049
5322,5322,0,3797,2049
5323,5323,0,4053,2049
5324,5324,0,4095,2048
5325,5325,0,4062,2049
5326,5326,0,3816,2049
5327,5327,0,3425,2049
5328,5328,0,2920,2049
5329,5329,0,2344,2049
5330,5330,0,1744,2049
5331,5331,0,1168,2049
5332,5332,0,664,2049
5333,5333,0,274,2049
5334,5334,0,28,2049
5335,5335,0,0,2049
5336,5336,0,39,2049
5337,5337,0,296,2050
5338,5338,0,696,2049
5339,5339,0,1206,2049
5340,5340,0,1786,2049
5341,5341,0,2386,2049
5342,5342,0,2958,2049
5343,5343,0,3456,2049
5344,5344,0,3838,2049
5345,5345,0,4074,2050
5346,5346,0,4095,2049
5347,5347,0,4040,2049
5348,5348,0,3774,2049
5349,5349,0,3366,2049
5350,5350,0,2850,2049
5351,5351,0,2268,2049
5352,5352,0,1668,2050
5353,5353,0,1099,2049
5354,5354,0,607,2050
5355,5355,0,233,2050
5356,5356,0,8,2049
5357,5357,0,0,2050
5358,5358,0,62,2049
5359,5359,0,339,2050
5360,5360,0,755,2048
5361,5361,0,1277,2049
5362,5362,0,1861,2049
5363,5363,0,2461,2049
5364,5364,0,3026,2050
5365,5365,0,3511,2049
5366,5366,0,3877,2049
5367,5367,0,4092,2049
5368,5368,0,4095,2050
5369,5369,0,4015,2049
5370,5370,0,3729,2049
5371,5371,0,3305,2050
5372,5372,0,2778,2049
5373,5373,0,2191,2049
5374,5374,0,1593,2050
5375,5375,0,1030,2049
5376,5376,0,552,2050
5377,5377,0,196,2049
5378,5378,0,0,2049
5379,5379,0,0,2049
5380,5380,0,90,2049
5381,5381,0,385,2049
5382,5382,0,818,2049
5383,5383,0,1349,2049
5384,5384,0,1938,2050
5385,5385,0,2537,2049
5386,5386,0,3093,2049
5387,5387,0,3567,2049
5388,5388,0,3913,2049
5389,5389,0,4095,2050
5390,5390,0,4095,2049
5391,5391,0,3987,2049
5392,5392,0,3682,2049
5393,5393,0,3242,2050
5394,5394,0,2705,2049
5395,5395,0,2114,2049
5396,5396,0,1518,2049
5397,5397,0,965,2049
5398,5398,0,499,2049
5399,5399,0,161,2049
5400,5400,0,0,2049
5401,5401,0,0,2049
5402,5402,0,119,2049
5403,5403,0,434,2050
5404,5404,0,880,2049
5405,5405,0,1422,2049
5406,5406,0,2015,2049
5407,5407,0,2611,2049
5408,5408,0,3159,2049
5409,5409,0,3618,2050
5410,5410,0,3947,2049
5411,5411,0,4095,2049
5412,5412,0,4095,2050
5413,5413,0,3956,2049
5414,5414,0,3633,2049
5415,5415,0,3179,2050
5416,5416,0,2632,2049
5417,5417,0,2038,2049
5418,5418,0,1444,2050
5419,5419,0,899,2049
5420,5420,0,448,2049
5421,5421,0,129,2049
5422,5422,0,0,2050
5423,5423,0,0,2049
5424,5424,0,150,2049
5425,5425,0,485,2049
5426,5426,0,945,2048
5427,5427,0,1496,2049
5428,5428,0,2092,2049
5429,5429,0,2684,2049
5430,5430,0,3224,2049
5431,5431,0,3668,2050
5432,5432,0,3979,2049
5433,5433,0,4095,2049
5434,5434,0,4095,2049
5435,5435,0,3923,2049
5436,5436,0,3581,2050
5437,5437,0,3113,2049
5438,5438,0,2558,2049
5439,5439,0,1960,2048
5440,5440,0,1370,2049
5441,5441,0,835,2048
5442,5442,0,399,2049
5443,5443,0,99,2049
5444,5444,0,0,2049
5445,5445,0,0,2050
5446,5446,0,186,2048
5447,5447,0,537,2049
5448,5448,0,1011,2049
5449,5449,0,1570,2049
5450,5450,0,2169,2049
5451,5451,0,2757,2049
5452,5452,0,3288,2050
5453,5453,0,3716,2049
5454,5454,0,4007,2049
5455,5455,0,4095,2050
5456,5456,0,4095,2049
5457,5457,0,3888,2050
5458,5458,0,3527,2049
5459,5459,0,3046,2050
5460,5460,0,2482,2050
5461,5461,0,1884,2049
5462,5462,0,1298,2049
5463,5463,0,774,2049
5464,5464,0,353,2049
5465,5465,0,71,2049
5466,5466,0,0,2050
5467,5467,0,3,2049
5468,5468,0,222,2049
5469,5469,0,591,2050
5470,5470,0,1079,2049
5471,5471,0,1646,2049
5472,5472,0,2246,2049
5473,5473,0,2829,2050
5474,5474,0,3349,2049
5475,5475,0,3762,2049
5476,5476,0,4033,2050
5477,5477,0,4095,2049
5478,5478,0,4080,2049
5479,5479,0,3849,2049
5480,5480,0,3472,2050
5481,5481,0,2978,2049
5482,5482,0,2407,2049
5483,5483,0,1807,2049
5484,5484,0,1226,2050
5485,5485,0,713,2049
5486,5486,0,309,2049
5487,5487,0,47,2049
5488,5488,0,0,2049
5489,5489,0,22,2049
5490,5490,0,262,2050
5491,5491,0,647,2049
5492,5492,0,1147,2049
5493,5493,0,1721,2049
5494,5494,0,2322,2049
5495,5495,0,2900,2049
5496,5496,0,3408,2049
5497,5497,0,3804,2050
5498,5498,0,4056,2049
5499,5499,0,4095,2049
5500,5500,0,4059,2049
5501,5501,0,3809,2049
5502,5502,0,3415,2049
5503,5503,0,2909,2049
5504,5504,0,2332,2049
5505,5505,0,1731,2049
5506,5506,0,1156,2049
5507,5507,0,655,2050
5508,5508,0,267,2049
5509,5509,0,25,2049
5510,5510,0,0,2049
5511,5511,0,44,2049
5512,5512,0,304,2049
5513,5513,0,705,2050
5514,5514,0,1218,2049
5515,5515,0,1798,2049
5516,5516,0,2398,2049
5517,5517,0,2970,2048
5518,5518,0,3466,2049
5519,5519,0,3845,2049
5520,5520,0,4077,2049
5521,5521,0,4095,2049
5522,5522,0,4036,2049
5523,5523,0,3767,2049
5524,5524,0,3356,2049
5525,5525,0,2838,2049
5526,5526,0,2256,2049
5527,5527,0,1655,2049
5528,5528,0,1088,2049
5529,5529,0,598,2049
5530,5530,0,227,2049
5531,5531,0,6,2049
5532,5532,0,0,2049
5533,5533,0,68,2049
5534,5534,0,347,2049
5535,5535,0,765,2049
5536,5536,0,1289,2049
5537,5537,0,1874,2049
5538,5538,0,2474,2049
5539,5539,0,3038,2050
5540,5540,0,3521,2049
5541,5541,0,3883,2049
5542,5542,0,4095,2049
5543,5543,0,4095,2049
5544,5544,0,4010,2049
5545,5545,0,3721,2049
5546,5546,0,3295,2049
5547,5547,0,2766,2050
5548,5548,0,2179,2048
5549,5549,0,1580,2049
5550,5550,0,1019,2049
5551,5551,0,543,2049
5552,5552,0,190,2049
5553,5553,0,0,2049
5554,5554,0,0,2049
5555,5555,0,94,2049
5556,5556,0,393,2049
5557,5557,0,828,2050
5558,5558,0,1361,2049
5559,5559,0,1951,2048
5560,5560,0,2549,2049
5561,5561,0,3105,2049
5562,5562,0,3574,2049
5563,5563,0,3920,2048
5564,5564,0,4095,2049
5565,5565,0,4095,2049
5566,5566,0,3982,2049
5567,5567,0,3673,2049
5568,5568,0,3232,2049
5569,5569,0,2693,2049
5570,5570,0,2102,2049
5571,5571,0,1504,2049
5572,5572,0,954,2049
5573,5573,0,491,2050
5574,5574,0,155,2050
5575,5575,0,0,2050
5576,5576,0,0,2049
5577,5577,0,124,2049
5578,5578,0,442,2049
5579,5579,0,891,2049
5580,5580,0,1434,2049
5581,5581,0,2028,2050
5582,5582,0,2623,2049
5583,5583,0,3171,2049
5584,5584,0,3627,2049
5585,5585,0,3953,2049
5586,5586,0,4095,2049
5587,5587,0,4095,2049
5588,5588,0,3952,2049
5589,5589,0,3624,2049
5590,5590,0,3167,2049
5591,5591,0,2619,2049
5592,5592,0,2025,2049
5593,5593,0,1432,2050
5594,5594,0,888,2049
5595,5595,0,439,2049
5596,5596,0,123,2049
5597,5597,0,0,2049
5598,5598,0,0,2049
5599,5599,0,156,2049
5600,5600,0,493,2049
5601,5601,0,956,2049
5602,5602,0,1509,2049
5603,5603,0,2105,2049
5604,5604,0,2696,2049
5605,5605,0,3235,2049
5606,5606,0,3676,2049
5607,5607,0,3984,2049
5608,5608,0,4095,2049
5609,5609,0,4095,2049
5610,5610,0,3918,2050
5611,5611,0,3573,2049
5612,5612,0,3102,2050
5613,5613,0,2546,2048
5614,5614,0,1948,2049
5615,5615,0,1359,2049
5616,5616,0,824,2049
5617,5617,0,391,2049
5618,5618,0,95,2049
5619,5619,0,0,2049
5620,5620,0,0,2049
5621,5621,0,191,2049
5622,5622,0,546,2050
5623,5623,0,1023,2049
5624,5624,0,1583,2049
5625,5625,0,2182,2049
5626,5626,0,2769,2049
5627,5627,0,3298,2049
5628,5628,0,3723,2049
5629,5629,0,4012,2049
5630,5630,0,4095,2049
5631,5631,0,4094,2049
5632,5632,0,3881,2050
5633,5633,0,3519,2048
5634,5634,0,3035,2050
5635,5635,0,2471,2050
5636,5636,0,1871,2050
5637,5637,0,1286,2049
5638,5638,0,764,2048
5639,5639,0,345,2049
5640,5640,0,67,2049
5641,5641,0,0,2049
5642,5642,0,6,2049
5643,5643,0,229,2049
5644,5644,0,600,2049
5645,5645,0,1089,2049
5646,5646,0,1658,2049
5647,5647,0,2258,2049
5648,5648,0,2842,2049
5649,5649,0,3359,2050
5650,5650,0,3769,2049
5651,5651,0,4038,2049
5652,5652,0,4095,2049
5653,5653,0,4076,2049
5654,5654,0,3843,2048
5655,5655,0,3463,2049
5656,5656,0,2967,2050
5657,5657,0,2395,2050
5658,5658,0,1795,2049
5659,5659,0,1214,2049
5660,5660,0,703,2049
5661,5661,0,301,2049
5662,5662,0,42,2049
5663,5663,0,0,2049
5664,5664,0,26,2049
5665,5665,0,268,2049
5666,5666,0,657,2049
5667,5667,0,1160,2050
5668,5668,0,1734,2048
5669,5669,0,2335,2049
5670,5670,0,2911,2049
5671,5671,0,3418,2048
5672,5672,0,3811,2049
5673,5673,0,4060,2049
5674,5674,0,4095,2049
5675,5675,0,4056,2049
5676,5676,0,3803,2049
5677,5677,0,3405,2049
5678,5678,0,2896,2049
5679,5679,0,2318,2049
5680,5680,0,1719,2049
5681,5681,0,1145,2049
5682,5682,0,644,2049
5683,5683,0,260,2049
5684,5684,0,21,2050
5685,5685,0,0,2049
5686,5686,0,47,2049
5687,5687,0,311,2050
5688,5688,0,716,2049
5689,5689,0,1230,2049
5690,5690,0,1811,2050
5691,5691,0,2411,2049
5692,5692,0,2981,2049
5693,5693,0,3475,2049
5694,5694,0,3852,2050
5695,5695,0,4081,2049
5696,5696,0,4095,2050
5697,5697,0,4032,2049
5698,5698,0,3759,2049
5699,5699,0,3346,2050
5700,5700,0,2826,2050
5701,5701,0,2243,2049
5702,5702,0,1643,2050
5703,5703,0,1076,2049
5704,5704,0,589,2049
5705,5705,0,221,2049
5706,5706,0,3,2049
5707,5707,0,0,2049
5708,5708,0,72,2049
5709,5709,0,355,2049
5710,5710,0,776,2049
5711,5711,0,1301,2049
5712,5712,0,1887,2049
5713,5713,0,2486,2049
5714,5714,0,3049,2049
5715,5715,0,3530,2049
5716,5716,0,3890,2049
5717,5717,0,4095,2049
5718,5718,0,4095,2049
5719,5719,0,4006,2050
5720,5720,0,3714,2050
5721,5721,0,3285,2049
5722,5722,0,2754,2049
5723,5723,0,2166,2049
5724,5724,0,1567,2049
5725,5725,0,1009,2049
5726,5726,0,534,2049
5727,5727,0,184,2050
5728,5728,0,0,2049
5729,5729,0,0,2049
5730,5730,0,100,2050
5731,5731,0,401,2049
5732,5732,0,838,2049
5733,5733,0,1373,2049
5734,5734,0,1964,2048
5735,5735,0,2562,2049
5736,5736,0,3117,2049
5737,5737,0,3583,2050
5738,5738,0,3925,2050
5739,5739,0,4095,2049
5740,5740,0,4095,2049
5741,5741,0,3977,2049
5742,5742,0,3665,2050
5743,5743,0,3222,2049
5744,5744,0,2682,2050
5745,5745,0,2089,2049
5746,5746,0,1493,2050
5747,5747,0,943,2049
5748,5748,0,482,2049
5749,5749,0,151,2050
5750,5750,0,0,2049
5751,5751,0,0,2050
5752,5752,0,130,2049
5753,5753,0,450,2049
5754,5754,0,901,2049
5755,5755,0,1446,2048
5756,5756,0,2041,2049
5757,5757,0,2635,2050
5758,5758,0,3182,2049
5759,5759,0,3635,2049
5760,5760,0,3958,2050
5761,5761,0,4095,2049
5762,5762,0,4095,2050
5763,5763,0,3946,2049
5764,5764,0,3616,2049
5765,5765,0,3157,2049
5766,5766,0,2608,2049
5767,5767,0,2013,2049
5768,5768,0,1419,2050
5769,5769,0,878,2049
5770,5770,0,432,2049
5771,5771,0,118,2049
5772,5772,0,0,2049
5773,5773,0,0,2049
5774,5774,0,162,2049
5775,5775,0,502,2049
5776,5776,0,967,2049
5777,5777,0,1521,2049
5778,5778,0,2118,2049
5779,5779,0,2709,2049
5780,5780,0,3245,2049
5781,5781,0,3684,2050
5782,5782,0,3988,2049
5783,5783,0,4095,2049
5784,5784,0,4095,2048
5785,5785,0,3911,2049
5786,5786,0,3563,2049
5787,5787,0,3091,2049
5788,5788,0,2533,2049
5789,5789,0,1935,2049
5790,5790,0,1346,2049
5791,5791,0,814,2049
5792,5792,0,384,2049
5793,5793,0,89,2050
5794,5794,0,0,2049
5795,5795,0,0,2050
5796,5796,0,197,2049
5797,5797,0,554,2049
5798,5798,0,1033,2049
5799,5799,0,1596,2049
5800,5800,0,2195,2049
5801,5801,0,2781,2050
5802,5802,0,3308,2049
5803,5803,0,3731,2050
5804,5804,0,4016,2049
5805,5805,0,4095,2049
5806,5806,0,4092,2049
5807,5807,0,3875,2049
5808,5808,0,3509,2049
5809,5809,0,3023,2049
5810,5810,0,2459,2049
5811,5811,0,1859,2049
5812,5812,0,1274,2049
5813,5813,0,753,2048
5814,5814,0,338,2049
5815,5815,0,63,2049
5816,5816,0,0,2049
5817,5817,0,9,2049
5818,5818,0,235,2048
5819,5819,0,610,2049
5820,5820,0,1102,2049
5821,5821,0,1670,2049
5822,5822,0,2272,2049
5823,5823,0,2853,2049
5824,5824,0,3369,2049
5825,5825,0,3776,2049
5826,5826,0,4042,2049
5827,5827,0,4095,2049
5828,5828,0,4073,2049
5829,5829,0,3837,2049
5830,5830,0,3453,2049
5831,5831,0,2954,2050
5832,5832,0,2382,2049
5833,5833,0,1783,2050
5834,5834,0,1203,2049
5835,5835,0,693,2049
5836,5836,0,295,2049
5837,5837,0,39,2049
5838,5838,0,0,2048
5839,5839,0,29,2049
5840,5840,0,275,2049
5841,5841,0,666,2050
5842,5842,0,1171,2049
5843,5843,0,1747,2049
5844,5844,0,2347,2049
5845,5845,0,2924,2049
5846,5846,0,3428,2049
5847,5847,0,3818,2049
5848,5848,0,4063,2049
5849,5849,0,4095,2050
5850,5850,0,4051,2049
5851,5851,0,3795,2049
5852,5852,0,3395,2049
5853,5853,0,2885,2050
5854,5854,0,2306,2050
5855,5855,0,1706,2049
5856,5856,0,1133,2049
5857,5857,0,636,2050
5858,5858,0,254,2049
5859,5859,0,19,2049
5860,5860,0,0,2050
5861,5861,0,51,2049
5862,5862,0,318,2049
5863,5863,0,726,2050
5864,5864,0,1242,2050
5865,5865,0,1823,2049
5866,5866,0,2423,2050
5867,5867,0,2993,2049
5868,5868,0,3484,2049
5869,5869,0,3859,2050
5870,5870,0,4084,2050
5871,5871,0,4095,2049
5872,5872,0,4028,2049
5873,5873,0,3752,2049
5874,5874,0,3336,2050
5875,5875,0,2814,2049
5876,5876,0,2230,2049
5877,5877,0,1630,2050
5878,5878,0,1065,2049
5879,5879,0,579,2049
5880,5880,0,215,2049
5881,5881,0,0,2049
5882,5882,0,0,2049
5883,5883,0,76,2049
5884,5884,0,362,2049
5885,5885,0,787,2049
5886,5886,0,1313,2049
5887,5887,0,1900,2049
5888,5888,0,2499,2050
5889,5889,0,3061,2049
5890,5890,0,3539,2049
5891,5891,0,3895,2049
5892,5892,0,4095,2049
5893,5893,0,4095,2050
5894,5894,0,4001,2049
5895,5895,0,3706,2049
5896,5896,0,3274,2049
5897,5897,0,2742,2049
5898,5898,0,2154,2050
5899,5899,0,1555,2049
5900,5900,0,997,2049
5901,5901,0,526,2049
5902,5902,0,178,2049
5903,5903,0,0,2049
5904,5904,0,0,2050
5905,5905,0,104,2049
5906,5906,0,409,2048
5907,5907,0,849,2050
5908,5908,0,1385,2049
5909,5909,0,1977,2049
5910,5910,0,2574,2049
5911,5911,0,3127,2049
5912,5912,0,3593,2049
5913,5913,0,3931,2050
5914,5914,0,4095,2049
5915,5915,0,4095,2049
5916,5916,0,3972,2049
5917,5917,0,3657,2049
5918,5918,0,3211,2049
5919,5919,0,2669,2049
5920,5920,0,2076,2049
5921,5921,0,1480,2049
5922,5922,0,932,2049
5923,5923,0,474,2050
5924,5924,0,145,2050
5925,5925,0,0,2049
5926,5926,0,0,2049
5927,5927,0,134,2049
5928,5928,0,459,2049
5929,5929,0,913,2049
5930,5930,0,1460,2050
5931,5931,0,2054,2049
5932,5932,0,2648,2049
5933,5933,0,3193,2049
5934,5934,0,3643,2049
5935,5935,0,3963,2049
5936,5936,0,4095,2049
5937,5937,0,4095,2050
5938,5938,0,3941,2049
5939,5939,0,3607,2049
5940,5940,0,3146,2049
5941,5941,0,2596,2049
5942,5942,0,2000,2050
5943,5943,0,1406,2049
5944,5944,0,867,2049
5945,5945,0,424,2049
5946,5946,0,113,2049
5947,5947,0,0,2050
5948,5948,0,0,2049
5949,5949,0,168,2050
5950,5950,0,510,2049
5951,5951,0,977,2050
5952,5952,0,1534,2050
5953,5953,0,2130,2049
5954,5954,0,2721,2050
5955,5955,0,3257,2049
5956,5956,0,3693,2050
5957,5957,0,3993,2049
5958,5958,0,4095,2049
5959,5959,0,4095,2049
5960,5960,0,3906,2049
5961,5961,0,3554,2049
5962,5962,0,3080,2049
5963,5963,0,2521,2049
5964,5964,0,1923,2049
5965,5965,0,1334,2049
5966,5966,0,804,2049
5967,5967,0,376,2049
5968,5968,0,85,2049
5969,5969,0,0,2049
5970,5970,0,0,2049
5971,5971,0,204,2049
5972,5972,0,563,2049
5973,5973,0,1045,2049
5974,5974,0,1608,2049
5975,5975,0,2207,2049
5976,5976,0,2794,2049
5977,5977,0,3318,2049
5978,5978,0,3739,2049
5979,5979,0,4020,2049
5980,5980,0,4095,2048
5981,5981,0,4089,2049
5982,5982,0,3868,2049
5983,5983,0,3500,2049
5984,5984,0,3012,2049
5985,5985,0,2445,2049
5986,5986,0,1846,2049
5987,5987,0,1262,2049
5988,5988,0,743,2049
5989,5989,0,331,2049
5990,5990,0,58,2050
5991,5991,0,0,2049
5992,5992,0,12,2049
5993,5993,0,242,2049
5994,5994,0,618,2048
5995,5995,0,1113,2049
5996,5996,0,1683,2049
5997,5997,0,2285,2050
5998,5998,0,2865,2049
5999,5999,0,3378,2050
6000,6000,0,3783,2049
6001,6001,0,4045,2049
6002,6002,0,4095,2049
6003,6003,0,4069,2048
6004,6004,0,3830,2049
6005,6005,0,3444,2049
6006,6006,0,2944,2049
6007,6007,0,2370,2049
6008,6008,0,1770,2049
6009,6009,0,1191,2050
6010,6010,0,684,2049
6011,6011,0,288,2049
6012,6012,0,36,2049
6013,6013,0,0,2050
6014,6014,0,33,2049
6015,6015,0,282,2049
6016,6016,0,676,2049
6017,6017,0,1182,2049
6018,6018,0,1760,2049
6019,6019,0,2360,2049
6020,6020,0,2935,2049
6021,6021,0,3437,2049
6022,6022,0,3825,2049
6023,6023,0,4067,2050
6024,6024,0,4095,2049
6025,6025,0,4049,2049
6026,6026,0,3788,2049
6027,6027,0,3385,2050
6028,6028,0,2873,2050
6029,6029,0,2294,2049
6030,6030,0,1693,2049
6031,6031,0,1122,2050
6032,6032,0,626,2049
6033,6033,0,246,2049
6034,6034,0,14,2049
6035,6035,0,0,2049
6036,6036,0,56,2049
6037,6037,0,325,2049
6038,6038,0,735,2049
6039,6039,0,1253,2049
6040,6040,0,1836,2049
6041,6041,0,2436,2050
6042,6042,0,3004,2050
6043,6043,0,3494,2050
6044,6044,0,3865,2049
6045,6045,0,4086,2049
6046,6046,0,4095,2049
6047,6047,0,4023,2050
6048,6048,0,3744,2050
6049,6049,0,3325,2050
6050,6050,0,2802,2049
6051,6051,0,2218,2049
6052,6052,0,1617,2050
6053,6053,0,1054,2049
6054,6054,0,571,2050
6055,6055,0,209,2049
6056,6056,0,0,2049
6057,6057,0,0,2049
6058,6058,0,81,2049
6059,6059,0,370,2049
6060,6060,0,796,2049
6061,6061,0,1325,2049
6062,6062,0,1913,2049
6063,6063,0,2512,2049
6064,6064,0,3072,2049
6065,6065,0,3548,2049
6066,6066,0,3902,2049
6067,6067,0,4095,2049
6068,6068,0,4095,2049
6069,6069,0,3996,2049
6070,6070,0,3698,2049
6071,6071,0,3264,2049
6072,6072,0,2730,2049
6073,6073,0,2140,2050
6074,6074,0,1542,2050
6075,6075,0,986,2049
6076,6076,0,517,2050
6077,6077,0,172,2050
6078,6078,0,0,2048
6079,6079,0,0,2049
6080,6080,0,109,2049
6081,6081,0,417,2049
6082,6082,0,859,2050
6083,6083,0,1397,2049
6084,6084,0,1990,2049
6085,6085,0,2587,2048
6086,6086,0,3139,2049
6087,6087,0,3602,2050
6088,6088,0,3936,2049
6089,6089,0,4095,2049
6090,6090,0,4095,2049
6091,6091,0,3968,2049
6092,6092,0,3649,2049
6093,6093,0,3200,2049
6094,6094,0,2657,2049
6095,6095,0,2062,2049
6096,6096,0,1468,2050
6097,6097,0,921,2049
6098,6098,0,465,2048
6099,6099,0,139,2049
6100,6100,0,0,2049
6101,6101,0,0,2050
6102,6102,0,140,2049
6103,6103,0,467,2049
6104,6104,0,923,2050
6105,6105,0,1471,2049
6106,6106,0,2067,2049
6107,6107,0,2660,2050
6108,6108,0,3203,2049
6109,6109,0,3651,2049
6110,6110,0,3968,2050
6111,6111,0,4095,2049
6112,6112,0,4095,2049
6113,6113,0,3934,2049
6114,6114,0,3599,2050
6115,6115,0,3135,2050
6116,6116,0,2583,2049
6117,6117,0,1987,2049
6118,6118,0,1395,2049
6119,6119,0,857,2049
6120,6120,0,415,2049
6121,6121,0,108,2049
6122,6122,0,0,2050
6123,6123,0,0,2049
6124,6124,0,173,2049
6125,6125,0,519,2050
6126,6126,0,989,2049
6127,6127,0,1545,2049
6128,6128,0,2144,2049
6129,6129,0,2733,2049
6130,6130,0,3267,2049
6131,6131,0,3700,2049
6132,6132,0,3998,2049
6133,6133,0,4095,2049
6134,6134,0,4095,2049
6135,6135,0,3900,2049
6136,6136,0,3545,2049
6137,6137,0,3069,2049
6138,6138,0,2508,2049
6139,6139,0,1909,2049
6140,6140,0,1322,2049
6141,6141,0,794,2048
6142,6142,0,369,2049
6143,6143,0,80,2049
6144,6144,0,0,2049
6145,6145,0,0,2050
6146,6146,0,209,2049
6147,6147,0,573,2049
6148,6148,0,1056,2049
6149,6149,0,1620,2049
6150,6150,0,2220,2049
6151,6151,0,2805,2050
6152,6152,0,3328,2050
6153,6153,0,3747,2050
6154,6154,0,4025,2049
6155,6155,0,4095,2049
6156,6156,0,4086,2049
6157,6157,0,3863,2050
6158,6158,0,3490,2048
6159,6159,0,3001,2050
6160,6160,0,2433,2049
6161,6161,0,1833,2049
6162,6162,0,1250,2050
6163,6163,0,732,2049
6164,6164,0,324,2050
6165,6165,0,54,2049
6166,6166,0,0,2049
6167,6167,0,15,2049
6168,6168,0,248,2049
6169,6169,0,629,2050
6170,6170,0,1125,2050
6171,6171,0,1696,2049
6172,6172,0,2296,2049
6173,6173,0,2876,2049
6174,6174,0,3388,2049
6175,6175,0,3791,2049
6176,6176,0,4049,2049
6177,6177,0,4095,2049
6178,6178,0,4066,2049
6179,6179,0,3823,2049
6180,6180,0,3434,2049
6181,6181,0,2931,2049
6182,6182,0,2357,2049
6183,6183,0,1757,2049
6184,6184,0,1180,2049
6185,6185,0,674,2049
6186,6186,0,281,2049
6187,6187,0,31,2049
6188,6188,0,0,2049
6189,6189,0,36,2049
6190,6190,0,289,2050
6191,6191,0,686,2050
6192,6192,0,1194,2049
6193,6193,0,1772,2049
6194,6194,0,2373,2049
6195,6195,0,2946,2049
6196,6196,0,3446,2049
6197,6197,0,3832,2049
6198,6198,0,4071,2049
6199,6199,0,4095,2049
6200,6200,0,4044,2049
6201,6201,0,3781,2049
6202,6202,0,3376,2049
6203,6203,0,2862,2049
6204,6204,0,2281,2049
6205,6205,0,1681,2049
6206,6206,0,1111,2049
6207,6207,0,616,2049
6208,6208,0,240,2049
6209,6209,0,13,2049
6210,6210,0,0,2050
6211,6211,0,60,2049
6212,6212,0,332,2049
6213,6213,0,745,2050
6214,6214,0,1266,2049
6215,6215,0,1849,2049
6216,6216,0,2449,2049
6217,6217,0,3014,2049
6218,6218,0,3502,2049
6219,6219,0,3871,2049
6220,6220,0,4089,2049
6221,6221,0,4095,2049
6222,6222,0,4019,2049
6223,6223,0,3736,2050
6224,6224,0,3316,2050
6225,6225,0,2790,2049
6226,6226,0,2204,2049
6227,6227,0,1605,2049
6228,6228,0,1042,2049
6229,6229,0,562,2049
6230,6230,0,202,2049
6231,6231,0,0,2048
6232,6232,0,0,2049
6233,6233,0,86,2050
6234,6234,0,377,2050
6235,6235,0,807,2050
6236,6236,0,1337,2049
6237,6237,0,1926,2049
6238,6238,0,2524,2049
6239,6239,0,3083,2049
6240,6240,0,3557,2049
6241,6241,0,3908,2048
6242,6242,0,4095,2049
6243,6243,0,4095,2049
6244,6244,0,3992,2048
6245,6245,0,3689,2049
6246,6246,0,3254,2049
6247,6247,0,2718,2049
6248,6248,0,2128,2049
6249,6249,0,1530,2049
6250,6250,0,976,2050
6251,6251,0,508,2049
6252,6252,0,167,2049
6253,6253,0,0,2049
6254,6254,0,0,2049
6255,6255,0,114,2049
6256,6256,0,425,2050
6257,6257,0,870,2050
6258,6258,0,1410,2049
6259,6259,0,2002,2049
6260,6260,0,2598,2050
6261,6261,0,3149,2049
6262,6262,0,3609,2049
6263,6263,0,3942,2050
6264,6264,0,4095,2049
6265,6265,0,4095,2050
6266,6266,0,3961,2050
6267,6267,0,3641,2048
6268,6268,0,3190,2049
6269,6269,0,2644,2049
6270,6270,0,2050,2050
6271,6271,0,1456,2049
6272,6272,0,910,2049
6273,6273,0,456,2049
6274,6274,0,134,2049
6275,6275,0,0,2049
6276,6276,0,0,2049
6277,6277,0,146,2049
6278,6278,0,475,2049
6279,6279,0,934,2050
6280,6280,0,1483,2049
6281,6281,0,2079,2049
6282,6282,0,2673,2049
6283,6283,0,3214,2049
6284,6284,0,3660,2050
6285,6285,0,3974,2050
6286,6286,0,4095,2050
6287,6287,0,4095,2049
6288,6288,0,3929,2050
6289,6289,0,3590,2049
6290,6290,0,3125,2050
6291,6291,0,2570,2049
6292,6292,0,1974,2049
6293,6293,0,1383,2048
6294,6294,0,846,2049
6295,6295,0,407,2049
6296,6296,0,103,2050
6297,6297,0,0,2049
6298,6298,0,0,2049
6299,6299,0,179,2049
6300,6300,0,527,2048
6301,6301,0,1000,2049
6302,6302,0,1558,2049
6303,6303,0,2156,2049
6304,6304,0,2745,2050
6305,6305,0,3277,2049
6306,6306,0,3708,2049
6307,6307,0,4002,2049
6308,6308,0,4095,2049
6309,6309,0,4095,2050
6310,6310,0,3893,2049
6311,6311,0,3537,2049
6312,6312,0,3058,2049
6313,6313,0,2495,2050
6314,6314,0,1897,2049
6315,6315,0,1310,2050
6316,6316,0,784,2049
6317,6317,0,361,2049
6318,6318,0,75,2049
6319,6319,0,0,2049
6320,6320,0,0,2049
6321,6321,0,216,2049
6322,6322,0,581,2049
6323,6323,0,1068,2049
6324,6324,0,1633,2049
6325,6325,0,2233,2049
6326,6326,0,2817,2049
6327,6327,0,3339,2049
6328,6328,0,3754,2048
6329,6329,0,4029,2049
6330,6330,0,4095,2049
6331,6331,0,4083,2049
6332,6332,0,3856,2049
6333,6333,0,3482,2049
6334,6334,0,2990,2049
6335,6335,0,2420,2049
6336,6336,0,1821,2049
6337,6337,0,1239,2049
6338,6338,0,723,2050
6339,6339,0,317,2049
6340,6340,0,51,2049
6341,6341,0,0,2049
6342,6342,0,19,2049
6343,6343,0,255,2049
6344,6344,0,638,2049
6345,6345,0,1136,2049
6346,6346,0,1709,2050
6347,6347,0,2310,2050
6348,6348,0,2888,2049
6349,6349,0,3398,2049
6350,6350,0,3797,2049
6351,6351,0,4053,2049
6352,6352,0,4095,2049
6353,6353,0,4062,2049
6354,6354,0,3815,2049
6355,6355,0,3425,2049
6356,6356,0,2921,2050
6357,6357,0,2344,2049
6358,6358,0,1744,2049
6359,6359,0,1168,2050
6360,6360,0,664,2049
6361,6361,0,274,2049
6362,6362,0,28,2049
6363,6363,0,0,2049
6364,6364,0,40,2050
6365,6365,0,296,2049
6366,6366,0,695,2050
6367,6367,0,1206,2049
6368,6368,0,1785,2049
6369,6369,0,2385,2049
6370,6370,0,2958,2050
6371,6371,0,3456,2049
6372,6372,0,3838,2049
6373,6373,0,4073,2049
6374,6374,0,4095,2049
6375,6375,0,4040,2050
6376,6376,0,3772,2049
6377,6377,0,3366,2049
6378,6378,0,2849,2050
6379,6379,0,2268,2049
6380,6380,0,1668,2050
6381,6381,0,1098,2049
6382,6382,0,607,2049
6383,6383,0,233,2049
6384,6384,0,9,2050
6385,6385,0,0,2049
6386,6386,0,63,2049
6387,6387,0,340,2049
6388,6388,0,755,2050
6389,6389,0,1277,2049
6390,6390,0,1862,2049
6391,6391,0,2461,2050
6392,6392,0,3027,2049
6393,6393,0,3512,2050
6394,6394,0,3878,2049
6395,6395,0,4092,2049
6396,6396,0,4095,2049
6397,6397,0,4015,2049
6398,6398,0,3729,2049
6399,6399,0,3305,2049
6400,6400,0,2778,2049
6401,6401,0,2191,2050
6402,6402,0,1592,2050
6403,6403,0,1031,2049
6404,6404,0,552,2049
6405,6405,0,196,2049
6406,6406,0,0,2049
6407,6407,0,0,2049
6408,6408,0,89,2049
6409,6409,0,386,2049
6410,6410,0,817,2049
6411,6411,0,1349,2049
6412,6412,0,1938,2049
6413,6413,0,2536,2049
6414,6414,0,3093,2049
6415,6415,0,3566,2050
6416,6416,0,3914,2049
6417,6417,0,4095,2050
6418,6418,0,4095,2049
6419,6419,0,3987,2049
6420,6420,0,3681,2049
6421,6421,0,3242,2050
6422,6422,0,2706,2049
6423,6423,0,2115,2049
6424,6424,0,1518,2049
6425,6425,0,964,2050
6426,6426,0,500,2048
6427,6427,0,161,2049
6428,6428,0,0,2049
6429,6429,0,0,2049
6430,6430,0,119,2048
6431,6431,0,434,2048
6432,6432,0,880,2050
6433,6433,0,1422,2050
6434,6434,0,2015,2049
6435,6435,0,2611,2049
6436,6436,0,3160,2049
6437,6437,0,3618,2049
6438,6438,0,3947,2049
6439,6439,0,4095,2048
6440,6440,0,4095,2049
6441,6441,0,3957,2050
6442,6442,0,3633,2049
6443,6443,0,3179,2049
6444,6444,0,2633,2049
6445,6445,0,2038,2049
6446,6446,0,1444,2049
6447,6447,0,899,2049
6448,6448,0,449,2049
6449,6449,0,129,2049
6450,6450,0,0,2049
6451,6451,0,0,2049
6452,6452,0,151,2049
6453,6453,0,485,2048
6454,6454,0,946,2049
6455,6455,0,1496,2049
6456,6456,0,2092,2049
6457,6457,0,2684,2048
6458,6458,0,3224,2050
6459,6459,0,3668,2049
6460,6460,0,3979,2050
6461,6461,0,4095,2049
6462,6462,0,4095,2049
6463,6463,0,3924,2049
6464,6464,0,3581,2049
6465,6465,0,3113,2049
6466,6466,0,2557,2049
6467,6467,0,1961,2049
6468,6468,0,1371,2049
6469,6469,0,835,2049
6470,6470,0,400,2049
6471,6471,0,98,2049
6472,6472,0,0,2049
6473,6473,0,0,2049
6474,6474,0,185,2049
6475,6475,0,537,2049
6476,6476,0,1011,2049
6477,6477,0,1571,2049
6478,6478,0,2169,2049
6479,6479,0,2757,2050
6480,6480,0,3287,2049
6481,6481,0,3715,2049
6482,6482,0,4007,2049
6483,6483,0,4095,2049
6484,6484,0,4095,2049
6485,6485,0,3888,2049
6486,6486,0,3528,2049
6487,6487,0,3047,2050
6488,6488,0,2483,2049
6489,6489,0,1884,2049
6490,6490,0,1299,2049
6491,6491,0,773,2049
6492,6492,0,353,2049
6493,6493,0,71,2049
6494,6494,0,0,2050
6495,6495,0,3,2049
6496,6496,0,222,2049
6497,6497,0,590,2049
6498,6498,0,1078,2049
6499,6499,0,1645,2050
6500,6500,0,2246,2049
6501,6501,0,2829,2050
6502,6502,0,3348,2049
6503,6503,0,3761,2049
6504,6504,0,4033,2049
6505,6505,0,4095,2050
6506,6506,0,4080,2049
6507,6507,0,3849,2049
6508,6508,0,3472,2050
6509,6509,0,2978,2049
6510,6510,0,2408,2049
6511,6511,0,1807,2048
6512,6512,0,1227,2050
6513,6513,0,713,2049
6514,6514,0,309,2049
6515,6515,0,47,2049
6516,6516,0,0,2049
6517,6517,0,22,2049
6518,6518,0,262,2049
6519,6519,0,647,2049
6520,6520,0,1149,2049
6521,6521,0,1722,2049
6522,6522,0,2322,2049
6523,6523,0,2900,2049
6524,6524,0,3407,2049
6525,6525,0,3804,2049
6526,6526,0,4056,2049
6527,6527,0,4095,2049
6528,6528,0,4059,2050
6529,6529,0,3809,2049
6530,6530,0,3415,2049
6531,6531,0,2909,2049
6532,6532,0,2332,2050
6533,6533,0,1731,2049
6534,6534,0,1156,2049
6535,6535,0,654,2049
6536,6536,0,267,2049
6537,6537,0,24,2049
6538,6538,0,0,2049
6539,6539,0,44,2049
6540,6540,0,303,2050
6541,6541,0,705,2049
6542,6542,0,1218,2049
6543,6543,0,1797,2049
6544,6544,0,2398,2049
6545,6545,0,2969,2049
6546,6546,0,3465,2050
6547,6547,0,3846,2049
6548,6548,0,4076,2049
6549,6549,0,4095,2049
6550,6550,0,4036,2049
6551,6551,0,3767,2049
6552,6552,0,3356,2049
6553,6553,0,2838,2049
6554,6554,0,2256,2049
6555,6555,0,1655,2049
6556,6556,0,1088,2049
6557,6557,0,598,2049
6558,6558,0,227,2049
6559,6559,0,6,2049
6560,6560,0,0,2049
6561,6561,0,68,2050
6562,6562,0,347,2049
6563,6563,0,765,2049
6564,6564,0,1288,2049
6565,6565,0,1874,2050
6566,6566,0,2474,2049
6567,6567,0,3038,2049
6568,6568,0,3521,2050
6569,6569,0,3884,2049
6570,6570,0,4095,2049
6571,6571,0,4095,2049
6572,6572,0,4011,2049
6573,6573,0,3722,2050
6574,6574,0,3295,2048
6575,6575,0,2766,2049
6576,6576,0,2179,2048
6577,6577,0,1580,2049
6578,6578,0,1020,2049
6579,6579,0,544,2049
6580,6580,0,190,2049
6581,6581,0,0,2050
6582,6582,0,0,2049
6583,6583,0,95,2050
6584,6584,0,393,2049
6585,6585,0,828,2049
6586,6586,0,1361,2049
6587,6587,0,1951,2049
6588,6588,0,2549,2049
6589,6589,0,3105,2049
6590,6590,0,3574,2050
6591,6591,0,3919,2049
6592,6592,0,4095,2049
6593,6593,0,4095,2050
6594,6594,0,3982,2049
6595,6595,0,3674,2049
6596,6596,0,3233,2049
6597,6597,0,2694,2049
6598,6598,0,2102,2049
6599,6599,0,1505,2050
6600,6600,0,953,2049
6601,6601,0,491,2049
6602,6602,0,155,2049
6603,6603,0,0,2049
6604,6604,0,0,2050
6605,6605,0,124,2049
6606,6606,0,442,2049
6607,6607,0,891,2049
6608,6608,0,1434,2049
6609,6609,0,2028,2050
6610,6610,0,2623,2049
6611,6611,0,3170,2050
6612,6612,0,3626,2049
6613,6613,0,3953,2049
6614,6614,0,4095,2049
6615,6615,0,4095,2049
6616,6616,0,3951,2049
6617,6617,0,3624,2049
6618,6618,0,3168,2049
6619,6619,0,2620,2050
6620,6620,0,2025,2049
6621,6621,0,1431,2049
6622,6622,0,889,2049
6623,6623,0,440,2050
6624,6624,0,123,2049
6625,6625,0,0,2049
6626,6626,0,0,2049
6627,6627,0,156,2050
6628,6628,0,493,2049
6629,6629,0,956,2050
6630,6630,0,1508,2049
6631,6631,0,2105,2049
6632,6632,0,2696,2049
6633,6633,0,3235,2049
6634,6634,0,3676,2050
6635,6635,0,3984,2050
6636,6636,0,4095,2049
6637,6637,0,4095,2050
6638,6638,0,3917,2049
6639,6639,0,3572,2049
6640,6640,0,3103,2049
6641,6641,0,2546,2049
6642,6642,0,1949,2049
6643,6643,0,1358,2049
6644,6644,0,825,2049
6645,6645,0,391,2049
6646,6646,0,94,2049
6647,6647,0,0,2049
6648,6648,0,0,2049
6649,6649,0,191,2049
6650,6650,0,545,2049
6651,6651,0,1022,2049
6652,6652,0,1583,2049
6653,6653,0,2182,2049
6654,6654,0,2769,2049
6655,6655,0,3297,2049
6656,6656,0,3723,2049
6657,6657,0,4011,2049
6658,6658,0,4095,2049
6659,6659,0,4094,2049
6660,6660,0,3882,2049
6661,6661,0,3519,2049
6662,6662,0,3036,2049
6663,6663,0,2471,2049
6664,6664,0,1872,2050
6665,6665,0,1286,2049
6666,6666,0,764,2049
6667,6667,0,346,2048
6668,6668,0,67,2049
6669,6669,0,0,2049
6670,6670,0,6,2049
6671,6671,0,229,2049
6672,6672,0,600,2050
6673,6673,0,1089,2049
6674,6674,0,1657,2049
6675,6675,0,2258,2049
6676,6676,0,2840,2049
6677,6677,0,3359,2049
6678,6678,0,3769,2049
6679,6679,0,4037,2049
6680,6680,0,4095,2049
6681,6681,0,4076,2050
6682,6682,0,3843,2049
6683,6683,0,3463,2049
6684,6684,0,2967,2049
6685,6685,0,2396,2048
6686,6686,0,1795,2049
6687,6687,0,1215,2049
6688,6688,0,704,2049
6689,6689,0,302,2049
6690,6690,0,42,2049
6691,6691,0,0,2049
6692,6692,0,26,2049
6693,6693,0,269,2049
6694,6694,0,656,2050
6695,6695,0,1159,2049
6696,6696,0,1735,2050
6697,6697,0,2335,2049
6698,6698,0,2912,2049
6699,6699,0,3417,2049
6700,6700,0,3811,2049
6701,6701,0,4060,2049
6702,6702,0,4095,2050
6703,6703,0,4056,2049
6704,6704,0,3802,2050
6705,6705,0,3405,2049
6706,6706,0,2897,2049
6707,6707,0,2319,2049
6708,6708,0,1719,2049
6709,6709,0,1146,2049
6710,6710,0,645,2049
6711,6711,0,261,2049
6712,6712,0,21,2049
6713,6713,0,0,2049
6714,6714,0,47,2049
6715,6715,0,310,2049
6716,6716,0,715,2050
6717,6717,0,1229,2050
6718,6718,0,1810,2049
6719,6719,0,2411,2050
6720,6720,0,2981,2049
6721,6721,0,3475,2049
6722,6722,0,3851,2049
6723,6723,0,4080,2049
6724,6724,0,4095,2050
6725,6725,0,4033,2049
6726,6726,0,3759,2049
6727,6727,0,3346,2049
6728,6728,0,2826,2049
6729,6729,0,2243,2049
6730,6730,0,1643,2049
6731,6731,0,1076,2049
6732,6732,0,589,2050
6733,6733,0,221,2049
6734,6734,0,3,2049
6735,6735,0,0,2049
6736,6736,0,72,2049
6737,6737,0,354,2050
6738,6738,0,775,2049
6739,6739,0,1300,2049
6740,6740,0,1886,2049
6741,6741,0,2486,2049
6742,6742,0,3049,2049
6743,6743,0,3530,2049
6744,6744,0,3890,2049
6745,6745,0,4095,2050
6746,6746,0,4095,2049
6747,6747,0,4007,2049
6748,6748,0,3714,2049
6749,6749,0,3285,2050
6750,6750,0,2754,2049
6751,6751,0,2167,2049
6752,6752,0,1568,2049
6753,6753,0,1009,2049
6754,6754,0,535,2049
6755,6755,0,184,2049
6756,6756,0,0,2049
6757,6757,0,0,2050
6758,6758,0,99,2049
6759,6759,0,401,2049
6760,6760,0,837,2049
6761,6761,0,1372,2050
6762,6762,0,1964,2049
6763,6763,0,2561,2049
6764,6764,0,3116,2049
6765,6765,0,3583,2050
6766,6766,0,3925,2049
6767,6767,0,4095,2049
6768,6768,0,4095,2048
6769,6769,0,3978,2049
6770,6770,0,3666,2049
6771,6771,0,3221,2050
6772,6772,0,2681,2049
6773,6773,0,2089,2050
6774,6774,0,1493,2049
6775,6775,0,942,2049
6776,6776,0,482,2049
6777,6777,0,150,2050
6778,6778,0,0,2049
6779,6779,0,0,2050
6780,6780,0,129,2049
6781,6781,0,450,2049
6782,6782,0,901,2049
6783,6783,0,1446,2049
6784,6784,0,2040,2049
6785,6785,0,2635,2049
6786,6786,0,3181,2049
6787,6787,0,3634,2049
6788,6788,0,3957,2049
6789,6789,0,4095,2049
6790,6790,0,4095,2050
6791,6791,0,3946,2049
6792,6792,0,3615,2049
6793,6793,0,3157,2049
6794,6794,0,2608,2050
6795,6795,0,2013,2050
6796,6796,0,1420,2050
6797,6797,0,878,2049
6798,6798,0,432,2049
6799,6799,0,118,2049
6800,6800,0,0,2049
6801,6801,0,0,2050
6802,6802,0,162,2050
6803,6803,0,502,2050
6804,6804,0,966,2050
6805,6805,0,1520,2049
6806,6806,0,2117,2049
6807,6807,0,2708,2050
6808,6808,0,3245,2050
6809,6809,0,3684,2049
6810,6810,0,3988,2049
6811,6811,0,4095,2049
6812,6812,0,4095,2049
6813,6813,0,3911,2049
6814,6814,0,3563,2049
6815,6815,0,3092,2049
6816,6816,0,2534,2049
6817,6817,0,1936,2049
6818,6818,0,1347,2049
6819,6819,0,814,2049
6820,6820,0,384,2049
6821,6821,0,89,2049
6822,6822,0,0,2049
6823,6823,0,0,2049
6824,6824,0,197,2049
6825,6825,0,554,2049
6826,6826,0,1033,2049
6827,6827,0,1596,2049
6828,6828,0,2194,2049
6829,6829,0,2781,2049
6830,6830,0,3307,2050
6831,6831,0,3731,2049
6832,6832,0,4016,2050
6833,6833,0,4095,2049
6834,6834,0,4092,2049
6835,6835,0,3875,2050
6836,6836,0,3509,2049
6837,6837,0,3024,2049
6838,6838,0,2459,2049
6839,6839,0,1859,2050
6840,6840,0,1274,2049
6841,6841,0,753,2050
6842,6842,0,338,2049
6843,6843,0,63,2049
6844,6844,0,0,2049
6845,6845,0,9,2049
6846,6846,0,235,2050
6847,6847,0,609,2050
6848,6848,0,1102,2049
6849,6849,0,1670,2049
6850,6850,0,2270,2050
6851,6851,0,2853,2049
6852,6852,0,3368,2050
6853,6853,0,3775,2050
6854,6854,0,4041,2049
6855,6855,0,4095,2049
6856,6856,0,4073,2050
6857,6857,0,3836,2049
6858,6858,0,3454,2049
6859,6859,0,2954,2049
6860,6860,0,2382,2050
6861,6861,0,1782,2050
6862,6862,0,1203,2049
6863,6863,0,693,2049
6864,6864,0,295,2049
6865,6865,0,40,2049
6866,6866,0,0,2049
6867,6867,0,29,2049
6868,6868,0,275,2049
6869,6869,0,666,2049
6870,6870,0,1171,2050
6871,6871,0,1747,2050
6872,6872,0,2347,2050
6873,6873,0,2924,2050
6874,6874,0,3427,2049
6875,6875,0,3818,2049
6876,6876,0,4064,2049
6877,6877,0,4095,2049
6878,6878,0,4052,2049
6879,6879,0,3795,2049
6880,6880,0,3396,2049
6881,6881,0,2886,2049
6882,6882,0,2306,2049
6883,6883,0,1706,2049
6884,6884,0,1133,2049
6885,6885,0,636,2049
6886,6886,0,254,2050
6887,6887,0,18,2049
6888,6888,0,0,2049
6889,6889,0,52,2050
6890,6890,0,317,2049
6891,6891,0,725,2049
6892,6892,0,1241,2049
6893,6893,0,1823,2049
6894,6894,0,2423,2049
6895,6895,0,2992,2049
6896,6896,0,3484,2050
6897,6897,0,3858,2049
6898,6898,0,4083,2049
6899,6899,0,4095,2049
6900,6900,0,4028,2050
6901,6901,0,3752,2049
6902,6902,0,3336,2050
6903,6903,0,2814,2049
6904,6904,0,2230,2049
6905,6905,0,1631,2049
6906,6906,0,1064,2050
6907,6907,0,580,2049
6908,6908,0,215,2050
6909,6909,0,0,2049
6910,6910,0,0,2049
6911,6911,0,76,2049
6912,6912,0,361,2049
6913,6913,0,786,2050
6914,6914,0,1313,2049
6915,6915,0,1899,2048
6916,6916,0,2498,2050
6917,6917,0,3060,2049
6918,6918,0,3539,2049
6919,6919,0,3897,2049
6920,6920,0,4095,2049
6921,6921,0,4095,2049
6922,6922,0,4002,2049
6923,6923,0,3706,2048
6924,6924,0,3274,2049
6925,6925,0,2742,2049
6926,6926,0,2153,2049
6927,6927,0,1555,2049
6928,6928,0,998,2050
6929,6929,0,525,2049
6930,6930,0,178,2050
6931,6931,0,0,2049
6932,6932,0,0,2049
6933,6933,0,104,2049
6934,6934,0,409,2049
6935,6935,0,849,2049
6936,6936,0,1385,2049
6937,6937,0,1976,2049
6938,6938,0,2573,2049
6939,6939,0,3127,2049
6940,6940,0,3592,2049
6941,6941,0,3931,2049
6942,6942,0,4095,2050
6943,6943,0,4095,2049
6944,6944,0,3972,2049
6945,6945,0,3658,2050
6946,6946,0,3211,2049
6947,6947,0,2670,2050
6948,6948,0,2076,2048
6949,6949,0,1481,2049
6950,6950,0,932,2049
6951,6951,0,474,2049
6952,6952,0,145,2049
6953,6953,0,0,2049
6954,6954,0,0,2049
6955,6955,0,135,2049
6956,6956,0,459,2048
6957,6957,0,913,2049
6958,6958,0,1459,2049
6959,6959,0,2054,2049
6960,6960,0,2648,2049
6961,6961,0,3192,2050
6962,6962,0,3643,2050
6963,6963,0,3963,2049
6964,6964,0,4095,2049
6965,6965,0,4095,2049
6966,6966,0,3940,2049
6967,6967,0,3607,2049
6968,6968,0,3146,2050
6969,6969,0,2595,2049
6970,6970,0,2000,2049
6971,6971,0,1407,2049
6972,6972,0,867,2049
6973,6973,0,424,2049
6974,6974,0,113,2049
6975,6975,0,0,2050
6976,6976,0,0,2049
6977,6977,0,168,2049
6978,6978,0,510,2049
6979,6979,0,978,2050
6980,6980,0,1534,2049
6981,6981,0,2130,2049
6982,6982,0,2720,2049
6983,6983,0,3256,2050
6984,6984,0,3692,2049
6985,6985,0,3993,2049
6986,6986,0,4095,2049
6987,6987,0,4095,2049
6988,6988,0,3906,2049
6989,6989,0,3554,2049
6990,6990,0,3080,2049
6991,6991,0,2521,2049
6992,6992,0,1923,2049
6993,6993,0,1334,2049
6994,6994,0,804,2050
6995,6995,0,375,2049
6996,6996,0,84,2050
6997,6997,0,0,2049
6998,6998,0,0,2049
6999,6999,0,203,2049
7000,7000,0,563,2049
7001,7001,0,1045,2049
7002,7002,0,1607,2050
7003,7003,0,2207,2049
7004,7004,0,2794,2050
7005,7005,0,3318,2049
7006,7006,0,3739,2050
7007,7007,0,4020,2049
7008,7008,0,4095,2049
7009,7009,0,4089,2049
7010,7010,0,3869,2049
7011,7011,0,3500,2049
7012,7012,0,3013,2049
7013,7013,0,2446,2049
7014,7014,0,1846,2049
7015,7015,0,1262,2049
7016,7016,0,743,2049
7017,7017,0,331,2048
7018,7018,0,59,2049
7019,7019,0,0,2049
7020,7020,0,12,2049
7021,7021,0,242,2049
7022,7022,0,619,2049
7023,7023,0,1113,2049
7024,7024,0,1683,2049
7025,7025,0,2283,2049
7026,7026,0,2865,2049
7027,7027,0,3379,2049
7028,7028,0,3783,2049
7029,7029,0,4046,2049
7030,7030,0,4095,2049
7031,7031,0,4070,2049
7032,7032,0,3830,2049
7033,7033,0,3445,2049
7034,7034,0,2943,2049
7035,7035,0,2370,2050
7036,7036,0,1769,2049
7037,7037,0,1191,2049
7038,7038,0,684,2049
7039,7039,0,287,2049
7040,7040,0,35,2049
7041,7041,0,0,2049
7042,7042,0,33,2049
7043,7043,0,282,2050
7044,7044,0,675,2049
7045,7045,0,1182,2049
7046,7046,0,1760,2049
7047,7047,0,2360,2049
7048,7048,0,2935,2049
7049,7049,0,3437,2049
7050,7050,0,3825,2050
7051,7051,0,4067,2049
7052,7052,0,4095,2049
7053,7053,0,4048,2049
7054,7054,0,3788,2049
7055,7055,0,3385,2050
7056,7056,0,2874,2050
7057,7057,0,2294,2050
7058,7058,0,1693,2049
7059,7059,0,1122,2050
7060,7060,0,626,2049
7061,7061,0,246,2049
7062,7062,0,14,2049
7063,7063,0,0,2049
7064,7064,0,55,2049
7065,7065,0,325,2049
7066,7066,0,735,2049
7067,7067,0,1253,2050
7068,7068,0,1836,2049
7069,7069,0,2436,2049
7070,7070,0,3005,2049
7071,7071,0,3494,2049
7072,7072,0,3865,2049
7073,7073,0,4086,2049
7074,7074,0,4095,2049
7075,7075,0,4024,2049
7076,7076,0,3744,2049
7077,7077,0,3326,2049
7078,7078,0,2802,2049
7079,7079,0,2216,2049
7080,7080,0,1618,2049
7081,7081,0,1053,2050
7082,7082,0,570,2049
7083,7083,0,208,2049
7084,7084,0,0,2049
7085,7085,0,0,2050
7086,7086,0,81,2049
7087,7087,0,370,2050
7088,7088,0,797,2049
7089,7089,0,1325,2049
7090,7090,0,1912,2049
7091,7091,0,2511,2049
7092,7092,0,3072,2050
7093,7093,0,3549,2049
7094,7094,0,3902,2049
7095,7095,0,4095,2049
7096,7096,0,4095,2049
7097,7097,0,3996,2049
7098,7098,0,3698,2049
7099,7099,0,3263,2049
7100,7100,0,2730,2049
7101,7101,0,2140,2049
7102,7102,0,1542,2049
7103,7103,0,987,2049
7104,7104,0,517,2049
7105,7105,0,173,2049
7106,7106,0,0,2049
7107,7107,0,0,2049
7108,7108,0,109,2049
7109,7109,0,418,2050
7110,7110,0,859,2049
7111,7111,0,1398,2049
7112,7112,0,1990,2050
7113,7113,0,2586,2049
7114,7114,0,3139,2049
7115,7115,0,3601,2049
7116,7116,0,3937,2049
7117,7117,0,4095,2048
7118,7118,0,4095,2049
7119,7119,0,3967,2049
7120,7120,0,3649,2049
7121,7121,0,3200,2049
7122,7122,0,2657,2048
7123,7123,0,2063,2049
7124,7124,0,1468,2049
7125,7125,0,920,2049
7126,7126,0,465,2049
7127,7127,0,139,2050
7128,7128,0,0,2049
7129,7129,0,0,2049
7130,7130,0,140,2050
7131,7131,0,467,2049
7132,7132,0,923,2048
7133,7133,0,1471,2049
7134,7134,0,2067,2049
7135,7135,0,2660,2049
7136,7136,0,3203,2049
7137,7137,0,3652,2048
7138,7138,0,3969,2049
7139,7139,0,4095,2050
7140,7140,0,4095,2049
7141,7141,0,3935,2049
7142,7142,0,3598,2049
7143,7143,0,3135,2050
7144,7144,0,2583,2050
7145,7145,0,1986,2049
7146,7146,0,1394,2049
7147,7147,0,857,2050
7148,7148,0,416,2049
7149,7149,0,108,2049
7150,7150,0,0,2050
7151,7151,0,0,2049
7152,7152,0,174,2049
7153,7153,0,518,2049
7154,7154,0,989,2049
7155,7155,0,1545,2049
7156,7156,0,2144,2050
7157,7157,0,2733,2049
7158,7158,0,3267,2049
7159,7159,0,3700,2049
7160,7160,0,3998,2049
7161,7161,0,4095,2049
7162,7162,0,4095,2049
7163,7163,0,3900,2050
7164,7164,0,3545,2049
7165,7165,0,3068,2049
7166,7166,0,2508,2049
7167,7167,0,1910,2049
7168,7168,0,1322,2049
7169,7169,0,794,2049
7170,7170,0,368,2049
7171,7171,0,80,2050
7172,7172,0,0,2050
7173,7173,0,0,2050
7174,7174,0,210,2049
7175,7175,0,572,2049
7176,7176,0,1056,2050
7177,7177,0,1621,2049
7178,7178,0,2220,2049
7179,7179,0,2806,2049
7180,7180,0,3329,2049
7181,7181,0,3746,2049
7182,7182,0,4025,2049
7183,7183,0,4095,2049
7184,7184,0,4086,2049
7185,7185,0,3863,2048
7186,7186,0,3490,2049
7187,7187,0,3001,2049
7188,7188,0,2433,2049
7189,7189,0,1833,2048
7190,7190,0,1250,2050
7191,7191,0,733,2049
7192,7192,0,323,2049
7193,7193,0,54,2049
7194,7194,0,0,2049
7195,7195,0,16,2049
7196,7196,0,248,2049
7197,7197,0,628,2049
7198,7198,0,1125,2049
7199,7199,0,1696,2049
7200,7200,0,2297,2049
7201,7201,0,2876,2049
7202,7202,0,3388,2049
7203,7203,0,3790,2050
7204,7204,0,4049,2049
7205,7205,0,4095,2049
7206,7206,0,4066,2049
7207,7207,0,3823,2049
7208,7208,0,3434,2049
7209,7209,0,2932,2049
7210,7210,0,2357,2049
7211,7211,0,1756,2049
7212,7212,0,1180,2049
7213,7213,0,674,2050
7214,7214,0,280,2049
7215,7215,0,32,2049
7216,7216,0,0,2049
7217,7217,0,36,2049
7218,7218,0,289,2049
7219,7219,0,686,2049
7220,7220,0,1195,2049
7221,7221,0,1772,2049
7222,7222,0,2373,2050
7223,7223,0,2947,2049
7224,7224,0,3446,2048
7225,7225,0,3832,2049
7226,7226,0,4071,2049
7227,7227,0,4095,2049
7228,7228,0,4043,2048
7229,7229,0,3781,2049
7230,7230,0,3376,2048
7231,7231,0,2862,2049
7232,7232,0,2281,2049
7233,7233,0,1680,2050
7234,7234,0,1110,2049
7235,7235,0,616,2049
7236,7236,0,240,2049
7237,7237,0,11,2049
7238,7238,0,0,2049
7239,7239,0,59,2049
7240,7240,0,332,2049
7241,7241,0,745,2049
7242,7242,0,1265,2049
7243,7243,0,1849,2050
7244,7244,0,2449,2050
7245,7245,0,3016,2048
7246,7246,0,3503,2050
7247,7247,0,3872,2048
7248,7248,0,4089,2049
7249,7249,0,4095,2049
7250,7250,0,4019,2049
7251,7251,0,3737,2049
7252,7252,0,3315,2049
7253,7253,0,2791,2049
7254,7254,0,2205,2049
7255,7255,0,1604,2049
7256,7256,0,1042,2049
7257,7257,0,562,2050
7258,7258,0,202,2049
7259,7259,0,0,2050
7260,7260,0,0,2049
7261,7261,0,86,2049
7262,7262,0,378,2049
7263,7263,0,807,2049
7264,7264,0,1337,2050
7265,7265,0,1926,2049
7266,7266,0,2524,2049
7267,7267,0,3083,2050
7268,7268,0,3558,2049
7269,7269,0,3907,2049
7270,7270,0,4095,2049
7271,7271,0,4095,2050
7272,7272,0,3992,2049
7273,7273,0,3690,2049
7274,7274,0,3253,2049
7275,7275,0,2718,2050
7276,7276,0,2127,2049
7277,7277,0,1530,2049
7278,7278,0,975,2049
7279,7279,0,508,2049
7280,7280,0,167,2049
7281,7281,0,0,2049
7282,7282,0,0,2049
7283,7283,0,113,2049
7284,7284,0,425,2049
7285,7285,0,869,2049
7286,7286,0,1410,2050
7287,7287,0,2003,2049
7288,7288,0,2599,2049
7289,7289,0,3149,2049
7290,7290,0,3609,2048
7291,7291,0,3942,2049
7292,7292,0,4095,2049
7293,7293,0,4095,2049
7294,7294,0,3962,2049
7295,7295,0,3641,2049
7296,7296,0,3189,2049
7297,7297,0,2644,2049
7298,7298,0,2050,2049
7299,7299,0,1456,2049
7300,7300,0,910,2049
7301,7301,0,457,2049
7302,7302,0,134,2049
7303,7303,0,0,2049
7304,7304,0,0,2048
7305,7305,0,145,2049
7306,7306,0,476,2049
7307,7307,0,935,2048
7308,7308,0,1484,2049
7309,7309,0,2079,2050
7310,7310,0,2673,2049
7311,7311,0,3214,2049
7312,7312,0,3659,2049
7313,7313,0,3974,2049
7314,7314,0,4095,2049
7315,7315,0,4095,2048
7316,7316,0,3929,2049
7317,7317,0,3589,2049
7318,7318,0,3124,2049
7319,7319,0,2570,2049
7320,7320,0,1973,2049
7321,7321,0,1382,2049
7322,7322,0,846,2049
7323,7323,0,408,2049
7324,7324,0,102,2049
7325,7325,0,0,2049
7326,7326,0,0,2050
7327,7327,0,179,2049
7328,7328,0,528,2050
7329,7329,0,1000,2049
7330,7330,0,1558,2049
7331,7331,0,2156,2049
7332,7332,0,2745,2049
7333,7333,0,3277,2049
7334,7334,0,3708,2050
7335,7335,0,4003,2050
7336,7336,0,4095,2050
7337,7337,0,4095,2050
7338,7338,0,3894,2049
7339,7339,0,3537,2049
7340,7340,0,3058,2049
7341,7341,0,2496,2049
7342,7342,0,1897,2049
7343,7343,0,1310,2049
7344,7344,0,783,2049
7345,7345,0,360,2049
7346,7346,0,76,2049
7347,7347,0,0,2050
7348,7348,0,0,2049
7349,7349,0,216,2049
7350,7350,0,581,2049
7351,7351,0,1067,2049
7352,7352,0,1633,2050
7353,7353,0,2233,2049
7354,7354,0,2818,2050
7355,7355,0,3338,2049
7356,7356,0,3754,2049
7357,7357,0,4029,2049
7358,7358,0,4095,2049
7359,7359,0,4083,2049
7360,7360,0,3856,2049
7361,7361,0,3481,2049
7362,7362,0,2989,2050
7363,7363,0,2420,2049
7364,7364,0,1821,2050
7365,7365,0,1239,2049
7366,7366,0,722,2049
7367,7367,0,316,2049
7368,7368,0,50,2049
7369,7369,0,0,2049
7370,7370,0,18,2049
7371,7371,0,256,2049
7372,7372,0,638,2049
7373,7373,0,1137,2049
7374,7374,0,1709,2048
7375,7375,0,2309,2049
7376,7376,0,2889,2049
7377,7377,0,3398,2049
7378,7378,0,3798,2049
7379,7379,0,4053,2049
7380,7380,0,4095,2049
7381,7381,0,4063,2049
7382,7382,0,3816,2049
7383,7383,0,3424,2049
7384,7384,0,2920,2049
7385,7385,0,2343,2049
7386,7386,0,1744,2050
7387,7387,0,1168,2049
7388,7388,0,665,2049
7389,7389,0,274,2049
7390,7390,0,28,2049
7391,7391,0,0,2049
7392,7392,0,40,2049
7393,7393,0,296,2049
7394,7394,0,696,2050
7395,7395,0,1206,2049
7396,7396,0,1785,2050
7397,7397,0,2386,2049
7398,7398,0,2958,2049
7399,7399,0,3456,2049
7400,7400,0,3838,2050
7401,7401,0,4074,2049
7402,7402,0,4095,2049
7403,7403,0,4040,2049
7404,7404,0,3774,2050
7405,7405,0,3365,2050
7406,7406,0,2849,2049
7407,7407,0,2268,2049
7408,7408,0,1668,2049
7409,7409,0,1099,2049
7410,7410,0,607,2049
7411,7411,0,233,2049
7412,7412,0,9,2049
7413,7413,0,0,2049
7414,7414,0,64,2050
7415,7415,0,340,2049
7416,7416,0,756,2049
7417,7417,0,1277,2049
7418,7418,0,1862,2048
7419,7419,0,2461,2049
7420,7420,0,3027,2049
7421,7421,0,3512,2049
7422,7422,0,3877,2049
7423,7423,0,4092,2050
7424,7424,0,4095,2049
7425,7425,0,4015,2049
7426,7426,0,3729,2049
7427,7427,0,3306,2049
7428,7428,0,2778,2049
7429,7429,0,2192,2049
7430,7430,0,1592,2049
7431,7431,0,1031,2049
7432,7432,0,552,2049
7433,7433,0,196,2049
7434,7434,0,0,2049
7435,7435,0,0,2049
7436,7436,0,90,2049
7437,7437,0,386,2049
7438,7438,0,817,2049
7439,7439,0,1349,2049
7440,7440,0,1938,2049
7441,7441,0,2536,2049
7442,7442,0,3094,2049
7443,7443,0,3567,2049
7444,7444,0,3914,2048
7445,7445,0,4095,2049
7446,7446,0,4095,2049
7447,7447,0,3987,2049
7448,7448,0,3681,2049
7449,7449,0,3243,2049
7450,7450,0,2706,2049
7451,7451,0,2114,2049
7452,7452,0,1517,2049
7453,7453,0,963,2049
7454,7454,0,500,2049
7455,7455,0,162,2050
7456,7456,0,0,2049
7457,7457,0,0,2049
7458,7458,0,119,2049
7459,7459,0,434,2049
7460,7460,0,880,2050
7461,7461,0,1423,2049
7462,7462,0,2016,2049
7463,7463,0,2612,2050
7464,7464,0,3160,2050
7465,7465,0,3618,2050
7466,7466,0,3948,2049
7467,7467,0,4095,2048
7468,7468,0,4095,2049
7469,7469,0,3957,2049
7470,7470,0,3632,2049
7471,7471,0,3180,2050
7472,7472,0,2632,2050
7473,7473,0,2038,2049
7474,7474,0,1444,2049
7475,7475,0,899,2049
7476,7476,0,449,2049
7477,7477,0,129,2049
7478,7478,0,0,2049
7479,7479,0,0,2049
7480,7480,0,150,2049
7481,7481,0,484,2049
7482,7482,0,945,2049
7483,7483,0,1496,2049
7484,7484,0,2093,2049
7485,7485,0,2685,2049
7486,7486,0,3225,2049
7487,7487,0,3668,2049
7488,7488,0,3979,2049
7489,7489,0,4095,2049
7490,7490,0,4095,2049
7491,7491,0,3924,2049
7492,7492,0,3582,2049
7493,7493,0,3113,2049
7494,7494,0,2557,2050
7495,7495,0,1961,2049
7496,7496,0,1371,2049
7497,7497,0,836,2049
7498,7498,0,399,2049
7499,7499,0,99,2049
7500,7500,0,0,2049
7501,7501,0,0,2049
7502,7502,0,185,2049
7503,7503,0,536,2049
7504,7504,0,1011,2050
7505,7505,0,1570,2049
7506,7506,0,2169,2049
7507,7507,0,2758,2049
7508,7508,0,3287,2049
7509,7509,0,3716,2049
7510,7510,0,4007,2049
7511,7511,0,4095,2049
7512,7512,0,4095,2049
7513,7513,0,3888,2049
7514,7514,0,3527,2049
7515,7515,0,3046,2049
7516,7516,0,2483,2049
7517,7517,0,1884,2049
7518,7518,0,1298,2049
7519,7519,0,773,2049
7520,7520,0,353,2049
7521,7521,0,71,2049
7522,7522,0,0,2049
7523,7523,0,3,2049
7524,7524,0,222,2049
7525,7525,0,591,2049
7526,7526,0,1079,2049
7527,7527,0,1645,2049
7528,7528,0,2245,2049
7529,7529,0,2829,2049
7530,7530,0,3349,2049
7531,7531,0,3761,2049
7532,7532,0,4033,2050
7533,7533,0,4095,2049
7534,7534,0,4080,2049
7535,7535,0,3849,2049
7536,7536,0,3472,2050
7537,7537,0,2978,2049
7538,7538,0,2408,2050
7539,7539,0,1807,2049
7540,7540,0,1227,2049
7541,7541,0,713,2049
7542,7542,0,308,2049
7543,7543,0,47,2049
7544,7544,0,0,2049
7545,7545,0,21,2049
7546,7546,0,261,2049
7547,7547,0,648,2049
7548,7548,0,1148,2049
7549,7549,0,1721,2049
7550,7550,0,2322,2049
7551,7551,0,2900,2049
7552,7552,0,3408,2049
7553,7553,0,3804,2049
7554,7554,0,4057,2049
7555,7555,0,4095,2049
7556,7556,0,4059,2049
7557,7557,0,3810,2050
7558,7558,0,3415,2049
7559,7559,0,2909,2049
7560,7560,0,2332,2050
7561,7561,0,1731,2049
7562,7562,0,1157,2049
7563,7563,0,654,2049
7564,7564,0,267,2049
7565,7565,0,24,2049
7566,7566,0,0,2049
7567,7567,0,43,2049
7568,7568,0,304,2049
7569,7569,0,705,2049
7570,7570,0,1218,2050
7571,7571,0,1798,2049
7572,7572,0,2398,2049
7573,7573,0,2969,2049
7574,7574,0,3465,2049
7575,7575,0,3845,2049
7576,7576,0,4077,2050
7577,7577,0,4095,2049
7578,7578,0,4036,2049
7579,7579,0,3767,2049
7580,7580,0,3356,2049
7581,7581,0,2839,2049
7582,7582,0,2256,2049
7583,7583,0,1655,2049
7584,7584,0,1088,2049
7585,7585,0,597,2049
7586,7586,0,228,2050
7587,7587,0,5,2049
7588,7588,0,0,2049
7589,7589,0,68,2049
7590,7590,0,347,2050
7591,7591,0,765,2049
7592,7592,0,1289,2049
7593,7593,0,1875,2050
7594,7594,0,2474,2049
7595,7595,0,3039,2050
7596,7596,0,3521,2050
7597,7597,0,3884,2050
7598,7598,0,4095,2050
7599,7599,0,4095,2049
7600,7600,0,4010,2049
7601,7601,0,3721,2049
7602,7602,0,3295,2049
7603,7603,0,2766,2049
7604,7604,0,2179,2050
7605,7605,0,1580,2049
7606,7606,0,1020,2049
7607,7607,0,543,2049
7608,7608,0,190,2049
7609,7609,0,0,2050
7610,7610,0,0,2049
7611,7611,0,95,2049
7612,7612,0,394,2050
7613,7613,0,828,2049
7614,7614,0,1361,2050
7615,7615,0,1951,2049
7616,7616,0,2549,2049
7617,7617,0,3105,2049
7618,7618,0,3575,2049
7619,7619,0,3919,2049
7620,7620,0,4095,2050
7621,7621,0,4095,2049
7622,7622,0,3982,2049
7623,7623,0,3674,2050
7624,7624,0,3232,2049
7625,7625,0,2694,2049
7626,7626,0,2102,2049
7627,7627,0,1505,2049
7628,7628,0,953,2049
7629,7629,0,491,2049
7630,7630,0,155,2049
7631,7631,0,0,2049
7632,7632,0,0,2049
7633,7633,0,124,2049
7634,7634,0,442,2050
7635,7635,0,891,2049
7636,7636,0,1434,2049
7637,7637,0,2028,2049
7638,7638,0,2623,2049
7639,7639,0,3171,2050
7640,7640,0,3626,2049
7641,7641,0,3952,2049
7642,7642,0,4095,2050
7643,7643,0,4095,2049
7644,7644,0,3952,2049
7645,7645,0,3624,2049
7646,7646,0,3168,2049
7647,7647,0,2620,2050
7648,7648,0,2025,2049
7649,7649,0,1431,2049
7650,7650,0,888,2049
7651,7651,0,439,2049
7652,7652,0,123,2049
7653,7653,0,0,2049
7654,7654,0,0,2049
7655,7655,0,156,2049
7656,7656,0,493,2049
7657,7657,0,955,2049
7658,7658,0,1508,2049
7659,7659,0,2105,2049
7660,7660,0,2697,2050
7661,7661,0,3236,2049
7662,7662,0,3676,2049
7663,7663,0,3984,2049
7664,7664,0,4095,2049
7665,7665,0,4095,2049
7666,7666,0,3917,2049
7667,7667,0,3572,2049
7668,7668,0,3103,2050
7669,7669,0,2545,2049
7670,7670,0,1948,2049
7671,7671,0,1358,2049
7672,7672,0,825,2049
7673,7673,0,392,2049
7674,7674,0,94,2049
7675,7675,0,0,2049
7676,7676,0,0,2050
7677,7677,0,191,2049
7678,7678,0,546,2049
7679,7679,0,1022,2049
7680,7680,0,1583,2049
7681,7681,0,2181,2049
7682,7682,0,2769,2049
7683,7683,0,3298,2050
7684,7684,0,3724,2049
7685,7685,0,4012,2050
7686,7686,0,4095,2049
7687,7687,0,4094,2049
7688,7688,0,3882,2049
7689,7689,0,3519,2049
7690,7690,0,3036,2049
7691,7691,0,2471,2050
7692,7692,0,1871,2050
7693,7693,0,1285,2049
7694,7694,0,763,2049
7695,7695,0,346,2049
7696,7696,0,67,2049
7697,7697,0,0,2049
7698,7698,0,6,2049
7699,7699,0,229,2049
7700,7700,0,600,2049
7701,7701,0,1090,2049
7702,7702,0,1658,2049
7703,7703,0,2259,2049
7704,7704,0,2842,2049
7705,7705,0,3359,2049
7706,7706,0,3768,2049
7707,7707,0,4037,2049
7708,7708,0,4095,2049
7709,7709,0,4076,2050
7710,7710,0,3843,2049
7711,7711,0,3463,2049
7712,7712,0,2967,2050
7713,7713,0,2395,2049
7714,7714,0,1794,2050
7715,7715,0,1214,2049
7716,7716,0,704,2049
7717,7717,0,301,2049
7718,7718,0,43,2049
7719,7719,0,0,2049
7720,7720,0,25,2049
7721,7721,0,268,2049
7722,7722,0,656,2049
7723,7723,0,1159,2049
7724,7724,0,1734,2049
7725,7725,0,2335,2049
7726,7726,0,2912,2049
7727,7727,0,3418,2049
7728,7728,0,3811,2049
7729,7729,0,4060,2050
7730,7730,0,4095,2049
7731,7731,0,4055,2049
7732,7732,0,3802,2050
7733,7733,0,3405,2049
7734,7734,0,2897,2049
7735,7735,0,2319,2049
7736,7736,0,1719,2049
7737,7737,0,1145,2048
7738,7738,0,645,2049
7739,7739,0,260,2049
7740,7740,0,21,2049
7741,7741,0,0,2049
7742,7742,0,47,2049
7743,7743,0,310,2049
7744,7744,0,716,2050
7745,7745,0,1230,2050
7746,7746,0,1811,2049
7747,7747,0,2411,2049
7748,7748,0,2982,2049
7749,7749,0,3475,2049
7750,7750,0,3851,2049
7751,7751,0,4081,2050
7752,7752,0,4095,2049
7753,7753,0,4032,2049
7754,7754,0,3759,2049
7755,7755,0,3346,2049
7756,7756,0,2827,2049
7757,7757,0,2242,2049
7758,7758,0,1643,2049
7759,7759,0,1076,2049
7760,7760,0,588,2049
7761,7761,0,221,2049
7762,7762,0,2,2049
7763,7763,0,0,2049
7764,7764,0,71,2049
7765,7765,0,354,2049
7766,7766,0,776,2049
7767,7767,0,1302,2050
7768,7768,0,1887,2048
7769,7769,0,2486,2049
7770,7770,0,3050,2049
7771,7771,0,3531,2049
7772,7772,0,3890,2049
7773,7773,0,4095,2050
7774,7774,0,4095,2049
7775,7775,0,4006,2049
7776,7776,0,3714,2050
7777,7777,0,3285,2050
7778,7778,0,2754,2049
7779,7779,0,2166,2049
7780,7780,0,1567,2049
7781,7781,0,1009,2049
7782,7782,0,535,2049
7783,7783,0,184,2049
7784,7784,0,0,2049
7785,7785,0,0,2049
7786,7786,0,99,2049
7787,7787,0,402,2049
7788,7788,0,837,2049
7789,7789,0,1373,2049
7790,7790,0,1964,2049
7791,7791,0,2561,2049
7792,7792,0,3116,2050
7793,7793,0,3584,2049
7794,7794,0,3925,2049
7795,7795,0,4095,2049
7796,7796,0,4095,2049
7797,7797,0,3977,2049
7798,7798,0,3666,2049
7799,7799,0,3222,2049
7800,7800,0,2682,2049
7801,7801,0,2089,2049
7802,7802,0,1492,2049
7803,7803,0,943,2049
7804,7804,0,482,2048
7805,7805,0,150,2049
7806,7806,0,0,2049
7807,7807,0,0,2050
7808,7808,0,130,2048
7809,7809,0,451,2049
7810,7810,0,901,2049
7811,7811,0,1447,2049
7812,7812,0,2041,2049
7813,7813,0,2636,2049
7814,7814,0,3182,2049
7815,7815,0,3635,2049
7816,7816,0,3958,2049
7817,7817,0,4095,2049
7818,7818,0,4095,2048
7819,7819,0,3946,2049
7820,7820,0,3616,2050
7821,7821,0,3157,2050
7822,7822,0,2608,2049
7823,7823,0,2013,2049
7824,7824,0,1420,2049
7825,7825,0,878,2049
7826,7826,0,431,2049
7827,7827,0,118,2048
7828,7828,0,0,2049
7829,7829,0,0,2049
7830,7830,0,161,2049
7831,7831,0,501,2050
7832,7832,0,966,2049
7833,7833,0,1521,2049
7834,7834,0,2118,2049
7835,7835,0,2709,2049
7836,7836,0,3246,2049
7837,7837,0,3685,2049
7838,7838,0,3989,2049
7839,7839,0,4095,2049
7840,7840,0,4095,2049
7841,7841,0,3912,2049
7842,7842,0,3563,2049
7843,7843,0,3091,2049
7844,7844,0,2533,2050
7845,7845,0,1935,2049
7846,7846,0,1347,2049
7847,7847,0,815,2049
7848,7848,0,384,2049
7849,7849,0,89,2049
7850,7850,0,0,2049
7851,7851,0,0,2049
7852,7852,0,198,2049
7853,7853,0,555,2049
7854,7854,0,1034,2050
7855,7855,0,1595,2049
7856,7856,0,2194,2049
7857,7857,0,2782,2049
7858,7858,0,3308,2049
7859,7859,0,3731,2049
7860,7860,0,4016,2050
7861,7861,0,4095,2049
7862,7862,0,4092,2049
7863,7863,0,3875,2049
7864,7864,0,3509,2049
7865,7865,0,3023,2049
7866,7866,0,2458,2050
7867,7867,0,1858,2049
7868,7868,0,1273,2050
7869,7869,0,752,2049
7870,7870,0,338,2049
7871,7871,0,62,2049
7872,7872,0,0,2049
7873,7873,0,9,2049
7874,7874,0,235,2049
7875,7875,0,609,2049
7876,7876,0,1102,2050
7877,7877,0,1670,2049
7878,7878,0,2272,2049
7879,7879,0,2852,2049
7880,7880,0,3369,2049
7881,7881,0,3776,2049
7882,7882,0,4042,2049
7883,7883,0,4095,2050
7884,7884,0,4073,2049
7885,7885,0,3836,2049
7886,7886,0,3454,2049
7887,7887,0,2955,2050
7888,7888,0,2382,2050
7889,7889,0,1782,2049
7890,7890,0,1203,2049
7891,7891,0,693,2049
7892,7892,0,295,2049
7893,7893,0,38,2049
7894,7894,0,0,2049
7895,7895,0,29,2050
7896,7896,0,275,2050
7897,7897,0,666,2049
7898,7898,0,1171,2049
7899,7899,0,1748,2049
7900,7900,0,2347,2049
7901,7901,0,2924,2049
7902,7902,0,3427,2049
7903,7903,0,3818,2049
7904,7904,0,4064,2049
7905,7905,0,4095,2050
7906,7906,0,4052,2049
7907,7907,0,3795,2050
7908,7908,0,3395,2049
7909,7909,0,2884,2049
7910,7910,0,2305,2049
7911,7911,0,1706,2049
7912,7912,0,1134,2049
7913,7913,0,636,2049
7914,7914,0,253,2049
7915,7915,0,18,2048
7916,7916,0,0,2049
7917,7917,0,52,2048
7918,7918,0,318,2049
7919,7919,0,725,2049
7920,7920,0,1242,2049
7921,7921,0,1824,2049
7922,7922,0,2423,2049
7923,7923,0,2993,2049
7924,7924,0,3485,2049
7925,7925,0,3858,2049
7926,7926,0,4083,2049
7927,7927,0,4095,2049
7928,7928,0,4027,2049
7929,7929,0,3752,2049
7930,7930,0,3336,2049
7931,7931,0,2814,2050
7932,7932,0,2230,2049
7933,7933,0,1630,2050
7934,7934,0,1064,2049
7935,7935,0,579,2049
7936,7936,0,214,2049
7937,7937,0,0,2048
7938,7938,0,0,2049
7939,7939,0,76,2050
7940,7940,0,362,2050
7941,7941,0,786,2049
7942,7942,0,1313,2049
7943,7943,0,1900,2048
7944,7944,0,2499,2049
7945,7945,0,3061,2049
7946,7946,0,3539,2049
7947,7947,0,3896,2050
7948,7948,0,4095,2049
7949,7949,0,4095,2049
7950,7950,0,4001,2049
7951,7951,0,3706,2049
7952,7952,0,3274,2049
7953,7953,0,2742,2048
7954,7954,0,2153,2049
7955,7955,0,1555,2049
7956,7956,0,997,2049
7957,7957,0,526,2049
7958,7958,0,178,2049
7959,7959,0,0,2049
7960,7960,0,0,2050
7961,7961,0,104,2049
7962,7962,0,409,2049
7963,7963,0,849,2049
7964,7964,0,1386,2050
7965,7965,0,1976,2049
7966,7966,0,2574,2049
7967,7967,0,3127,2049
7968,7968,0,3592,2048
7969,7969,0,3931,2049
7970,7970,0,4095,2049
7971,7971,0,4095,2049
7972,7972,0,3972,2049
7973,7973,0,3658,2049
7974,7974,0,3211,2049
7975,7975,0,2670,2049
7976,7976,0,2076,2049
7977,7977,0,1480,2049
7978,7978,0,932,2049
7979,7979,0,474,2049
7980,7980,0,144,2049
7981,7981,0,0,2049
7982,7982,0,0,2049
7983,7983,0,135,2049
7984,7984,0,459,2049
7985,7985,0,912,2049
7986,7986,0,1460,2049
7987,7987,0,2054,2050
7988,7988,0,2648,2049
7989,7989,0,3193,2049
7990,7990,0,3644,2049
7991,7991,0,3963,2049
7992,7992,0,4095,2049
7993,7993,0,4095,2049
7994,7994,0,3940,2050
7995,7995,0,3607,2049
7996,7996,0,3146,2050
7997,7997,0,2595,2049
7998,7998,0,1999,2049
7999,7999,0,1406,2049
8000,8000,0,867,2050
8001,8001,0,424,2049
8002,8002,0,113,2049
8003,8003,0,0,2049
8004,8004,0,0,2049
8005,8005,0,168,2048
8006,8006,0,510,2049
8007,8007,0,978,2048
8008,8008,0,1534,2049
8009,8009,0,2130,2049
8010,8010,0,2722,2049
8011,8011,0,3256,2049
8012,8012,0,3693,2049
8013,8013,0,3994,2049
8014,8014,0,4095,2049
8015,8015,0,4095,2050
8016,8016,0,3906,2049
8017,8017,0,3555,2049
8018,8018,0,3079,2049
8019,8019,0,2520,2048
8020,8020,0,1922,2049
8021,8021,0,1334,2048
8022,8022,0,803,2050
8023,8023,0,376,2049
8024,8024,0,84,2049
8025,8025,0,0,2048
8026,8026,0,0,2049
8027,8027,0,204,2048
8028,8028,0,564,2049
8029,8029,0,1045,2049
8030,8030,0,1608,2050
8031,8031,0,2208,2049
8032,8032,0,2794,2050
8033,8033,0,3318,2049
8034,8034,0,3739,2049
8035,8035,0,4020,2050
8036,8036,0,4095,2049
8037,8037,0,4088,2049
8038,8038,0,3869,2050
8039,8039,0,3500,2049
8040,8040,0,3013,2049
8041,8041,0,2446,2049
8042,8042,0,1846,2049
8043,8043,0,1262,2049
8044,8044,0,743,2050
8045,8045,0,331,2049
8046,8046,0,59,2049
8047,8047,0,0,2049
8048,8048,0,12,2049
8049,8049,0,241,2049
8050,8050,0,619,2049
8051,8051,0,1113,2050
8052,8052,0,1684,2049
8053,8053,0,2284,2049
8054,8054,0,2865,2049
8055,8055,0,3379,2049
8056,8056,0,3783,2049
8057,8057,0,4046,2049
8058,8058,0,4095,2049
8059,8059,0,4069,2049
8060,8060,0,3830,2050
8061,8061,0,3443,2050
8062,8062,0,2943,2049
8063,8063,0,2369,2049
8064,8064,0,1769,2049
8065,8065,0,1191,2049
8066,8066,0,683,2049
8067,8067,0,287,2049
8068,8068,0,35,2049
8069,8069,0,0,2049
8070,8070,0,33,2050
8071,8071,0,282,2049
8072,8072,0,677,2050
8073,8073,0,1183,2049
8074,8074,0,1760,2049
8075,8075,0,2361,2049
8076,8076,0,2935,2049
8077,8077,0,3437,2049
8078,8078,0,3825,2049
8079,8079,0,4067,2049
8080,8080,0,4095,2050
8081,8081,0,4048,2049
8082,8082,0,3787,2049
8083,8083,0,3385,2049
8084,8084,0,2873,2050
8085,8085,0,2293,2049
8086,8086,0,1693,2050
8087,8087,0,1122,2049
8088,8088,0,626,2049
8089,8089,0,246,2049
8090,8090,0,14,2049
8091,8091,0,0,2049
8092,8092,0,55,2050
8093,8093,0,325,2049
8094,8094,0,736,2049
8095,8095,0,1254,2049
8096,8096,0,1837,2049
8097,8097,0,2437,2049
8098,8098,0,3004,2049
8099,8099,0,3493,2049
8100,8100,0,3865,2050
8101,8101,0,4086,2049
8102,8102,0,4095,2049
8103,8103,0,4024,2049
8104,8104,0,3744,2049
8105,8105,0,3326,2049
8106,8106,0,2802,2049
8107,8107,0,2217,2049
8108,8108,0,1618,2049
8109,8109,0,1053,2049
8110,8110,0,569,2048
8111,8111,0,208,2050
8112,8112,0,0,2048
8113,8113,0,0,2049
8114,8114,0,81,2049
8115,8115,0,370,2049
8116,8116,0,797,2049
8117,8117,0,1325,2049
8118,8118,0,1913,2049
8119,8119,0,2512,2049
8120,8120,0,3073,2049
8121,8121,0,3549,2049
8122,8122,0,3902,2049
8123,8123,0,4095,2049
8124,8124,0,4095,2049
8125,8125,0,3997,2049
8126,8126,0,3698,2049
8127,8127,0,3263,2050
8128,8128,0,2729,2049
8129,8129,0,2140,2049
8130,8130,0,1542,2049
8131,8131,0,986,2049
8132,8132,0,517,2049
8133,8133,0,172,2049
8134,8134,0,0,2049
8135,8135,0,0,2049
8136,8136,0,109,2049
8137,8137,0,418,2049
8138,8138,0,859,2049
8139,8139,0,1398,2049
8140,8140,0,1989,2049
8141,8141,0,2587,2049
8142,8142,0,3139,2049
8143,8143,0,3601,2050
8144,8144,0,3936,2049
8145,8145,0,4095,2049
8146,8146,0,4095,2049
8147,8147,0,3968,2049
8148,8148,0,3649,2049
8149,8149,0,3200,2049
8150,8150,0,2656,2049
8151,8151,0,2063,2050
8152,8152,0,1468,2049
8153,8153,0,920,2050
8154,8154,0,465,2050
8155,8155,0,138,2049
8156,8156,0,0,2049
8157,8157,0,0,2049
8158,8158,0,140,2049
8159,8159,0,467,2049
8160,8160,0,924,2048
8161,8161,0,1471,2050
8162,8162,0,2067,2049
8163,8163,0,2660,2049
8164,8164,0,3204,2050
8165,8165,0,3652,2049
8166,8166,0,3969,2050
8167,8167,0,4095,2049
8168,8168,0,4095,2049
8169,8169,0,3935,2049
8170,8170,0,3598,2049
8171,8171,0,3135,2049
8172,8172,0,2582,2050
8173,8173,0,1985,2049
8174,8174,0,1394,2049
8175,8175,0,857,2049
8176,8176,0,415,2050
8177,8177,0,108,2049
8178,8178,0,0,2050
8179,8179,0,0,2049
8180,8180,0,173,2049
8181,8181,0,519,2050
8182,8182,0,989,2050
8183,8183,0,1546,2050
8184,8184,0,2144,2049
8185,8185,0,2734,2049
8186,8186,0,3267,2049
8187,8187,0,3700,2049
8188,8188,0,3998,2050
8189,8189,0,4095,2049
8190,8190,0,4095,2049
8191,8191,0,3900,2049
8192,8192,1,3546,2049
8193,8193,0,3068,2049
8194,8194,0,2508,2049
8195,8195,0,1909,2049
8196,8196,0,1322,2050
8197,8197,0,793,2049
8198,8198,0,368,2050
8199,8199,0,80,2049
8200,8200,0,0,2049
8201,8201,0,0,2049
8202,8202,0,210,2049
8203,8203,0,572,2049
8204,8204,0,1056,2049
8205,8205,0,1621,2049
8206,8206,0,2220,2050
8207,8207,0,2805,2049
8208,8208,0,3329,2049
8209,8209,0,3747,2049
8210,8210,0,4025,2049
8211,8211,0,4095,2049
8212,8212,0,4085,2049
8213,8213,0,3862,2049
8214,8214,0,3491,2049
8215,8215,0,3000,2049
8216,8216,0,2433,2049
8217,8217,0,1832,2049
8218,8218,0,1250,2049
8219,8219,0,733,2049
8220,8220,0,323,2049
8221,8221,0,54,2050
8222,8222,0,0,2049
8223,8223,0,15,2049
8224,8224,0,247,2049
8225,8225,0,628,2049
8226,8226,0,1124,2049
8227,8227,0,1696,2049
8228,8228,0,2296,2049
8229,8229,0,2877,2049
8230,8230,0,3389,2049
8231,8231,0,3790,2049
8232,8232,0,4049,2049
8233,8233,0,4095,2049
8234,8234,0,4066,2049
8235,8235,0,3823,2049
8236,8236,0,3434,2049
8237,8237,0,2931,2049
8238,8238,0,2357,2049
8239,8239,0,1756,2049
8240,8240,0,1179,2049
8241,8241,0,673,2049
8242,8242,0,281,2049
8243,8243,0,31,2049
8244,8244,0,0,2049
8245,8245,0,36,2049
8246,8246,0,289,2049
8247,8247,0,686,2049
8248,8248,0,1194,2049
8249,8249,0,1773,2049
8250,8250,0,2373,2049
8251,8251,0,2946,2048
8252,8252,0,3447,2049
8253,8253,0,3832,2049
8254,8254,0,4070,2049
8255,8255,0,4095,2049
8256,8256,0,4044,2050
8257,8257,0,3781,2049
8258,8258,0,3375,2049
8259,8259,0,2861,2049
8260,8260,0,2280,2049
8261,8261,0,1681,2049
8262,8262,0,1110,2050
8263,8263,0,615,2049
8264,8264,0,241,2049
8265,8265,0,12,2049
8266,8266,0,0,2050
8267,8267,0,59,2049
8268,8268,0,332,2049
8269,8269,0,746,2049
8270,8270,0,1265,2049
8271,8271,0,1849,2050
8272,8272,0,2449,2049
8273,8273,0,3015,2049
8274,8274,0,3503,2049
8275,8275,0,3871,2049
8276,8276,0,4089,2049
8277,8277,0,4095,2049
8278,8278,0,4019,2050
8279,8279,0,3736,2049
8280,8280,0,3315,2049
8281,8281,0,2790,2050
8282,8282,0,2204,2050
8283,8283,0,1605,2049
8284,8284,0,1042,2049
8285,8285,0,561,2048
8286,8286,0,202,2049
8287,8287,0,0,2050
8288,8288,0,0,2049
8289,8289,0,85,2049
8290,8290,0,378,2049
8291,8291,0,806,2050
8292,8292,0,1337,2050
8293,8293,0,1926,2049
8294,8294,0,2524,2049
8295,8295,0,3083,2049
8296,8296,0,3557,2049
8297,8297,0,3908,2049
8298,8298,0,4095,2049
8299,8299,0,4095,2050
8300,8300,0,3992,2049
8301,8301,0,3689,2049
8302,8302,0,3253,2050
8303,8303,0,2718,2049
8304,8304,0,2127,2049
8305,8305,0,1529,2049
8306,8306,0,975,2050
8307,8307,0,508,2049
8308,8308,0,166,2050
8309,8309,0,0,2049
8310,8310,0,0,2049
8311,8311,0,113,2049
8312,8312,0,426,2049
8313,8313,0,870,2049
8314,8314,0,1410,2049
8315,8315,0,2002,2049
8316,8316,0,2599,2049
8317,8317,0,3149,2050
8318,8318,0,3610,2049
8319,8319,0,3942,2049
8320,8320,0,4095,2049
8321,8321,0,4095,2049
8322,8322,0,3962,2049
8323,8323,0,3641,2049
8324,8324,0,3189,2049
8325,8325,0,2644,2049
8326,8326,0,2050,2049
8327,8327,0,1456,2049
8328,8328,0,909,2050
8329,8329,0,456,2049
8330,8330,0,134,2049
8331,8331,0,0,2048
8332,8332,0,0,2049
8333,8333,0,146,2049
8334,8334,0,476,2049
8335,8335,0,934,2049
8336,8336,0,1484,2049
8337,8337,0,2079,2049
8338,8338,0,2673,2049
8339,8339,0,3213,2049
8340,8340,0,3660,2049
8341,8341,0,3973,2049
8342,8342,0,4095,2049
8343,8343,0,4095,2049
8344,8344,0,3929,2049
8345,8345,0,3590,2049
8346,8346,0,3124,2049
8347,8347,0,2571,2049
8348,8348,0,1973,2049
8349,8349,0,1383,2049
8350,8350,0,846,2049
8351,8351,0,407,2049
8352,8352,0,103,2049
8353,8353,0,0,2048
8354,8354,0,0,2049
8355,8355,0,179,2050
8356,8356,0,528,2049
8357,8357,0,1000,2049
8358,8358,0,1558,2049
8359,8359,0,2157,2050
8360,8360,0,2745,2049
8361,8361,0,3277,2049
8362,8362,0,3708,2049
8363,8363,0,4003,2049
8364,8364,0,4095,2049
8365,8365,0,4095,2049
8366,8366,0,3894,2049
8367,8367,0,3537,2049
8368,8368,0,3058,2049
8369,8369,0,2496,2049
8370,8370,0,1897,2049
8371,8371,0,1310,2049
8372,8372,0,783,2049
8373,8373,0,360,2049
8374,8374,0,75,2049
8375,8375,0,0,2049
8376,8376,0,0,2049
8377,8377,0,217,2049
8378,8378,0,581,2049
8379,8379,0,1068,2049
8380,8380,0,1633,2049
8381,8381,0,2233,2049
8382,8382,0,2817,2049
8383,8383,0,3338,2050
8384,8384,0,3755,2049
8385,8385,0,4030,2048
8386,8386,0,4095,2049
8387,8387,0,4082,2050
8388,8388,0,3856,2049
8389,8389,0,3482,2050
8390,8390,0,2990,2049
8391,8391,0,2421,2050
8392,8392,0,1820,2050
8393,8393,0,1238,2049
8394,8394,0,723,2050
8395,8395,0,316,2049
8396,8396,0,51,2049
8397,8397,0,0,2049
8398,8398,0,19,2049
8399,8399,0,255,2050
8400,8400,0,638,2049
8401,8401,0,1136,2049
8402,8402,0,1709,2050
8403,8403,0,2309,2049
8404,8404,0,2889,2049
8405,8405,0,3398,2049
8406,8406,0,3798,2049
8407,8407,0,4053,2049
8408,8408,0,4095,2049
8409,8409,0,4063,2049
8410,8410,0,3816,2049
8411,8411,0,3425,2049
8412,8412,0,2920,2049
8413,8413,0,2344,2050
8414,8414,0,1744,2049
8415,8415,0,1167,2049
8416,8416,0,664,2049
8417,8417,0,274,2049
8418,8418,0,28,2049
8419,8419,0,0,2049
8420,8420,0,40,2049
8421,8421,0,296,2049
8422,8422,0,696,2049
8423,8423,0,1206,2049
8424,8424,0,1785,2049
8425,8425,0,2385,2049
8426,8426,0,2958,2049
8427,8427,0,3456,2049
8428,8428,0,3839,2049
8429,8429,0,4073,2049
8430,8430,0,4095,2049
8431,8431,0,4040,2049
8432,8432,0,3774,2049
8433,8433,0,3366,2049
8434,8434,0,2850,2049
8435,8435,0,2269,2049
8436,8436,0,1668,2049
8437,8437,0,1098,2049
8438,8438,0,607,2049
8439,8439,0,234,2049
8440,8440,0,9,2049
8441,8441,0,0,2049
8442,8442,0,63,2049
8443,8443,0,340,2049
8444,8444,0,756,2049
8445,8445,0,1278,2049
8446,8446,0,1861,2049
8447,8447,0,2462,2049
8448,8448,0,3027,2049
8449,8449,0,3512,2049
8450,8450,0,3877,2049
8451,8451,0,4092,2050
8452,8452,0,4095,2049
8453,8453,0,4015,2049
8454,8454,0,3729,2049
8455,8455,0,3305,2049
8456,8456,0,2778,2049
8457,8457,0,2191,2049
8458,8458,0,1592,2049
8459,8459,0,1031,2049
8460,8460,0,552,2049
8461,8461,0,196,2049
8462,8462,0,0,2049
8463,8463,0,0,2049
8464,8464,0,90,2050
8465,8465,0,386,2050
8466,8466,0,817,2050
8467,8467,0,1349,2049
8468,8468,0,1938,2049
8469,8469,0,2536,2049
8470,8470,0,3095,2049
8471,8471,0,3567,2049
8472,8472,0,3914,2049
8473,8473,0,4095,2049
8474,8474,0,4095,2049
8475,8475,0,3987,2049
8476,8476,0,3682,2050
8477,8477,0,3243,2049
8478,8478,0,2706,2049
8479,8479,0,2114,2049
8480,8480,0,1517,2049
8481,8481,0,964,2050
8482,8482,0,499,2049
8483,8483,0,161,2049
8484,8484,0,0,2048
8485,8485,0,0,2049
8486,8486,0,119,2049
8487,8487,0,434,2050
8488,8488,0,880,2049
8489,8489,0,1421,2049
8490,8490,0,2015,2049
8491,8491,0,2611,2050
8492,8492,0,3160,2050
8493,8493,0,3618,2049
8494,8494,0,3948,2049
8495,8495,0,4095,2049
8496,8496,0,4095,2050
8497,8497,0,3957,2048
8498,8498,0,3632,2049
8499,8499,0,3178,2049
8500,8500,0,2632,2050
8501,8501,0,2037,2049
8502,8502,0,1444,2049
8503,8503,0,899,2049
8504,8504,0,448,2049
8505,8505,0,129,2049
8506,8506,0,0,2049
8507,8507,0,0,2049
8508,8508,0,150,2049
8509,8509,0,484,2049
8510,8510,0,945,2050
8511,8511,0,1496,2049
8512,8512,0,2092,2050
8513,8513,0,2684,2050
8514,8514,0,3225,2049
8515,8515,0,3668,2048
8516,8516,0,3978,2049
8517,8517,0,4095,2049
8518,8518,0,4095,2049
8519,8519,0,3924,2049
8520,8520,0,3581,2049
8521,8521,0,3114,2049
8522,8522,0,2558,2049
8523,8523,0,1961,2049
8524,8524,0,1370,2049
8525,8525,0,835,2049
8526,8526,0,399,2049
8527,8527,0,98,2049
8528,8528,0,0,2049
8529,8529,0,0,2049
8530,8530,0,185,2049
8531,8531,0,537,2049
8532,8532,0,1011,2050
8533,8533,0,1570,2049
8534,8534,0,2169,2049
8535,8535,0,2757,2049
8536,8536,0,3287,2049
8537,8537,0,3715,2049
8538,8538,0,4007,2050
8539,8539,0,4095,2049
8540,8540,0,4095,2050
8541,8541,0,3887,2050
8542,8542,0,3528,2049
8543,8543,0,3046,2049
8544,8544,0,2483,2050
8545,8545,0,1884,2049
8546,8546,0,1298,2049
8547,8547,0,773,2049
8548,8548,0,353,2049
8549,8549,0,71,2050
8550,8550,0,0,2049
8551,8551,0,3,2049
8552,8552,0,222,2049
8553,8553,0,592,2050
8554,8554,0,1079,2049
8555,8555,0,1646,2049
8556,8556,0,2246,2049
8557,8557,0,2830,2049
8558,8558,0,3349,2049
8559,8559,0,3761,2049
8560,8560,0,4033,2049
8561,8561,0,4095,2049
8562,8562,0,4080,2049
8563,8563,0,3850,2049
8564,8564,0,3472,2050
8565,8565,0,2978,2049
8566,8566,0,2408,2048
8567,8567,0,1807,2049
8568,8568,0,1226,2050
8569,8569,0,713,2049
8570,8570,0,309,2049
8571,8571,0,47,2049
8572,8572,0,0,2049
8573,8573,0,22,2049
8574,8574,0,262,2049
8575,8575,0,647,2049
8576,8576,0,1148,2049
8577,8577,0,1721,2049
8578,8578,0,2322,2049
8579,8579,0,2900,2049
8580,8580,0,3407,2049
8581,8581,0,3804,2049
8582,8582,0,4057,2049
8583,8583,0,4095,2049
8584,8584,0,4059,2049
8585,8585,0,3809,2049
8586,8586,0,3415,2049
8587,8587,0,2909,2049
8588,8588,0,2332,2049
8589,8589,0,1731,2049
8590,8590,0,1156,2049
8591,8591,0,655,2049
8592,8592,0,267,2049
8593,8593,0,24,2048
8594,8594,0,0,2049
8595,8595,0,43,2050
8596,8596,0,303,2050
8597,8597,0,706,2049
8598,8598,0,1218,2050
8599,8599,0,1797,2049
8600,8600,0,2398,2049
8601,8601,0,2969,2049
8602,8602,0,3466,2049
8603,8603,0,3846,2050
8604,8604,0,4077,2050
8605,8605,0,4095,2050
8606,8606,0,4036,2048
8607,8607,0,3766,2050
8608,8608,0,3356,2049
8609,8609,0,2839,2049
8610,8610,0,2256,2049
8611,8611,0,1655,2049
8612,8612,0,1087,2049
8613,8613,0,597,2049
8614,8614,0,227,2049
8615,8615,0,5,2050
8616,8616,0,0,2050
8617,8617,0,68,2049
8618,8618,0,347,2049
8619,8619,0,766,2049
8620,8620,0,1289,2049
8621,8621,0,1874,2049
8622,8622,0,2473,2049
8623,8623,0,3039,2049
8624,8624,0,3521,2049
8625,8625,0,3884,2050
8626,8626,0,4094,2049
8627,8627,0,4095,2049
8628,8628,0,4010,2049
8629,8629,0,3721,2049
8630,8630,0,3295,2049
8631,8631,0,2766,2049
8632,8632,0,2179,2049
8633,8633,0,1580,2049
8634,8634,0,1020,2049
8635,8635,0,543,2049
8636,8636,0,191,2049
8637,8637,0,0,2049
8638,8638,0,0,2048
8639,8639,0,95,2049
8640,8640,0,393,2049
8641,8641,0,827,2050
8642,8642,0,1361,2050
8643,8643,0,1950,2049
8644,8644,0,2550,2049
8645,8645,0,3105,2049
8646,8646,0,3575,2049
8647,8647,0,3920,2049
8648,8648,0,4095,2049
8649,8649,0,4095,2050
8650,8650,0,3982,2049
8651,8651,0,3673,2049
8652,8652,0,3232,2049
8653,8653,0,2693,2048
8654,8654,0,2102,2049
8655,8655,0,1505,2050
8656,8656,0,954,2050
8657,8657,0,491,2049
8658,8658,0,156,2049
8659,8659,0,0,2049
8660,8660,0,0,2050
8661,8661,0,124,2049
8662,8662,0,442,2049
8663,8663,0,890,2050
8664,8664,0,1434,2049
8665,8665,0,2028,2049
8666,8666,0,2623,2049
8667,8667,0,3171,2050
8668,8668,0,3626,2049
8669,8669,0,3953,2049
8670,8670,0,4095,2049
8671,8671,0,4095,2049
8672,8672,0,3952,2049
8673,8673,0,3624,2049
8674,8674,0,3168,2049
8675,8675,0,2621,2049
8676,8676,0,2024,2049
8677,8677,0,1432,2049
8678,8678,0,889,2049
8679,8679,0,440,2049
8680,8680,0,123,2049
8681,8681,0,0,2049
8682,8682,0,0,2049
8683,8683,0,156,2050
8684,8684,0,493,2049
8685,8685,0,956,2050
8686,8686,0,1509,2049
8687,8687,0,2105,2049
8688,8688,0,2696,2049
8689,8689,0,3235,2048
8690,8690,0,3676,2050
8691,8691,0,3984,2050
8692,8692,0,4095,2049
8693,8693,0,4095,2050
8694,8694,0,3917,2049
8695,8695,0,3573,2050
8696,8696,0,3102,2049
8697,8697,0,2546,2049
8698,8698,0,1948,2049
8699,8699,0,1358,2049
8700,8700,0,825,2049
8701,8701,0,392,2049
8702,8702,0,93,2049
8703,8703,0,0,2050
8704,8704,0,0,2049
8705,8705,0,191,2049
8706,8706,0,545,2049
8707,8707,0,1022,2049
8708,8708,0,1583,2050
8709,8709,0,2181,2049
8710,8710,0,2769,2049
8711,8711,0,3298,2050
8712,8712,0,3723,2049
8713,8713,0,4012,2049
8714,8714,0,4095,2049
8715,8715,0,4093,2049
8716,8716,0,3882,2049
8717,8717,0,3518,2049
8718,8718,0,3035,2050
8719,8719,0,2471,2049
8720,8720,0,1871,2049
8721,8721,0,1286,2049
8722,8722,0,763,2049
8723,8723,0,346,2049
8724,8724,0,66,2049
8725,8725,0,0,2049
8726,8726,0,6,2049
8727,8727,0,228,2049
8728,8728,0,600,2049
8729,8729,0,1090,2049
8730,8730,0,1658,2049
8731,8731,0,2258,2049
8732,8732,0,2841,2049
8733,8733,0,3359,2049
8734,8734,0,3769,2049
8735,8735,0,4037,2049
8736,8736,0,4095,2050
8737,8737,0,4076,2049
8738,8738,0,3843,2049
8739,8739,0,3464,2050
8740,8740,0,2967,2049
8741,8741,0,2396,2049
8742,8742,0,1795,2049
8743,8743,0,1215,2050
8744,8744,0,703,2049
8745,8745,0,301,2049
8746,8746,0,42,2049
8747,8747,0,0,2049
8748,8748,0,25,2049
8749,8749,0,268,2049
8750,8750,0,657,2049
8751,8751,0,1159,2050
8752,8752,0,1734,2049
8753,8753,0,2335,2049
8754,8754,0,2912,2049
8755,8755,0,3418,2049
8756,8756,0,3811,2049
8757,8757,0,4060,2049
8758,8758,0,4095,2049
8759,8759,0,4056,2049
8760,8760,0,3802,2050
8761,8761,0,3405,2049
8762,8762,0,2897,2049
8763,8763,0,2319,2049
8764,8764,0,1719,2050
8765,8765,0,1145,2049
8766,8766,0,645,2049
8767,8767,0,260,2049
8768,8768,0,21,2049
8769,8769,0,0,2049
8770,8770,0,47,2049
8771,8771,0,311,2050
8772,8772,0,715,2049
8773,8773,0,1230,2049
8774,8774,0,1811,2048
8775,8775,0,2411,2049
8776,8776,0,2981,2049
8777,8777,0,3475,2049
8778,8778,0,3852,2049
8779,8779,0,4081,2050
8780,8780,0,4095,2049
8781,8781,0,4032,2049
8782,8782,0,3759,2050
8783,8783,0,3345,2049
8784,8784,0,2827,2049
8785,8785,0,2243,2049
8786,8786,0,1642,2048
8787,8787,0,1076,2049
8788,8788,0,589,2049
8789,8789,0,221,2049
8790,8790,0,3,2049
8791,8791,0,0,2049
8792,8792,0,72,2050
8793,8793,0,355,2049
8794,8794,0,776,2049
8795,8795,0,1301,2049
8796,8796,0,1888,2049
8797,8797,0,2486,2049
8798,8798,0,3050,2049
8799,8799,0,3530,2049
8800,8800,0,3889,2049
8801,8801,0,4095,2049
8802,8802,0,4095,2049
8803,8803,0,4006,2050
8804,8804,0,3714,2049
8805,8805,0,3283,2049
8806,8806,0,2754,2050
8807,8807,0,2166,2048
8808,8808,0,1568,2049
8809,8809,0,1009,2050
8810,8810,0,534,2049
8811,8811,0,184,2050
8812,8812,0,0,2050
8813,8813,0,0,2049
8814,8814,0,100,2050
8815,8815,0,401,2049
8816,8816,0,838,2049
8817,8817,0,1373,2049
8818,8818,0,1964,2049
8819,8819,0,2561,2049
8820,8820,0,3116,2049
8821,8821,0,3583,2050
8822,8822,0,3925,2049
8823,8823,0,4095,2050
8824,8824,0,4095,2049
8825,8825,0,3977,2049
8826,8826,0,3666,2049
8827,8827,0,3221,2049
8828,8828,0,2681,2049
8829,8829,0,2088,2050
8830,8830,0,1492,2049
8831,8831,0,942,2049
8832,8832,0,482,2050
8833,8833,0,150,2049
8834,8834,0,0,2049
8835,8835,0,0,2049
8836,8836,0,130,2050
8837,8837,0,450,2049
8838,8838,0,902,2049
8839,8839,0,1447,2049
8840,8840,0,2041,2050
8841,8841,0,2635,2049
8842,8842,0,3182,2049
8843,8843,0,3635,2048
8844,8844,0,3958,2050
8845,8845,0,4095,2049
8846,8846,0,4095,2049
8847,8847,0,3946,2049
8848,8848,0,3616,2049
8849,8849,0,3157,2049
8850,8850,0,2608,2050
8851,8851,0,2012,2050
8852,8852,0,1420,2049
8853,8853,0,877,2049
8854,8854,0,431,2050
8855,8855,0,118,2049
8856,8856,0,0,2049
8857,8857,0,0,2049
8858,8858,0,162,2049
8859,8859,0,502,2050
8860,8860,0,967,2049
8861,8861,0,1521,2049
8862,8862,0,2119,2049
8863,8863,0,2709,2049
8864,8864,0,3246,2049
8865,8865,0,3684,2049
8866,8866,0,3988,2050
8867,8867,0,4095,2050
8868,8868,0,4095,2049
8869,8869,0,3912,2049
8870,8870,0,3564,2050
8871,8871,0,3091,2049
8872,8872,0,2534,2050
8873,8873,0,1935,2049
8874,8874,0,1346,2049
8875,8875,0,814,2050
8876,8876,0,384,2049
8877,8877,0,90,2049
8878,8878,0,0,2048
8879,8879,0,0,2049
8880,8880,0,197,2049
8881,8881,0,554,2049
8882,8882,0,1034,2049
8883,8883,0,1596,2050
8884,8884,0,2195,2049
8885,8885,0,2781,2050
8886,8886,0,3308,2049
8887,8887,0,3732,2050
8888,8888,0,4016,2049
8889,8889,0,4095,2050
8890,8890,0,4091,2049
8891,8891,0,3875,2049
8892,8892,0,3510,2049
8893,8893,0,3023,2049
8894,8894,0,2458,2050
8895,8895,0,1858,2049
8896,8896,0,1274,2050
8897,8897,0,753,2049
8898,8898,0,338,2049
8899,8899,0,63,2049
8900,8900,0,0,2050
8901,8901,0,9,2049
8902,8902,0,235,2049
8903,8903,0,610,2050
8904,8904,0,1101,2049
8905,8905,0,1671,2049
8906,8906,0,2271,2049
8907,8907,0,2853,2049
8908,8908,0,3368,2049
8909,8909,0,3776,2049
8910,8910,0,4042,2049
8911,8911,0,4095,2050
8912,8912,0,4073,2049
8913,8913,0,3837,2049
8914,8914,0,3453,2050
8915,8915,0,2955,2049
8916,8916,0,2382,2049
8917,8917,0,1782,2049
8918,8918,0,1203,2049
8919,8919,0,693,2050
8920,8920,0,294,2050
8921,8921,0,39,2049
8922,8922,0,0,2050
8923,8923,0,29,2049
8924,8924,0,276,2050
8925,8925,0,666,2049
8926,8926,0,1171,2049
8927,8927,0,1748,2049
8928,8928,0,2348,2048
8929,8929,0,2923,2049
8930,8930,0,3428,2049
8931,8931,0,3817,2049
8932,8932,0,4063,2049
8933,8933,0,4095,2049
8934,8934,0,4051,2050
8935,8935,0,3795,2049
8936,8936,0,3395,2049
8937,8937,0,2885,2049
8938,8938,0,2306,2049
8939,8939,0,1706,2049
8940,8940,0,1133,2049
8941,8941,0,635,2049
8942,8942,0,253,2050
8943,8943,0,18,2049
8944,8944,0,0,2049
8945,8945,0,51,2050
8946,8946,0,318,2049
8947,8947,0,725,2049
8948,8948,0,1241,2050
8949,8949,0,1823,2050
8950,8950,0,2423,2050
8951,8951,0,2993,2049
8952,8952,0,3485,2049
8953,8953,0,3859,2049
8954,8954,0,4083,2049
8955,8955,0,4095,2049
8956,8956,0,4028,2049
8957,8957,0,3752,2049
8958,8958,0,3336,2048
8959,8959,0,2814,2049
8960,8960,0,2229,2049
8961,8961,0,1630,2050
8962,8962,0,1064,2050
8963,8963,0,580,2049
8964,8964,0,215,2049
8965,8965,0,0,2050
8966,8966,0,0,2049
8967,8967,0,77,2049
8968,8968,0,362,2049
8969,8969,0,785,2049
8970,8970,0,1314,2049
8971,8971,0,1900,2049
8972,8972,0,2498,2049
8973,8973,0,3061,2050
8974,8974,0,3539,2049
8975,8975,0,3895,2049
8976,8976,0,4095,2049
8977,8977,0,4095,2049
8978,8978,0,4001,2049
8979,8979,0,3706,2049
8980,8980,0,3273,2049
8981,8981,0,2742,2049
8982,8982,0,2154,2049
8983,8983,0,1554,2049
8984,8984,0,997,2050
8985,8985,0,525,2049
8986,8986,0,178,2049
8987,8987,0,0,2049
8988,8988,0,0,2049
8989,8989,0,104,2049
8990,8990,0,409,2049
8991,8991,0,849,2049
8992,8992,0,1386,2049
8993,8993,0,1977,2049
8994,8994,0,2574,2049
8995,8995,0,3127,2049
8996,8996,0,3592,2049
8997,8997,0,3931,2049
8998,8998,0,4095,2050
8999,8999,0,4095,2049
9000,9000,0,3973,2049
9001,9001,0,3658,2049
9002,9002,0,3211,2049
9003,9003,0,2669,2049
9004,9004,0,2076,2048
9005,9005,0,1480,2049
9006,9006,0,931,2049
9007,9007,0,473,2049
9008,9008,0,144,2049
9009,9009,0,0,2049
9010,9010,0,0,2049
9011,9011,0,135,2049
9012,9012,0,459,2049
9013,9013,0,913,2049
9014,9014,0,1459,2049
9015,9015,0,2053,2049
9016,9016,0,2648,2049
9017,9017,0,3193,2049
9018,9018,0,3644,2049
9019,9019,0,3963,2049
9020,9020,0,4095,2049
9021,9021,0,4095,2049
9022,9022,0,3940,2049
9023,9023,0,3607,2049
9024,9024,0,3146,2049
9025,9025,0,2595,2048
9026,9026,0,1999,2048
9027,9027,0,1406,2048
9028,9028,0,867,2049
9029,9029,0,424,2049
9030,9030,0,114,2048
9031,9031,0,0,2049
9032,9032,0,0,2049
9033,9033,0,168,2050
9034,9034,0,511,2049
9035,9035,0,978,2049
9036,9036,0,1534,2049
9037,9037,0,2131,2050
9038,9038,0,2722,2049
9039,9039,0,3257,2050
9040,9040,0,3692,2049
9041,9041,0,3994,2049
9042,9042,0,4095,2049
9043,9043,0,4095,2049
9044,9044,0,3905,2049
9045,9045,0,3555,2050
9046,9046,0,3080,2049
9047,9047,0,2521,2049
9048,9048,0,1922,2049
9049,9049,0,1334,2049
9050,9050,0,805,2049
9051,9051,0,376,2049
9052,9052,0,85,2049
9053,9053,0,0,2050
9054,9054,0,0,2049
9055,9055,0,203,2050
9056,9056,0,564,2049
9057,9057,0,1045,2049
9058,9058,0,1608,2049
9059,9059,0,2208,2050
9060,9060,0,2794,2049
9061,9061,0,3319,2049
9062,9062,0,3739,2048
9063,9063,0,4021,2048
9064,9064,0,4095,2049
9065,9065,0,4088,2049
9066,9066,0,3869,2050
9067,9067,0,3500,2050
9068,9068,0,3011,2049
9069,9069,0,2445,2049
9070,9070,0,1845,2049
9071,9071,0,1262,2049
9072,9072,0,743,2049
9073,9073,0,330,2049
9074,9074,0,59,2050
9075,9075,0,0,2049
9076,9076,0,13,2049
9077,9077,0,242,2049
9078,9078,0,619,2049
9079,9079,0,1113,2049
9080,9080,0,1684,2049
9081,9081,0,2285,2050
9082,9082,0,2865,2049
9083,9083,0,3379,2050
9084,9084,0,3783,2048
9085,9085,0,4046,2049
9086,9086,0,4095,2050
9087,9087,0,4070,2050
9088,9088,0,3829,2050
9089,9089,0,3444,2049
9090,9090,0,2943,2049
9091,9091,0,2369,2049
9092,9092,0,1769,2050
9093,9093,0,1191,2049
9094,9094,0,683,2049
9095,9095,0,287,2050
9096,9096,0,35,2049
9097,9097,0,0,2050
9098,9098,0,32,2049
9099,9099,0,283,2049
9100,9100,0,676,2049
9101,9101,0,1183,2049
9102,9102,0,1759,2049
9103,9103,0,2360,2049
9104,9104,0,2935,2049
9105,9105,0,3437,2049
9106,9106,0,3825,2049
9107,9107,0,4067,2050
9108,9108,0,4095,2049
9109,9109,0,4047,2049
9110,9110,0,3788,2049
9111,9111,0,3386,2050
9112,9112,0,2873,2049
9113,9113,0,2293,2049
9114,9114,0,1693,2049
9115,9115,0,1121,2049
9116,9116,0,626,2049
9117,9117,0,247,2049
9118,9118,0,15,2049
9119,9119,0,0,2049
9120,9120,0,55,2049
9121,9121,0,325,2049
9122,9122,0,735,2049
9123,9123,0,1254,2049
9124,9124,0,1836,2049
9125,9125,0,2436,2050
9126,9126,0,3005,2049
9127,9127,0,3494,2050
9128,9128,0,3865,2050
9129,9129,0,4087,2049
9130,9130,0,4095,2049
9131,9131,0,4023,2049
9132,9132,0,3744,2049
9133,9133,0,3325,2050
9134,9134,0,2801,2049
9135,9135,0,2217,2049
9136,9136,0,1617,2049
9137,9137,0,1053,2049
9138,9138,0,570,2049
9139,9139,0,207,2049
9140,9140,0,0,2049
9141,9141,0,0,2049
9142,9142,0,81,2049
9143,9143,0,369,2049
9144,9144,0,797,2050
9145,9145,0,1326,2049
9146,9146,0,1913,2049
9147,9147,0,2511,2049
9148,9148,0,3071,2049
9149,9149,0,3548,2049
9150,9150,0,3901,2049
9151,9151,0,4095,2049
9152,9152,0,4095,2049
9153,9153,0,3996,2049
9154,9154,0,3698,2050
9155,9155,0,3263,2049
9156,9156,0,2730,2049
9157,9157,0,2140,2049
9158,9158,0,1542,2049
9159,9159,0,986,2049
9160,9160,0,517,2049
9161,9161,0,172,2049
9162,9162,0,0,2049
9163,9163,0,0,2050
9164,9164,0,109,2049
9165,9165,0,417,2049
9166,9166,0,859,2049
9167,9167,0,1398,2049
9168,9168,0,1989,2049
9169,9169,0,2586,2050
9170,9170,0,3139,2050
9171,9171,0,3602,2049
9172,9172,0,3936,2050
9173,9173,0,4095,2049
9174,9174,0,4095,2049
9175,9175,0,3967,2048
9176,9176,0,3649,2049
9177,9177,0,3200,2049
9178,9178,0,2656,2049
9179,9179,0,2063,2049
9180,9180,0,1468,2049
9181,9181,0,920,2049
9182,9182,0,465,2049
9183,9183,0,139,2050
9184,9184,0,0,2050
9185,9185,0,0,2050
9186,9186,0,140,2050
9187,9187,0,467,2049
9188,9188,0,923,2049
9189,9189,0,1472,2049
9190,9190,0,2067,2049
9191,9191,0,2661,2050
9192,9192,0,3204,2049
9193,9193,0,3652,2049
9194,9194,0,3969,2049
9195,9195,0,4095,2050
9196,9196,0,4095,2049
9197,9197,0,3935,2049
9198,9198,0,3598,2049
9199,9199,0,3135,2049
9200,9200,0,2582,2050
9201,9201,0,1986,2049
9202,9202,0,1395,2049
9203,9203,0,856,2049
9204,9204,0,415,2050
9205,9205,0,109,2049
9206,9206,0,0,2049
9207,9207,0,0,2050
9208,9208,0,174,2049
9209,9209,0,519,2049
9210,9210,0,989,2049
9211,9211,0,1545,2050
9212,9212,0,2144,2050
9213,9213,0,2733,2049
9214,9214,0,3267,2049
9215,9215,0,3700,2050
9216,9216,0,3998,2050
9217,9217,0,4095,2049
9218,9218,0,4095,2050
9219,9219,0,3900,2049
9220,9220,0,3546,2050
9221,9221,0,3070,2049
9222,9222,0,2508,2049
9223,9223,0,1910,2049
9224,9224,0,1322,2049
9225,9225,0,794,2049
9226,9226,0,368,2049
9227,9227,0,80,2049
9228,9228,0,0,2049
9229,9229,0,0,2049
9230,9230,0,209,2050
9231,9231,0,573,2049
9232,9232,0,1056,2050
9233,9233,0,1621,2050
9234,9234,0,2221,2049
9235,9235,0,2805,2049
9236,9236,0,3328,2049
9237,9237,0,3747,2049
9238,9238,0,4025,2049
9239,9239,0,4095,2050
9240,9240,0,4085,2049
9241,9241,0,3863,2049
9242,9242,0,3490,2049
9243,9243,0,3001,2049
9244,9244,0,2432,2050
9245,9245,0,1833,2049
9246,9246,0,1250,2049
9247,9247,0,733,2049
9248,9248,0,322,2049
9249,9249,0,54,2049
9250,9250,0,0,2049
9251,9251,0,15,2050
9252,9252,0,248,2049
9253,9253,0,629,2049
9254,9254,0,1125,2049
9255,9255,0,1696,2050
9256,9256,0,2297,2048
9257,9257,0,2876,2049
9258,9258,0,3388,2048
9259,9259,0,3791,2049
9260,9260,0,4049,2049
9261,9261,0,4095,2049
9262,9262,0,4066,2050
9263,9263,0,3823,2049
9264,9264,0,3434,2049
9265,9265,0,2931,2050
9266,9266,0,2357,2049
9267,9267,0,1756,2050
9268,9268,0,1180,2049
9269,9269,0,674,2049
9270,9270,0,280,2049
9271,9271,0,31,2049
9272,9272,0,0,2050
9273,9273,0,36,2049
9274,9274,0,289,2050
9275,9275,0,686,2050
9276,9276,0,1195,2049
9277,9277,0,1772,2048
9278,9278,0,2373,2050
9279,9279,0,2947,2050
9280,9280,0,3446,2049
9281,9281,0,3832,2049
9282,9282,0,4071,2049
9283,9283,0,4095,2049
9284,9284,0,4044,2049
9285,9285,0,3781,2049
9286,9286,0,3375,2049
9287,9287,0,2862,2049
9288,9288,0,2280,2049
9289,9289,0,1680,2049
9290,9290,0,1110,2050
9291,9291,0,616,2049
9292,9292,0,240,2049
9293,9293,0,12,2050
9294,9294,0,0,2049
9295,9295,0,59,2049
9296,9296,0,332,2049
9297,9297,0,745,2048
9298,9298,0,1265,2049
9299,9299,0,1849,2049
9300,9300,0,2449,2049
9301,9301,0,3016,2049
9302,9302,0,3503,2049
9303,9303,0,3871,2049
9304,9304,0,4090,2049
9305,9305,0,4095,2049
9306,9306,0,4019,2050
9307,9307,0,3737,2049
9308,9308,0,3316,2049
9309,9309,0,2790,2049
9310,9310,0,2204,2048
9311,9311,0,1605,2049
9312,9312,0,1042,2049
9313,9313,0,561,2049
9314,9314,0,202,2049
9315,9315,0,0,2049
9316,9316,0,0,2049
9317,9317,0,86,2050
9318,9318,0,378,2049
9319,9319,0,807,2049
9320,9320,0,1337,2049
9321,9321,0,1926,2049
9322,9322,0,2524,2049
9323,9323,0,3083,2049
9324,9324,0,3557,2049
9325,9325,0,3907,2049
9326,9326,0,4095,2049
9327,9327,0,4095,2050
9328,9328,0,3992,2049
9329,9329,0,3690,2049
9330,9330,0,3253,2049
9331,9331,0,2718,2050
9332,9332,0,2127,2049
9333,9333,0,1530,2049
9334,9334,0,975,2049
9335,9335,0,508,2049
9336,9336,0,167,2049
9337,9337,0,0,2049
9338,9338,0,0,2049
9339,9339,0,114,2049
9340,9340,0,425,2049
9341,9341,0,869,2049
9342,9342,0,1411,2049
9343,9343,0,2002,2049
9344,9344,0,2599,2049
9345,9345,0,3150,2049
9346,9346,0,3610,2049
9347,9347,0,3942,2049
9348,9348,0,4095,2049
9349,9349,0,4095,2049
9350,9350,0,3961,2049
9351,9351,0,3641,2049
9352,9352,0,3189,2049
9353,9353,0,2645,2049
9354,9354,0,2050,2049
9355,9355,0,1456,2049
9356,9356,0,910,2050
9357,9357,0,457,2049
9358,9358,0,133,2049
9359,9359,0,0,2050
9360,9360,0,0,2049
9361,9361,0,145,2050
9362,9362,0,476,2049
9363,9363,0,934,2049
9364,9364,0,1484,2049
9365,9365,0,2079,2049
9366,9366,0,2672,2049
9367,9367,0,3214,2049
9368,9368,0,3660,2049
9369,9369,0,3974,2050
9370,9370,0,4095,2049
9371,9371,0,4095,2049
9372,9372,0,3929,2049
9373,9373,0,3590,2050
9374,9374,0,3124,2049
9375,9375,0,2571,2049
9376,9376,0,1973,2049
9377,9377,0,1382,2050
9378,9378,0,846,2049
9379,9379,0,407,2049
9380,9380,0,103,2049
9381,9381,0,0,2049
9382,9382,0,0,2050
9383,9383,0,180,2049
9384,9384,0,527,2049
9385,9385,0,1000,2049
9386,9386,0,1558,2049
9387,9387,0,2156,2049
9388,9388,0,2745,2049
9389,9389,0,3277,2050
9390,9390,0,3708,2050
9391,9391,0,4003,2049
9392,9392,0,4095,2049
9393,9393,0,4095,2050
9394,9394,0,3893,2049
9395,9395,0,3537,2049
9396,9396,0,3057,2049
9397,9397,0,2495,2049
9398,9398,0,1897,2049
9399,9399,0,1310,2049
9400,9400,0,784,2050
9401,9401,0,360,2050
9402,9402,0,75,2049
9403,9403,0,0,2049
9404,9404,0,0,2049
9405,9405,0,216,2049
9406,9406,0,582,2049
9407,9407,0,1068,2049
9408,9408,0,1633,2049
9409,9409,0,2233,2049
9410,9410,0,2817,2049
9411,9411,0,3338,2049
9412,9412,0,3754,2050
9413,9413,0,4029,2050
9414,9414,0,4095,2049
9415,9415,0,4082,2050
9416,9416,0,3856,2049
9417,9417,0,3482,2049
9418,9418,0,2990,2049
9419,9419,0,2420,2049
9420,9420,0,1819,2049
9421,9421,0,1238,2049
9422,9422,0,723,2049
9423,9423,0,316,2049
9424,9424,0,51,2049
9425,9425,0,0,2049
9426,9426,0,18,2050
9427,9427,0,255,2049
9428,9428,0,638,2049
9429,9429,0,1136,2050
9430,9430,0,1709,2049
9431,9431,0,2310,2050
9432,9432,0,2889,2049
9433,9433,0,3399,2049
9434,9434,0,3798,2049
9435,9435,0,4053,2049
9436,9436,0,4095,2050
9437,9437,0,4063,2050
9438,9438,0,3816,2048
9439,9439,0,3424,2049
9440,9440,0,2920,2050
9441,9441,0,2345,2049
9442,9442,0,1744,2050
9443,9443,0,1168,2049
9444,9444,0,664,2049
9445,9445,0,273,2049
9446,9446,0,28,2049
9447,9447,0,0,2049
9448,9448,0,40,2050
9449,9449,0,296,2050
9450,9450,0,696,2049
9451,9451,0,1206,2049
9452,9452,0,1785,2049
9453,9453,0,2386,2049
9454,9454,0,2959,2049
9455,9455,0,3457,2050
9456,9456,0,3839,2050
9457,9457,0,4074,2049
9458,9458,0,4095,2049
9459,9459,0,4040,2050
9460,9460,0,3773,2049
9461,9461,0,3366,2049
9462,9462,0,2850,2050
9463,9463,0,2268,2049
9464,9464,0,1668,2049
9465,9465,0,1099,2049
9466,9466,0,607,2049
9467,9467,0,233,2049
9468,9468,0,9,2049
9469,9469,0,0,2050
9470,9470,0,63,2049
9471,9471,0,340,2050
9472,9472,0,755,2049
9473,9473,0,1277,2049
9474,9474,0,1862,2049
9475,9475,0,2461,2049
9476,9476,0,3027,2049
9477,9477,0,3513,2049
9478,9478,0,3877,2049
9479,9479,0,4093,2050
9480,9480,0,4095,2049
9481,9481,0,4015,2049
9482,9482,0,3729,2048
9483,9483,0,3305,2049
9484,9484,0,2778,2049
9485,9485,0,2191,2049
9486,9486,0,1593,2050
9487,9487,0,1031,2049
9488,9488,0,551,2049
9489,9489,0,196,2050
9490,9490,0,0,2049
9491,9491,0,0,2049
9492,9492,0,90,2049
9493,9493,0,386,2049
9494,9494,0,817,2049
9495,9495,0,1349,2049
9496,9496,0,1938,2049
9497,9497,0,2536,2049
9498,9498,0,3094,2049
9499,9499,0,3566,2050
9500,9500,0,3914,2049
9501,9501,0,4095,2049
9502,9502,0,4095,2050
9503,9503,0,3986,2049
9504,9504,0,3682,2049
9505,9505,0,3243,2050
9506,9506,0,2705,2050
9507,9507,0,2114,2048
9508,9508,0,1517,2048
9509,9509,0,964,2049
9510,9510,0,499,2049
9511,9511,0,161,2049
9512,9512,0,0,2049
9513,9513,0,0,2050
9514,9514,0,119,2049
9515,9515,0,434,2049
9516,9516,0,881,2049
9517,9517,0,1423,2049
9518,9518,0,2016,2049
9519,9519,0,2611,2049
9520,9520,0,3160,2050
9521,9521,0,3618,2049
9522,9522,0,3948,2050
9523,9523,0,4095,2049
9524,9524,0,4095,2049
9525,9525,0,3956,2049
9526,9526,0,3633,2048
9527,9527,0,3179,2049
9528,9528,0,2632,2049
9529,9529,0,2038,2049
9530,9530,0,1443,2050
9531,9531,0,899,2049
9532,9532,0,448,2049
9533,9533,0,128,2049
9534,9534,0,0,2049
9535,9535,0,0,2049
9536,9536,0,151,2049
9537,9537,0,484,2049
9538,9538,0,945,2049
9539,9539,0,1497,2049
9540,9540,0,2092,2049
9541,9541,0,2684,2049
9542,9542,0,3225,2049
9543,9543,0,3668,2049
9544,9544,0,3979,2050
9545,9545,0,4095,2049
9546,9546,0,4095,2049
9547,9547,0,3923,2049
9548,9548,0,3581,2049
9549,9549,0,3113,2049
9550,9550,0,2558,2049
9551,9551,0,1961,2049
9552,9552,0,1371,2050
9553,9553,0,835,2049
9554,9554,0,399,2049
9555,9555,0,98,2050
9556,9556,0,0,2049
9557,9557,0,0,2049
9558,9558,0,186,2049
9559,9559,0,536,2050
9560,9560,0,1011,2049
9561,9561,0,1570,2049
9562,9562,0,2169,2049
9563,9563,0,2757,2049
9564,9564,0,3287,2049
9565,9565,0,3716,2049
9566,9566,0,4007,2049
9567,9567,0,4095,2049
9568,9568,0,4095,2050
9569,9569,0,3887,2049
9570,9570,0,3528,2049
9571,9571,0,3047,2050
9572,9572,0,2483,2049
9573,9573,0,1883,2050
9574,9574,0,1297,2050
9575,9575,0,773,2049
9576,9576,0,353,2050
9577,9577,0,71,2049
9578,9578,0,0,2050
9579,9579,0,3,2049
9580,9580,0,223,2049
9581,9581,0,591,2049
9582,9582,0,1079,2049
9583,9583,0,1646,2050
9584,9584,0,2246,2049
9585,9585,0,2829,2049
9586,9586,0,3349,2049
9587,9587,0,3761,2049
9588,9588,0,4033,2049
9589,9589,0,4095,2050
9590,9590,0,4080,2049
9591,9591,0,3849,2050
9592,9592,0,3472,2049
9593,9593,0,2978,2049
9594,9594,0,2407,2049
9595,9595,0,1807,2049
9596,9596,0,1226,2049
9597,9597,0,713,2049
9598,9598,0,309,2049
9599,9599,0,46,2049
9600,9600,0,0,2049
9601,9601,0,22,2049
9602,9602,0,262,2050
9603,9603,0,647,2049
9604,9604,0,1148,2049
9605,9605,0,1722,2050
9606,9606,0,2322,2050
9607,9607,0,2900,2049
9608,9608,0,3408,2049
9609,9609,0,3804,2049
9610,9610,0,4057,2049
9611,9611,0,4095,2049
9612,9612,0,4059,2049
9613,9613,0,3809,2050
9614,9614,0,3415,2049
9615,9615,0,2909,2049
9616,9616,0,2332,2049
9617,9617,0,1731,2049
9618,9618,0,1156,2049
9619,9619,0,655,2049
9620,9620,0,267,2049
9621,9621,0,23,2049
9622,9622,0,0,2050
9623,9623,0,44,2049
9624,9624,0,303,2049
9625,9625,0,705,2049
9626,9626,0,1217,2049
9627,9627,0,1798,2049
9628,9628,0,2398,2050
9629,9629,0,2970,2050
9630,9630,0,3466,2049
9631,9631,0,3845,2048
9632,9632,0,4077,2049
9633,9633,0,4095,2049
9634,9634,0,4036,2049
9635,9635,0,3766,2049
9636,9636,0,3356,2049
9637,9637,0,2838,2049
9638,9638,0,2255,2049
9639,9639,0,1655,2049
9640,9640,0,1087,2049
9641,9641,0,597,2049
9642,9642,0,227,2049
9643,9643,0,6,2049
9644,9644,0,0,2049
9645,9645,0,68,2049
9646,9646,0,347,2049
9647,9647,0,766,2050
9648,9648,0,1289,2049
9649,9649,0,1874,2050
9650,9650,0,2474,2049
9651,9651,0,3038,2050
9652,9652,0,3521,2049
9653,9653,0,3884,2049
9654,9654,0,4095,2049
9655,9655,0,4095,2048
9656,9656,0,4010,2049
9657,9657,0,3721,2050
9658,9658,0,3294,2049
9659,9659,0,2766,2050
9660,9660,0,2178,2049
9661,9661,0,1580,2049
9662,9662,0,1019,2049
9663,9663,0,543,2049
9664,9664,0,191,2050
9665,9665,0,0,2049
9666,9666,0,0,2049
9667,9667,0,95,2049
9668,9668,0,393,2049
9669,9669,0,828,2050
9670,9670,0,1362,2049
9671,9671,0,1951,2048
9672,9672,0,2549,2049
9673,9673,0,3106,2049
9674,9674,0,3575,2049
9675,9675,0,3920,2049
9676,9676,0,4095,2049
9677,9677,0,4095,2049
9678,9678,0,3982,2049
9679,9679,0,3674,2049
9680,9680,0,3232,2049
9681,9681,0,2693,2050
9682,9682,0,2102,2049
9683,9683,0,1505,2050
9684,9684,0,953,2049
9685,9685,0,491,2049
9686,9686,0,155,2049
9687,9687,0,0,2049
9688,9688,0,0,2049
9689,9689,0,124,2049
9690,9690,0,442,2049
9691,9691,0,890,2049
9692,9692,0,1434,2049
9693,9693,0,2028,2049
9694,9694,0,2623,2049
9695,9695,0,3170,2050
9696,9696,0,3626,2049
9697,9697,0,3952,2049
9698,9698,0,4095,2049
9699,9699,0,4095,2049
9700,9700,0,3951,2049
9701,9701,0,3624,2049
9702,9702,0,3168,2049
9703,9703,0,2621,2050
9704,9704,0,2024,2050
9705,9705,0,1432,2049
9706,9706,0,889,2049
9707,9707,0,440,2049
9708,9708,0,123,2049
9709,9709,0,0,2049
9710,9710,0,0,2049
9711,9711,0,156,2050
9712,9712,0,492,2049
9713,9713,0,956,2049
9714,9714,0,1508,2049
9715,9715,0,2105,2050
9716,9716,0,2697,2049
9717,9717,0,3235,2049
9718,9718,0,3676,2049
9719,9719,0,3984,2050
9720,9720,0,4095,2050
9721,9721,0,4095,2049
9722,9722,0,3918,2049
9723,9723,0,3572,2049
9724,9724,0,3102,2049
9725,9725,0,2546,2050
9726,9726,0,1948,2049
9727,9727,0,1358,2049
9728,9728,0,825,2049
9729,9729,0,392,2049
9730,9730,0,94,2049
9731,9731,0,0,2050
9732,9732,0,0,2050
9733,9733,0,191,2049
9734,9734,0,545,2049
9735,9735,0,1022,2050
9736,9736,0,1583,2049
9737,9737,0,2182,2049
9738,9738,0,2770,2049
9739,9739,0,3297,2049
9740,9740,0,3724,2050
9741,9741,0,4012,2049
9742,9742,0,4095,2049
9743,9743,0,4094,2049
9744,9744,0,3882,2050
9745,9745,0,3518,2049
9746,9746,0,3035,2049
9747,9747,0,2471,2049
9748,9748,0,1872,2049
9749,9749,0,1286,2049
9750,9750,0,764,2049
9751,9751,0,345,2049
9752,9752,0,66,2049
9753,9753,0,0,2049
9754,9754,0,6,2049
9755,9755,0,228,2050
9756,9756,0,600,2049
9757,9757,0,1089,2049
9758,9758,0,1659,2049
9759,9759,0,2258,2049
9760,9760,0,2841,2049
9761,9761,0,3358,2048
9762,9762,0,3768,2049
9763,9763,0,4037,2049
9764,9764,0,4095,2049
9765,9765,0,4076,2049
9766,9766,0,3843,2049
9767,9767,0,3463,2049
9768,9768,0,2967,2049
9769,9769,0,2395,2050
9770,9770,0,1794,2050
9771,9771,0,1215,2049
9772,9772,0,703,2049
9773,9773,0,301,2049
9774,9774,0,42,2049
9775,9775,0,0,2049
9776,9776,0,25,2049
9777,9777,0,268,2049
9778,9778,0,656,2050
9779,9779,0,1160,2050
9780,9780,0,1734,2049
9781,9781,0,2335,2050
9782,9782,0,2912,2049
9783,9783,0,3418,2050
9784,9784,0,3812,2049
9785,9785,0,4060,2049
9786,9786,0,4095,2050
9787,9787,0,4055,2049
9788,9788,0,3802,2050
9789,9789,0,3406,2049
9790,9790,0,2896,2049
9791,9791,0,2319,2049
9792,9792,0,1719,2049
9793,9793,0,1145,2049
9794,9794,0,645,2049
9795,9795,0,261,2050
9796,9796,0,22,2049
9797,9797,0,0,2049
9798,9798,0,46,2049
9799,9799,0,310,2050
9800,9800,0,715,2049
9801,9801,0,1229,2050
9802,9802,0,1810,2049
9803,9803,0,2411,2049
9804,9804,0,2981,2050
9805,9805,0,3474,2049
9806,9806,0,3852,2049
9807,9807,0,4081,2048
9808,9808,0,4095,2049
9809,9809,0,4031,2049
9810,9810,0,3759,2049
9811,9811,0,3346,2049
9812,9812,0,2827,2049
9813,9813,0,2243,2049
9814,9814,0,1643,2049
9815,9815,0,1076,2049
9816,9816,0,589,2049
9817,9817,0,221,2049
9818,9818,0,3,2049
9819,9819,0,0,2050
9820,9820,0,72,2049
9821,9821,0,355,2049
9822,9822,0,776,2049
9823,9823,0,1301,2049
9824,9824,0,1886,2050
9825,9825,0,2486,2048
9826,9826,0,3050,2050
9827,9827,0,3530,2049
9828,9828,0,3889,2049
9829,9829,0,4095,2050
9830,9830,0,4095,2049
9831,9831,0,4006,2049
9832,9832,0,3713,2049
9833,9833,0,3285,2049
9834,9834,0,2755,2049
9835,9835,0,2166,2049
9836,9836,0,1567,2049
9837,9837,0,1009,2050
9838,9838,0,535,2049
9839,9839,0,184,2049
9840,9840,0,0,2049
9841,9841,0,0,2049
9842,9842,0,99,2049
9843,9843,0,402,2049
9844,9844,0,838,2050
9845,9845,0,1373,2049
9846,9846,0,1963,2049
9847,9847,0,2561,2050
9848,9848,0,3116,2049
9849,9849,0,3583,2049
9850,9850,0,3925,2049
9851,9851,0,4095,2050
9852,9852,0,4095,2049
9853,9853,0,3977,2049
9854,9854,0,3666,2049
9855,9855,0,3222,2049
9856,9856,0,2682,2049
9857,9857,0,2089,2050
9858,9858,0,1493,2049
9859,9859,0,943,2049
9860,9860,0,483,2049
9861,9861,0,150,2049
9862,9862,0,0,2049
9863,9863,0,0,2049
9864,9864,0,129,2050
9865,9865,0,450,2049
9866,9866,0,901,2050
9867,9867,0,1447,2049
9868,9868,0,2040,2049
9869,9869,0,2635,2050
9870,9870,0,3182,2049
9871,9871,0,3634,2049
9872,9872,0,3958,2049
9873,9873,0,4095,2049
9874,9874,0,4095,2049
9875,9875,0,3947,2049
9876,9876,0,3616,2049
9877,9877,0,3157,2049
9878,9878,0,2607,2049
9879,9879,0,2012,2049
9880,9880,0,1419,2049
9881,9881,0,878,2049
9882,9882,0,432,2049
9883,9883,0,119,2049
9884,9884,0,0,2049
9885,9885,0,0,2049
9886,9886,0,162,2049
9887,9887,0,502,2049
9888,9888,0,966,2050
9889,9889,0,1521,2049
9890,9890,0,2117,2049
9891,9891,0,2708,2050
9892,9892,0,3246,2049
9893,9893,0,3684,2049
9894,9894,0,3988,2049
9895,9895,0,4095,2049
9896,9896,0,4095,2049
9897,9897,0,3912,2049
9898,9898,0,3564,2049
9899,9899,0,3091,2049
9900,9900,0,2534,2049
9901,9901,0,1935,2049
9902,9902,0,1347,2049
9903,9903,0,815,2049
9904,9904,0,384,2049
9905,9905,0,89,2049
9906,9906,0,0,2050
9907,9907,0,0,2049
9908,9908,0,198,2048
9909,9909,0,554,2050
9910,9910,0,1034,2049
9911,9911,0,1595,2049
9912,9912,0,2194,2049
9913,9913,0,2781,2049
9914,9914,0,3308,2050
9915,9915,0,3731,2049
9916,9916,0,4017,2049
9917,9917,0,4095,2048
9918,9918,0,4092,2049
9919,9919,0,3876,2049
9920,9920,0,3509,2049
9921,9921,0,3023,2049
9922,9922,0,2459,2050
9923,9923,0,1859,2049
9924,9924,0,1275,2049
9925,9925,0,753,2049
9926,9926,0,338,2049
9927,9927,0,62,2049
9928,9928,0,0,2049
9929,9929,0,9,2049
9930,9930,0,235,2049
9931,9931,0,609,2049
9932,9932,0,1101,2049
9933,9933,0,1671,2050
9934,9934,0,2271,2050
9935,9935,0,2853,2049
9936,9936,0,3368,2050
9937,9937,0,3777,2049
9938,9938,0,4041,2049
9939,9939,0,4095,2049
9940,9940,0,4073,2049
9941,9941,0,3836,2049
9942,9942,0,3454,2049
9943,9943,0,2954,2048
9944,9944,0,2382,2049
9945,9945,0,1782,2049
9946,9946,0,1204,2050
9947,9947,0,694,2049
9948,9948,0,295,2049
9949,9949,0,39,2050
9950,9950,0,0,2049
9951,9951,0,29,2049
9952,9952,0,276,2048
9953,9953,0,666,2049
9954,9954,0,1171,2049
9955,9955,0,1746,2049
9956,9956,0,2348,2049
9957,9957,0,2923,2050
9958,9958,0,3427,2049
9959,9959,0,3818,2050
9960,9960,0,4063,2050
9961,9961,0,4095,2049
9962,9962,0,4052,2049
9963,9963,0,3795,2049
9964,9964,0,3395,2049
9965,9965,0,2885,2049
9966,9966,0,2307,2049
9967,9967,0,1706,2049
9968,9968,0,1133,2050
9969,9969,0,636,2050
9970,9970,0,253,2049
9971,9971,0,18,2049
9972,9972,0,0,2049
9973,9973,0,51,2050
9974,9974,0,317,2049
9975,9975,0,725,2050
9976,9976,0,1241,2048
9977,9977,0,1824,2049
9978,9978,0,2423,2049
9979,9979,0,2992,2050
9980,9980,0,3484,2050
9981,9981,0,3858,2049
9982,9982,0,4083,2049
9983,9983,0,4095,2049
9984,9984,0,4028,2048
9985,9985,0,3751,2050
9986,9986,0,3336,2049
9987,9987,0,2814,2049
9988,9988,0,2230,2049
9989,9989,0,1630,2049
9990,9990,0,1065,2049
9991,9991,0,579,2049
9992,9992,0,215,2050
9993,9993,0,0,2049
9994,9994,0,0,2049
9995,9995,0,76,2050
9996,9996,0,362,2049
9997,9997,0,786,2049
9998,9998,0,1313,2049
9999,9999,0,1900,2049
10000,10000,0,2498,2049
10001,10001,0,3061,2049
10002,10002,0,3539,2050
10003,10003,0,3896,2050
10004,10004,0,4095,2049
10005,10005,0,4095,2049
10006,10006,0,4001,2049
10007,10007,0,3706,2049
10008,10008,0,3274,2049
10009,10009,0,2742,2049
10010,10010,0,2153,2049
10011,10011,0,1555,2049
10012,10012,0,997,2050
10013,10013,0,525,2050
10014,10014,0,178,2049
10015,10015,0,0,2050
10016,10016,0,0,2049
10017,10017,0,104,2049
10018,10018,0,409,2049
10019,10019,0,848,2049
10020,10020,0,1385,2049
10021,10021,0,1976,2049
10022,10022,0,2573,2049
10023,10023,0,3127,2049
10024,10024,0,3592,2049
10025,10025,0,3930,2049
10026,10026,0,4095,2049
10027,10027,0,4095,2050
10028,10028,0,3972,2049
10029,10029,0,3658,2050
10030,10030,0,3211,2050
10031,10031,0,2670,2050
10032,10032,0,2076,2049
10033,10033,0,1481,2049
10034,10034,0,932,2050
10035,10035,0,473,2049
10036,10036,0,145,2049
10037,10037,0,0,2049
10038,10038,0,0,2049
10039,10039,0,134,2049
10040,10040,0,459,2049
10041,10041,0,912,2049
10042,10042,0,1459,2049
10043,10043,0,2053,2049
10044,10044,0,2648,2050
10045,10045,0,3192,2049
10046,10046,0,3643,2049
10047,10047,0,3963,2049
10048,10048,0,4095,2049
10049,10049,0,4095,2049
10050,10050,0,3940,2050
10051,10051,0,3608,2049
10052,10052,0,3146,2049
10053,10053,0,2596,2049
10054,10054,0,1999,2049
10055,10055,0,1407,2049
10056,10056,0,867,2049
10057,10057,0,424,2049
10058,10058,0,113,2048
10059,10059,0,0,2049
10060,10060,0,0,2049
10061,10061,0,167,2049
10062,10062,0,511,2049
10063,10063,0,978,2049
10064,10064,0,1533,2049
10065,10065,0,2130,2049
10066,10066,0,2721,2049
10067,10067,0,3256,2049
10068,10068,0,3692,2049
10069,10069,0,3993,2050
10070,10070,0,4095,2049
10071,10071,0,4095,2049
10072,10072,0,3906,2049
10073,10073,0,3555,2049
10074,10074,0,3080,2048
10075,10075,0,2520,2050
10076,10076,0,1924,2049
10077,10077,0,1335,2049
10078,10078,0,804,2049
10079,10079,0,376,2050
10080,10080,0,84,2050
10081,10081,0,0,2049
10082,10082,0,0,2049
10083,10083,0,204,2050
10084,10084,0,563,2049
10085,10085,0,1045,2049
10086,10086,0,1608,2049
10087,10087,0,2207,2050
10088,10088,0,2793,2049
10089,10089,0,3319,2049
10090,10090,0,3740,2049
10091,10091,0,4021,2049
10092,10092,0,4095,2050
10093,10093,0,4089,2050
10094,10094,0,3869,2049
10095,10095,0,3501,2049
10096,10096,0,3012,2049
10097,10097,0,2446,2049
10098,10098,0,1846,2049
10099,10099,0,1262,2049
10100,10100,0,743,2049
10101,10101,0,331,2049
10102,10102,0,59,2049
10103,10103,0,0,2049
10104,10104,0,12,2049
10105,10105,0,242,2049
10106,10106,0,619,2050
10107,10107,0,1113,2049
10108,10108,0,1683,2049
10109,10109,0,2284,2049
10110,10110,0,2865,2049
10111,10111,0,3379,2049
10112,10112,0,3783,2049
10113,10113,0,4046,2049
10114,10114,0,4095,2050
10115,10115,0,4070,2049
10116,10116,0,3830,2049
10117,10117,0,3443,2049
10118,10118,0,2943,2049
10119,10119,0,2370,2049
10120,10120,0,1769,2049
10121,10121,0,1191,2049
10122,10122,0,683,2049
10123,10123,0,288,2049
10124,10124,0,35,2049
10125,10125,0,0,2049
10126,10126,0,33,2049
10127,10127,0,283,2050
10128,10128,0,676,2049
10129,10129,0,1183,2049
10130,10130,0,1760,2050
10131,10131,0,2360,2049
10132,10132,0,2935,2049
10133,10133,0,3437,2049
10134,10134,0,3825,2048
10135,10135,0,4067,2049
10136,10136,0,4095,2049
10137,10137,0,4048,2049
10138,10138,0,3788,2049
10139,10139,0,3386,2049
10140,10140,0,2873,2049
10141,10141,0,2294,2049
10142,10142,0,1693,2049
10143,10143,0,1121,2049
10144,10144,0,625,2049
10145,10145,0,247,2049
10146,10146,0,15,2049
10147,10147,0,0,2049
10148,10148,0,55,2049
10149,10149,0,325,2050
10150,10150,0,736,2049
10151,10151,0,1253,2049
10152,10152,0,1836,2049
10153,10153,0,2436,2050
10154,10154,0,3004,2049
10155,10155,0,3493,2049
10156,10156,0,3865,2049
10157,10157,0,4087,2049
10158,10158,0,4095,2050
10159,10159,0,4023,2049
10160,10160,0,3745,2049
10161,10161,0,3326,2049
10162,10162,0,2802,2049
10163,10163,0,2217,2050
10164,10164,0,1618,2049
10165,10165,0,1053,2049
10166,10166,0,570,2049
10167,10167,0,208,2049
10168,10168,0,0,2049
10169,10169,0,0,2049
10170,10170,0,81,2049
10171,10171,0,370,2049
10172,10172,0,797,2049
10173,10173,0,1326,2049
10174,10174,0,1913,2050
10175,10175,0,2511,2049
10176,10176,0,3072,2050
10177,10177,0,3548,2050
10178,10178,0,3902,2049
10179,10179,0,4095,2050
10180,10180,0,4095,2049
10181,10181,0,3997,2049
10182,10182,0,3698,2050
10183,10183,0,3263,2049
10184,10184,0,2730,2048
10185,10185,0,2140,2049
10186,10186,0,1542,2049
10187,10187,0,986,2050
10188,10188,0,517,2049
10189,10189,0,173,2050
10190,10190,0,0,2050
10191,10191,0,0,2048
10192,10192,0,109,2050
10193,10193,0,417,2049
10194,10194,0,859,2049
10195,10195,0,1398,2050
10196,10196,0,1989,2049
10197,10197,0,2587,2050
10198,10198,0,3138,2049
10199,10199,0,3601,2049
10200,10200,0,3936,2050
10201,10201,0,4095,2049
10202,10202,0,4095,2049
10203,10203,0,3967,2049
10204,10204,0,3649,2049
10205,10205,0,3200,2049
10206,10206,0,2657,2050
10207,10207,0,2063,2049
10208,10208,0,1469,2049
10209,10209,0,921,2049
10210,10210,0,465,2049
10211,10211,0,139,2049
10212,10212,0,0,2049
10213,10213,0,0,2049
10214,10214,0,140,2049
10215,10215,0,467,2050
10216,10216,0,924,2049
10217,10217,0,1471,2050
10218,10218,0,2067,2050
10219,10219,0,2660,2050
10220,10220,0,3203,2049
10221,10221,0,3651,2049
10222,10222,0,3969,2049
10223,10223,0,4095,2050
10224,10224,0,4095,2049
10225,10225,0,3935,2049
10226,10226,0,3598,2049
10227,10227,0,3135,2049
10228,10228,0,2583,2049
10229,10229,0,1987,2049
10230,10230,0,1395,2049
10231,10231,0,856,2049
10232,10232,0,415,2049
10233,10233,0,108,2049
10234,10234,0,0,2049
10235,10235,0,0,2049
10236,10236,0,173,2050
10237,10237,0,519,2049
10238,10238,0,989,2049
10239,10239,0,1546,2050
10240,10240,0,2143,2049
10241,10241,0,2733,2049
10242,10242,0,3266,2050
10243,10243,0,3700,2050
10244,10244,0,3998,2050
10245,10245,0,4095,2049
10246,10246,0,4095,2050
10247,10247,0,3900,2049
10248,10248,0,3546,2050
10249,10249,0,3068,2049
10250,10250,0,2508,2049
10251,10251,0,1910,2049
10252,10252,0,1322,2049
10253,10253,0,794,2049
10254,10254,0,368,2049
10255,10255,0,80,2049
10256,10256,0,0,2050
10257,10257,0,0,2049
10258,10258,0,210,2049
10259,10259,0,572,2049
10260,10260,0,1056,2050
10261,10261,0,1621,2049
10262,10262,0,2221,2049
10263,10263,0,2806,2050
10264,10264,0,3329,2049
10265,10265,0,3746,2049
10266,10266,0,4025,2049
10267,10267,0,4095,2049
10268,10268,0,4085,2049
10269,10269,0,3863,2049
10270,10270,0,3491,2049
10271,10271,0,3001,2049
10272,10272,0,2433,2049
10273,10273,0,1832,2049
10274,10274,0,1250,2050
10275,10275,0,733,2049
10276,10276,0,323,2049
10277,10277,0,55,2049
10278,10278,0,0,2049
10279,10279,0,15,2049
10280,10280,0,248,2049
10281,10281,0,628,2049
10282,10282,0,1124,2049
10283,10283,0,1696,2049
10284,10284,0,2297,2050
10285,10285,0,2877,2049
10286,10286,0,3389,2049
10287,10287,0,3790,2049
10288,10288,0,4049,2049
10289,10289,0,4095,2049
10290,10290,0,4067,2049
10291,10291,0,3823,2049
10292,10292,0,3434,2049
10293,10293,0,2932,2049
10294,10294,0,2357,2050
10295,10295,0,1756,2049
10296,10296,0,1180,2049
10297,10297,0,674,2049
10298,10298,0,280,2049
10299,10299,0,31,2049
10300,10300,0,0,2049
10301,10301,0,36,2049
10302,10302,0,289,2049
10303,10303,0,686,2049
10304,10304,0,1194,2050
10305,10305,0,1772,2049
10306,10306,0,2373,2049
10307,10307,0,2947,2049
10308,10308,0,3447,2050
10309,10309,0,3832,2049
10310,10310,0,4071,2049
10311,10311,0,4095,2049
10312,10312,0,4044,2050
10313,10313,0,3781,2049
10314,10314,0,3375,2050
10315,10315,0,2862,2049
10316,10316,0,2280,2050
10317,10317,0,1680,2049
10318,10318,0,1110,2050
10319,10319,0,616,2049
10320,10320,0,240,2049
10321,10321,0,12,2049
10322,10322,0,0,2049
10323,10323,0,60,2049
10324,10324,0,332,2049
10325,10325,0,745,2050
10326,10326,0,1265,2049
10327,10327,0,1848,2050
10328,10328,0,2449,2049
10329,10329,0,3016,2049
10330,10330,0,3503,2049
10331,10331,0,3871,2050
10332,10332,0,4089,2049
10333,10333,0,4095,2049
10334,10334,0,4020,2050
10335,10335,0,3737,2049
10336,10336,0,3315,2049
10337,10337,0,2790,2049
10338,10338,0,2204,2049
10339,10339,0,1605,2049
10340,10340,0,1042,2050
10341,10341,0,562,2049
10342,10342,0,202,2049
10343,10343,0,0,2049
10344,10344,0,0,2050
10345,10345,0,85,2049
10346,10346,0,377,2049
10347,10347,0,807,2049
10348,10348,0,1337,2049
10349,10349,0,1926,2048
10350,10350,0,2524,2049
10351,10351,0,3083,2049
10352,10352,0,3557,2049
10353,10353,0,3907,2050
10354,10354,0,4095,2050
10355,10355,0,4095,2049
10356,10356,0,3992,2049
10357,10357,0,3689,2049
10358,10358,0,3253,2049
10359,10359,0,2718,2049
10360,10360,0,2127,2049
10361,10361,0,1530,2049
10362,10362,0,975,2049
10363,10363,0,508,2049
10364,10364,0,167,2049
10365,10365,0,0,2049
10366,10366,0,0,2049
10367,10367,0,114,2049
10368,10368,0,426,2049
10369,10369,0,869,2049
10370,10370,0,1410,2048
10371,10371,0,2003,2049
10372,10372,0,2598,2049
10373,10373,0,3149,2049
10374,10374,0,3610,2049
10375,10375,0,3943,2050
10376,10376,0,4095,2049
10377,10377,0,4095,2049
10378,10378,0,3962,2049
10379,10379,0,3641,2049
10380,10380,0,3189,2049
10381,10381,0,2644,2049
10382,10382,0,2050,2049
10383,10383,0,1456,2049
10384,10384,0,909,2049
10385,10385,0,456,2049
10386,10386,0,133,2049
10387,10387,0,0,2049
10388,10388,0,0,2049
10389,10389,0,145,2049
10390,10390,0,476,2049
10391,10391,0,935,2048
10392,10392,0,1484,2049
10393,10393,0,2080,2049
10394,10394,0,2672,2049
10395,10395,0,3214,2049
10396,10396,0,3661,2049
10397,10397,0,3974,2050
10398,10398,0,4095,2049
10399,10399,0,4095,2049
10400,10400,0,3930,2050
10401,10401,0,3590,2049
10402,10402,0,3125,2050
10403,10403,0,2571,2049
10404,10404,0,1973,2049
10405,10405,0,1383,2049
10406,10406,0,845,2049
10407,10407,0,407,2049
10408,10408,0,104,2049
10409,10409,0,0,2049
10410,10410,0,0,2049
10411,10411,0,179,2050
10412,10412,0,528,2050
10413,10413,0,1000,2050
10414,10414,0,1558,2049
10415,10415,0,2157,2050
10416,10416,0,2745,2049
10417,10417,0,3277,2049
10418,10418,0,3708,2049
10419,10419,0,4002,2049
10420,10420,0,4095,2050
10421,10421,0,4095,2049
10422,10422,0,3894,2049
10423,10423,0,3537,2050
10424,10424,0,3058,2049
10425,10425,0,2496,2049
10426,10426,0,1897,2049
10427,10427,0,1310,2049
10428,10428,0,783,2049
10429,10429,0,360,2049
10430,10430,0,75,2049
10431,10431,0,0,2049
10432,10432,0,0,2048
10433,10433,0,216,2049
10434,10434,0,582,2049
10435,10435,0,1068,2050
10436,10436,0,1633,2049
10437,10437,0,2233,2049
10438,10438,0,2817,2049
10439,10439,0,3339,2049
10440,10440,0,3754,2049
10441,10441,0,4030,2049
10442,10442,0,4095,2049
10443,10443,0,4083,2049
10444,10444,0,3857,2049
10445,10445,0,3482,2050
10446,10446,0,2990,2049
10447,10447,0,2421,2049
10448,10448,0,1819,2050
10449,10449,0,1238,2049
10450,10450,0,722,2049
10451,10451,0,316,2049
10452,10452,0,50,2049
10453,10453,0,0,2049
10454,10454,0,19,2049
10455,10455,0,254,2049
10456,10456,0,638,2049
10457,10457,0,1136,2050
10458,10458,0,1709,2049
10459,10459,0,2310,2050
10460,10460,0,2888,2049
10461,10461,0,3398,2049
10462,10462,0,3797,2049
10463,10463,0,4053,2050
10464,10464,0,4095,2050
10465,10465,0,4063,2049
10466,10466,0,3816,2049
10467,10467,0,3425,2049
10468,10468,0,2920,2049
10469,10469,0,2344,2049
10470,10470,0,1743,2049
10471,10471,0,1167,2049
10472,10472,0,664,2048
10473,10473,0,274,2049
10474,10474,0,28,2049
10475,10475,0,0,2049
10476,10476,0,40,2049
10477,10477,0,296,2049
10478,10478,0,696,2050
10479,10479,0,1206,2049
10480,10480,0,1785,2049
10481,10481,0,2385,2050
10482,10482,0,2958,2050
10483,10483,0,3456,2049
10484,10484,0,3839,2049
10485,10485,0,4074,2050
10486,10486,0,4095,2049
10487,10487,0,4040,2049
10488,10488,0,3774,2049
10489,10489,0,3365,2049
10490,10490,0,2849,2049
10491,10491,0,2268,2049
10492,10492,0,1668,2049
10493,10493,0,1098,2049
10494,10494,0,607,2050
10495,10495,0,234,2049
10496,10496,0,8,2050
10497,10497,0,0,2049
10498,10498,0,63,2049
10499,10499,0,340,2049
10500,10500,0,756,2049
10501,10501,0,1277,2049
10502,10502,0,1862,2049
10503,10503,0,2461,2049
10504,10504,0,3028,2049
10505,10505,0,3512,2050
10506,10506,0,3878,2049
10507,10507,0,4092,2049
10508,10508,0,4095,2049
10509,10509,0,4014,2050
10510,10510,0,3729,2049
10511,10511,0,3305,2049
10512,10512,0,2778,2049
10513,10513,0,2192,2049
10514,10514,0,1592,2049
10515,10515,0,1031,2050
10516,10516,0,552,2050
10517,10517,0,196,2049
10518,10518,0,0,2049
10519,10519,0,0,2049
10520,10520,0,89,2049
10521,10521,0,385,2049
10522,10522,0,818,2050
10523,10523,0,1350,2049
10524,10524,0,1938,2050
10525,10525,0,2537,2049
10526,10526,0,3095,2049
10527,10527,0,3566,2049
10528,10528,0,3914,2050
10529,10529,0,4095,2050
10530,10530,0,4095,2050
10531,10531,0,3987,2050
10532,10532,0,3683,2050
10533,10533,0,3243,2049
10534,10534,0,2706,2049
10535,10535,0,2115,2049
10536,10536,0,1517,2049
10537,10537,0,964,2049
10538,10538,0,500,2049
10539,10539,0,161,2049
10540,10540,0,0,2050
10541,10541,0,0,2049
10542,10542,0,119,2049
10543,10543,0,433,2049
10544,10544,0,881,2049
10545,10545,0,1422,2049
10546,10546,0,2015,2049
10547,10547,0,2611,2049
10548,10548,0,3160,2049
10549,10549,0,3617,2049
10550,10550,0,3948,2049
10551,10551,0,4095,2049
10552,10552,0,4095,2050
10553,10553,0,3957,2049
10554,10554,0,3632,2050
10555,10555,0,3179,2049
10556,10556,0,2633,2049
10557,10557,0,2038,2050
10558,10558,0,1444,2049
10559,10559,0,899,2049
10560,10560,0,448,2049
10561,10561,0,128,2049
10562,10562,0,0,2049
10563,10563,0,0,2049
10564,10564,0,151,2049
10565,10565,0,484,2049
10566,10566,0,945,2050
10567,10567,0,1496,2049
10568,10568,0,2092,2049
10569,10569,0,2684,2049
10570,10570,0,3224,2050
10571,10571,0,3668,2049
10572,10572,0,3979,2049
10573,10573,0,4095,2049
10574,10574,0,4095,2049
10575,10575,0,3924,2049
10576,10576,0,3581,2049
10577,10577,0,3113,2049
10578,10578,0,2558,2049
10579,10579,0,1960,2050
10580,10580,0,1371,2050
10581,10581,0,835,2049
10582,10582,0,399,2049
10583,10583,0,99,2049
10584,10584,0,0,2049
10585,10585,0,0,2050
10586,10586,0,185,2049
10587,10587,0,536,2049
10588,10588,0,1011,2049
10589,10589,0,1570,2049
10590,10590,0,2169,2049
10591,10591,0,2757,2050
10592,10592,0,3288,2050
10593,10593,0,3717,2049
10594,10594,0,4007,2049
10595,10595,0,4095,2049
10596,10596,0,4095,2050
10597,10597,0,3888,2049
10598,10598,0,3528,2049
10599,10599,0,3046,2049
10600,10600,0,2483,2049
10601,10601,0,1884,2048
10602,10602,0,1298,2049
10603,10603,0,772,2049
10604,10604,0,353,2050
10605,10605,0,71,2049
10606,10606,0,0,2050
10607,10607,0,3,2049
10608,10608,0,222,2049
10609,10609,0,590,2049
10610,10610,0,1078,2049
10611,10611,0,1645,2049
10612,10612,0,2246,2048
10613,10613,0,2829,2050
10614,10614,0,3348,2050
10615,10615,0,3761,2049
10616,10616,0,4033,2049
10617,10617,0,4095,2049
10618,10618,0,4079,2049
10619,10619,0,3850,2049
10620,10620,0,3473,2049
10621,10621,0,2978,2049
10622,10622,0,2408,2049
10623,10623,0,1808,2049
10624,10624,0,1226,2049
10625,10625,0,713,2049
10626,10626,0,309,2049
10627,10627,0,46,2049
10628,10628,0,0,2049
10629,10629,0,22,2049
10630,10630,0,262,2049
10631,10631,0,647,2049
10632,10632,0,1147,2049
10633,10633,0,1722,2049
10634,10634,0,2322,2049
10635,10635,0,2900,2049
10636,10636,0,3408,2049
10637,10637,0,3803,2049
10638,10638,0,4056,2049
10639,10639,0,4095,2049
10640,10640,0,4059,2050
10641,10641,0,3809,2049
10642,10642,0,3415,2049
10643,10643,0,2908,2049
10644,10644,0,2332,2050
10645,10645,0,1731,2048
10646,10646,0,1156,2049
10647,10647,0,654,2049
10648,10648,0,267,2049
10649,10649,0,25,2050
10650,10650,0,0,2049
10651,10651,0,43,2050
10652,10652,0,303,2049
10653,10653,0,705,2049
10654,10654,0,1217,2050
10655,10655,0,1798,2050
10656,10656,0,2398,2049
10657,10657,0,2970,2049
10658,10658,0,3465,2049
10659,10659,0,3846,2049
10660,10660,0,4077,2049
10661,10661,0,4095,2049
10662,10662,0,4036,2049
10663,10663,0,3767,2049
10664,10664,0,3356,2049
10665,10665,0,2838,2049
10666,10666,0,2255,2049
10667,10667,0,1655,2049
10668,10668,0,1087,2049
10669,10669,0,597,2049
10670,10670,0,227,2049
10671,10671,0,6,2049
10672,10672,0,0,2049
10673,10673,0,67,2049
10674,10674,0,347,2050
10675,10675,0,766,2049
10676,10676,0,1289,2049
10677,10677,0,1874,2049
10678,10678,0,2474,2049
10679,10679,0,3038,2049
10680,10680,0,3521,2050
10681,10681,0,3884,2049
10682,10682,0,4095,2049
10683,10683,0,4095,2049
10684,10684,0,4011,2049
10685,10685,0,3721,2049
10686,10686,0,3294,2049
10687,10687,0,2767,2050
10688,10688,0,2179,2050
10689,10689,0,1580,2050
10690,10690,0,1020,2049
10691,10691,0,544,2048
10692,10692,0,189,2049
10693,10693,0,0,2049
10694,10694,0,0,2049
10695,10695,0,95,2049
10696,10696,0,393,2049
10697,10697,0,828,2050
10698,10698,0,1361,2049
10699,10699,0,1952,2050
10700,10700,0,2549,2049
10701,10701,0,3105,2049
10702,10702,0,3575,2050
10703,10703,0,3920,2049
10704,10704,0,4095,2049
10705,10705,0,4095,2049
10706,10706,0,3982,2049
10707,10707,0,3674,2049
10708,10708,0,3232,2049
10709,10709,0,2694,2050
10710,10710,0,2102,2049
10711,10711,0,1505,2050
10712,10712,0,953,2049
10713,10713,0,491,2049
10714,10714,0,156,2049
10715,10715,0,0,2049
10716,10716,0,0,2049
10717,10717,0,125,2050
10718,10718,0,442,2050
10719,10719,0,891,2049
10720,10720,0,1434,2049
10721,10721,0,2029,2049
10722,10722,0,2623,2049
10723,10723,0,3171,2049
10724,10724,0,3627,2049
10725,10725,0,3953,2050
10726,10726,0,4095,2049
10727,10727,0,4095,2049
10728,10728,0,3952,2049
10729,10729,0,3624,2049
10730,10730,0,3167,2049
10731,10731,0,2620,2049
10732,10732,0,2025,2049
10733,10733,0,1431,2049
10734,10734,0,888,2049
10735,10735,0,439,2049
10736,10736,0,123,2049
10737,10737,0,0,2049
10738,10738,0,0,2050
10739,10739,0,156,2049
10740,10740,0,493,2049
10741,10741,0,956,2049
10742,10742,0,1508,2049
10743,10743,0,2105,2049
10744,10744,0,2697,2049
10745,10745,0,3235,2049
10746,10746,0,3676,2049
10747,10747,0,3983,2049
10748,10748,0,4095,2049
10749,10749,0,4095,2050
10750,10750,0,3917,2049
10751,10751,0,3572,2049
10752,10752,0,3102,2050
10753,10753,0,2546,2049
10754,10754,0,1948,2049
10755,10755,0,1358,2050
10756,10756,0,825,2050
10757,10757,0,391,2049
10758,10758,0,93,2049
10759,10759,0,0,2049
10760,10760,0,0,2049
10761,10761,0,191,2049
10762,10762,0,545,2049
10763,10763,0,1023,2049
10764,10764,0,1584,2049
10765,10765,0,2182,2049
10766,10766,0,2769,2049
10767,10767,0,3298,2049
10768,10768,0,3723,2049
10769,10769,0,4012,2049
10770,10770,0,4095,2049
10771,10771,0,4095,2049
10772,10772,0,3881,2049
10773,10773,0,3518,2050
10774,10774,0,3035,2050
10775,10775,0,2470,2049
10776,10776,0,1872,2049
10777,10777,0,1286,2050
10778,10778,0,763,2049
10779,10779,0,345,2049
10780,10780,0,67,2049
10781,10781,0,0,2049
10782,10782,0,6,2049
10783,10783,0,229,2049
10784,10784,0,600,2049
10785,10785,0,1090,2049
10786,10786,0,1659,2049
10787,10787,0,2259,2049
10788,10788,0,2841,2049
10789,10789,0,3358,2050
10790,10790,0,3769,2049
10791,10791,0,4037,2049
10792,10792,0,4095,2049
10793,10793,0,4077,2050
10794,10794,0,3843,2050
10795,10795,0,3463,2049
10796,10796,0,2967,2050
10797,10797,0,2395,2049
10798,10798,0,1795,2049
10799,10799,0,1215,2050
10800,10800,0,703,2050
10801,10801,0,301,2049
10802,10802,0,42,2049
10803,10803,0,0,2049
10804,10804,0,25,2049
10805,10805,0,268,2050
10806,10806,0,657,2050
10807,10807,0,1160,2050
10808,10808,0,1734,2049
10809,10809,0,2335,2049
10810,10810,0,2912,2050
10811,10811,0,3418,2049
10812,10812,0,3811,2049
10813,10813,0,4060,2049
10814,10814,0,4095,2050
10815,10815,0,4056,2049
10816,10816,0,3802,2049
10817,10817,0,3405,2049
10818,10818,0,2897,2049
10819,10819,0,2318,2049
10820,10820,0,1719,2049
10821,10821,0,1145,2049
10822,10822,0,646,2049
10823,10823,0,260,2050
10824,10824,0,21,2049
10825,10825,0,0,2050
10826,10826,0,47,2049
10827,10827,0,311,2049
10828,10828,0,715,2049
10829,10829,0,1229,2049
10830,10830,0,1811,2049
10831,10831,0,2411,2049
10832,10832,0,2981,2050
10833,10833,0,3475,2050
10834,10834,0,3852,2050
10835,10835,0,4080,2050
10836,10836,0,4095,2049
10837,10837,0,4032,2049
10838,10838,0,3759,2049
10839,10839,0,3346,2050
10840,10840,0,2826,2050
10841,10841,0,2243,2049
10842,10842,0,1642,2049
10843,10843,0,1075,2049
10844,10844,0,588,2048
10845,10845,0,221,2049
10846,10846,0,2,2049
10847,10847,0,0,2049
10848,10848,0,72,2050
10849,10849,0,355,2049
10850,10850,0,777,2049
10851,10851,0,1301,2049
10852,10852,0,1887,2048
10853,10853,0,2487,2050
10854,10854,0,3050,2049
10855,10855,0,3531,2049
10856,10856,0,3890,2049
10857,10857,0,4095,2050
10858,10858,0,4095,2049
10859,10859,0,4006,2049
10860,10860,0,3714,2049
10861,10861,0,3285,2049
10862,10862,0,2754,2049
10863,10863,0,2165,2049
10864,10864,0,1567,2049
10865,10865,0,1008,2050
10866,10866,0,534,2049
10867,10867,0,184,2050
10868,10868,0,0,2049
10869,10869,0,0,2049
10870,10870,0,99,2049
10871,10871,0,402,2049
10872,10872,0,839,2048
10873,10873,0,1374,2049
10874,10874,0,1964,2049
10875,10875,0,2561,2049
10876,10876,0,3117,2049
10877,10877,0,3584,2049
10878,10878,0,3925,2049
10879,10879,0,4095,2050
10880,10880,0,4095,2050
10881,10881,0,3977,2049
10882,10882,0,3665,2049
10883,10883,0,3222,2049
10884,10884,0,2681,2050
10885,10885,0,2088,2049
10886,10886,0,1492,2050
10887,10887,0,942,2049
10888,10888,0,482,2050
10889,10889,0,149,2049
10890,10890,0,0,2049
10891,10891,0,0,2049
10892,10892,0,129,2049
10893,10893,0,451,2049
10894,10894,0,902,2050
10895,10895,0,1447,2049
10896,10896,0,2042,2049
10897,10897,0,2636,2049
10898,10898,0,3182,2049
10899,10899,0,3635,2049
10900,10900,0,3958,2049
10901,10901,0,4095,2049
10902,10902,0,4095,2050
10903,10903,0,3946,2050
10904,10904,0,3615,2049
10905,10905,0,3156,2050
10906,10906,0,2607,2050
10907,10907,0,2012,2049
10908,10908,0,1419,2049
10909,10909,0,878,2049
10910,10910,0,432,2049
10911,10911,0,119,2049
10912,10912,0,0,2049
10913,10913,0,0,2049
10914,10914,0,162,2049
10915,10915,0,502,2050
10916,10916,0,967,2049
10917,10917,0,1522,2049
10918,10918,0,2118,2049
10919,10919,0,2709,2050
10920,10920,0,3247,2049
10921,10921,0,3684,2049
10922,10922,0,3989,2050
10923,10923,0,4095,2049
10924,10924,0,4095,2050
10925,10925,0,3911,2049
10926,10926,0,3563,2050
10927,10927,0,3091,2049
10928,10928,0,2533,2049
10929,10929,0,1935,2049
10930,10930,0,1347,2048
10931,10931,0,814,2049
10932,10932,0,383,2050
10933,10933,0,89,2049
10934,10934,0,0,2049
10935,10935,0,0,2049
10936,10936,0,197,2050
10937,10937,0,554,2049
10938,10938,0,1033,2049
10939,10939,0,1596,2049
10940,10940,0,2195,2049
10941,10941,0,2781,2050
10942,10942,0,3308,2049
10943,10943,0,3731,2050
10944,10944,0,4017,2049
10945,10945,0,4095,2049
10946,10946,0,4092,2049
10947,10947,0,3876,2049
10948,10948,0,3509,2049
10949,10949,0,3024,2049
10950,10950,0,2458,2049
10951,10951,0,1858,2049
10952,10952,0,1273,2049
10953,10953,0,753,2049
10954,10954,0,337,2049
10955,10955,0,62,2049
10956,10956,0,0,2050
10957,10957,0,9,2049
10958,10958,0,235,2049
10959,10959,0,610,2050
10960,10960,0,1102,2049
10961,10961,0,1671,2049
10962,10962,0,2271,2049
10963,10963,0,2853,2049
10964,10964,0,3369,2050
10965,10965,0,3776,2049
10966,10966,0,4042,2050
10967,10967,0,4095,2049
10968,10968,0,4073,2049
10969,10969,0,3836,2049
10970,10970,0,3453,2050
10971,10971,0,2955,2049
10972,10972,0,2382,2049
10973,10973,0,1782,2049
10974,10974,0,1202,2049
10975,10975,0,692,2050
10976,10976,0,294,2049
10977,10977,0,38,2050
10978,10978,0,0,2050
10979,10979,0,29,2049
10980,10980,0,275,2049
10981,10981,0,666,2049
10982,10982,0,1172,2049
10983,10983,0,1748,2049
10984,10984,0,2348,2049
10985,10985,0,2924,2050
10986,10986,0,3427,2049
10987,10987,0,3818,2049
10988,10988,0,4063,2049
10989,10989,0,4095,2049
10990,10990,0,4052,2049
10991,10991,0,3795,2049
10992,10992,0,3395,2049
10993,10993,0,2885,2049
10994,10994,0,2306,2049
10995,10995,0,1705,2049
10996,10996,0,1132,2050
10997,10997,0,634,2049
10998,10998,0,253,2049
10999,10999,0,18,2049
11000,11000,0,0,2049
11001,11001,0,51,2049
11002,11002,0,318,2049
11003,11003,0,725,2049
11004,11004,0,1242,2050
11005,11005,0,1824,2049
11006,11006,0,2424,2049
11007,11007,0,2994,2049
11008,11008,0,3484,2049
11009,11009,0,3859,2049
11010,11010,0,4083,2049
11011,11011,0,4095,2050
11012,11012,0,4028,2049
11013,11013,0,3752,2049
11014,11014,0,3335,2050
11015,11015,0,2814,2049
11016,11016,0,2230,2048
11017,11017,0,1630,2049
11018,11018,0,1065,2049
11019,11019,0,579,2049
11020,11020,0,215,2050
11021,11021,0,0,2049
11022,11022,0,0,2049
11023,11023,0,76,2049
11024,11024,0,363,2049
11025,11025,0,786,2049
11026,11026,0,1313,2049
11027,11027,0,1900,2049
11028,11028,0,2499,2049
11029,11029,0,3061,2050
11030,11030,0,3540,2049
11031,11031,0,3896,2049
11032,11032,0,4095,2049
11033,11033,0,4095,2049
11034,11034,0,4001,2049
11035,11035,0,3705,2049
11036,11036,0,3274,2049
11037,11037,0,2742,2050
11038,11038,0,2153,2049
11039,11039,0,1554,2049
11040,11040,0,996,2049
11041,11041,0,525,2049
11042,11042,0,178,2049
11043,11043,0,0,2050
11044,11044,0,0,2049
11045,11045,0,104,2049
11046,11046,0,410,2049
11047,11047,0,848,2049
11048,11048,0,1386,2049
11049,11049,0,1977,2049
11050,11050,0,2574,2048
11051,11051,0,3127,2049
11052,11052,0,3592,2049
11053,11053,0,3931,2050
11054,11054,0,4095,2049
11055,11055,0,4095,2050
11056,11056,0,3973,2049
11057,11057,0,3657,2049
11058,11058,0,3211,2050
11059,11059,0,2669,2050
11060,11060,0,2076,2050
11061,11061,0,1480,2049
11062,11062,0,931,2049
11063,11063,0,474,2049
11064,11064,0,144,2049
11065,11065,0,0,2049
11066,11066,0,0,2049
11067,11067,0,135,2049
11068,11068,0,459,2050
11069,11069,0,912,2050
11070,11070,0,1459,2049
11071,11071,0,2054,2049
11072,11072,0,2648,2049
11073,11073,0,3193,2049
11074,11074,0,3643,2050
11075,11075,0,3963,2049
11076,11076,0,4095,2049
11077,11077,0,4095,2049
11078,11078,0,3940,2048
11079,11079,0,3607,2049
11080,11080,0,3146,2049
11081,11081,0,2595,2050
11082,11082,0,1999,2049
11083,11083,0,1407,2049
11084,11084,0,867,2049
11085,11085,0,423,2049
11086,11086,0,113,2049
11087,11087,0,0,2050
11088,11088,0,0,2049
11089,11089,0,167,2050
11090,11090,0,510,2049
11091,11091,0,979,2049
11092,11092,0,1534,2049
11093,11093,0,2130,2049
11094,11094,0,2721,2050
11095,11095,0,3257,2050
11096,11096,0,3693,2049
11097,11097,0,3994,2049
11098,11098,0,4095,2049
11099,11099,0,4095,2048
11100,11100,0,3905,2049
11101,11101,0,3555,2048
11102,11102,0,3079,2049
11103,11103,0,2520,2050
11104,11104,0,1922,2049
11105,11105,0,1334,2049
11106,11106,0,804,2049
11107,11107,0,376,2049
11108,11108,0,84,2049
11109,11109,0,0,2049
11110,11110,0,0,2049
11111,11111,0,204,2049
11112,11112,0,564,2049
11113,11113,0,1045,2049
11114,11114,0,1608,2049
11115,11115,0,2208,2050
11116,11116,0,2794,2049
11117,11117,0,3319,2049
11118,11118,0,3740,2049
11119,11119,0,4021,2049
11120,11120,0,4095,2049
11121,11121,0,4089,2049
11122,11122,0,3869,2049
11123,11123,0,3500,2049
11124,11124,0,3012,2049
11125,11125,0,2445,2049
11126,11126,0,1845,2049
11127,11127,0,1262,2050
11128,11128,0,742,2049
11129,11129,0,330,2049
11130,11130,0,58,2050
11131,11131,0,0,2049
11132,11132,0,12,2048
11133,11133,0,242,2049
11134,11134,0,619,2049
11135,11135,0,1114,2049
11136,11136,0,1683,2049
11137,11137,0,2285,2049
11138,11138,0,2866,2050
11139,11139,0,3379,2049
11140,11140,0,3784,2049
11141,11141,0,4046,2049
11142,11142,0,4095,2049
11143,11143,0,4069,2049
11144,11144,0,3829,2049
11145,11145,0,3444,2049
11146,11146,0,2943,2049
11147,11147,0,2369,2049
11148,11148,0,1768,2049
11149,11149,0,1191,2049
11150,11150,0,683,2049
11151,11151,0,288,2049
11152,11152,0,35,2049
11153,11153,0,0,2049
11154,11154,0,33,2049
11155,11155,0,282,2049
11156,11156,0,676,2050
11157,11157,0,1184,2049
11158,11158,0,1760,2049
11159,11159,0,2361,2049
11160,11160,0,2936,2049
11161,11161,0,3438,2049
11162,11162,0,3826,2050
11163,11163,0,4067,2049
11164,11164,0,4095,2049
11165,11165,0,4048,2049
11166,11166,0,3789,2049
11167,11167,0,3385,2050
11168,11168,0,2873,2049
11169,11169,0,2294,2049
11170,11170,0,1693,2049
11171,11171,0,1122,2049
11172,11172,0,625,2049
11173,11173,0,247,2049
11174,11174,0,14,2050
11175,11175,0,0,2049
11176,11176,0,56,2049
11177,11177,0,325,2049
11178,11178,0,736,2050
11179,11179,0,1253,2049
11180,11180,0,1837,2049
11181,11181,0,2436,2049
11182,11182,0,3004,2049
11183,11183,0,3494,2049
11184,11184,0,3866,2050
11185,11185,0,4087,2049
11186,11186,0,4095,2049
11187,11187,0,4024,2050
11188,11188,0,3744,2049
11189,11189,0,3325,2049
11190,11190,0,2802,2050
11191,11191,0,2216,2049
11192,11192,0,1618,2049
11193,11193,0,1052,2049
11194,11194,0,570,2049
11195,11195,0,208,2049
11196,11196,0,0,2049
11197,11197,0,0,2049
11198,11198,0,81,2050
11199,11199,0,370,2049
11200,11200,0,797,2049
11201,11201,0,1325,2050
11202,11202,0,1914,2049
11203,11203,0,2512,2050
11204,11204,0,3073,2049
11205,11205,0,3548,2048
11206,11206,0,3902,2049
11207,11207,0,4095,2049
11208,11208,0,4095,2049
11209,11209,0,3997,2050
11210,11210,0,3698,2049
11211,11211,0,3262,2050
11212,11212,0,2730,2049
11213,11213,0,2140,2049
11214,11214,0,1542,2049
11215,11215,0,986,2049
11216,11216,0,516,2049
11217,11217,0,172,2049
11218,11218,0,0,2049
11219,11219,0,0,2049
11220,11220,0,109,2050
11221,11221,0,418,2049
11222,11222,0,859,2048
11223,11223,0,1398,2049
11224,11224,0,1990,2049
11225,11225,0,2586,2049
11226,11226,0,3139,2049
11227,11227,0,3601,2049
11228,11228,0,3937,2049
11229,11229,0,4095,2049
11230,11230,0,4095,2049
11231,11231,0,3967,2049
11232,11232,0,3649,2048
11233,11233,0,3200,2049
11234,11234,0,2657,2048
11235,11235,0,2063,2048
11236,11236,0,1468,2049
11237,11237,0,920,2049
11238,11238,0,465,2049
11239,11239,0,139,2049
11240,11240,0,0,2050
11241,11241,0,0,2050
11242,11242,0,140,2049
11243,11243,0,467,2050
11244,11244,0,924,2050
11245,11245,0,1472,2049
11246,11246,0,2067,2050
11247,11247,0,2660,2049
11248,11248,0,3204,2050
11249,11249,0,3652,2049
11250,11250,0,3969,2050
11251,11251,0,4095,2050
11252,11252,0,4095,2049
11253,11253,0,3935,2049
11254,11254,0,3598,2049
11255,11255,0,3135,2049
11256,11256,0,2583,2049
11257,11257,0,1986,2049
11258,11258,0,1394,2049
11259,11259,0,856,2050
11260,11260,0,415,2049
11261,11261,0,108,2049
11262,11262,0,0,2048
11263,11263,0,0,2049
11264,11264,0,174,2049
11265,11265,0,519,2049
11266,11266,0,989,2050
11267,11267,0,1546,2049
11268,11268,0,2144,2049
11269,11269,0,2734,2049
11270,11270,0,3267,2050
11271,11271,0,3701,2049
11272,11272,0,3998,2049
11273,11273,0,4095,2049
11274,11274,0,4095,2049
11275,11275,0,3900,2048
11276,11276,0,3545,2049
11277,11277,0,3069,2049
11278,11278,0,2508,2050
11279,11279,0,1909,2049
11280,11280,0,1321,2049
11281,11281,0,793,2048
11282,11282,0,368,2049
11283,11283,0,80,2049
11284,11284,0,0,2049
11285,11285,0,0,2049
11286,11286,0,210,2049
11287,11287,0,572,2049
11288,11288,0,1056,2049
11289,11289,0,1621,2049
11290,11290,0,2220,2050
11291,11291,0,2806,2049
11292,11292,0,3329,2049
11293,11293,0,3747,2050
11294,11294,0,4025,2049
11295,11295,0,4095,2049
11296,11296,0,4085,2049
11297,11297,0,3863,2049
11298,11298,0,3491,2049
11299,11299,0,3001,2050
11300,11300,0,2433,2050
11301,11301,0,1832,2049
11302,11302,0,1250,2049
11303,11303,0,732,2050
11304,11304,0,323,2049
11305,11305,0,54,2049
11306,11306,0,0,2049
11307,11307,0,15,2049
11308,11308,0,248,2049
11309,11309,0,629,2050
11310,11310,0,1124,2049
11311,11311,0,1697,2049
11312,11312,0,2297,2049
11313,11313,0,2878,2049
11314,11314,0,3389,2049
11315,11315,0,3791,2049
11316,11316,0,4050,2049
11317,11317,0,4095,2049
11318,11318,0,4067,2049
11319,11319,0,3822,2049
11320,11320,0,3434,2050
11321,11321,0,2932,2049
11322,11322,0,2357,2050
11323,11323,0,1756,2049
11324,11324,0,1179,2049
11325,11325,0,673,2049
11326,11326,0,281,2049
11327,11327,0,31,2049
11328,11328,0,0,2049
11329,11329,0,36,2049
11330,11330,0,289,2050
11331,11331,0,687,2049
11332,11332,0,1195,2049
11333,11333,0,1772,2049
11334,11334,0,2374,2050
11335,11335,0,2947,2049
11336,11336,0,3447,2049
11337,11337,0,3832,2049
11338,11338,0,4070,2049
11339,11339,0,4095,2050
11340,11340,0,4044,2049
11341,11341,0,3781,2050
11342,11342,0,3375,2049
11343,11343,0,2861,2049
11344,11344,0,2280,2050
11345,11345,0,1680,2049
11346,11346,0,1110,2049
11347,11347,0,616,2050
11348,11348,0,241,2050
11349,11349,0,11,2049
11350,11350,0,0,2049
11351,11351,0,60,2049
11352,11352,0,332,2049
11353,11353,0,746,2050
11354,11354,0,1266,2049
11355,11355,0,1849,2049
11356,11356,0,2449,2049
11357,11357,0,3016,2049
11358,11358,0,3503,2049
11359,11359,0,3871,2049
11360,11360,0,4090,2049
11361,11361,0,4095,2049
11362,11362,0,4019,2049
11363,11363,0,3736,2049
11364,11364,0,3315,2049
11365,11365,0,2790,2049
11366,11366,0,2204,2050
11367,11367,0,1605,2049
11368,11368,0,1041,2049
11369,11369,0,561,2049
11370,11370,0,202,2049
11371,11371,0,0,2049
11372,11372,0,0,2049
11373,11373,0,85,2049
11374,11374,0,378,2050
11375,11375,0,807,2049
11376,11376,0,1337,2049
11377,11377,0,1926,2049
11378,11378,0,2524,2049
11379,11379,0,3084,2050
11380,11380,0,3558,2049
11381,11381,0,3908,2049
11382,11382,0,4095,2049
11383,11383,0,4095,2049
11384,11384,0,3991,2049
11385,11385,0,3689,2049
11386,11386,0,3253,2049
11387,11387,0,2717,2049
11388,11388,0,2126,2050
11389,11389,0,1529,2050
11390,11390,0,975,2049
11391,11391,0,508,2050
11392,11392,0,166,2050
11393,11393,0,0,2049
11394,11394,0,0,2049
11395,11395,0,113,2049
11396,11396,0,426,2050
11397,11397,0,870,2050
11398,11398,0,1410,2049
11399,11399,0,2003,2050
11400,11400,0,2599,2049
11401,11401,0,3150,2049
11402,11402,0,3610,2050
11403,11403,0,3942,2049
11404,11404,0,4095,2049
11405,11405,0,4095,2050
11406,11406,0,3962,2049
11407,11407,0,3640,2049
11408,11408,0,3189,2049
11409,11409,0,2643,2050
11410,11410,0,2050,2050
11411,11411,0,1456,2049
11412,11412,0,910,2049
11413,11413,0,456,2049
11414,11414,0,133,2050
11415,11415,0,0,2049
11416,11416,0,0,2049
11417,11417,0,146,2049
11418,11418,0,476,2049
11419,11419,0,934,2050
11420,11420,0,1484,2049
11421,11421,0,2080,2049
11422,11422,0,2673,2049
11423,11423,0,3214,2050
11424,11424,0,3660,2049
11425,11425,0,3974,2049
11426,11426,0,4095,2049
11427,11427,0,4095,2049
11428,11428,0,3929,2049
11429,11429,0,3590,2049
11430,11430,0,3124,2049
11431,11431,0,2570,2049
11432,11432,0,1973,2049
11433,11433,0,1382,2049
11434,11434,0,845,2049
11435,11435,0,407,2049
11436,11436,0,103,2049
11437,11437,0,0,2049
11438,11438,0,0,2049
11439,11439,0,179,2049
11440,11440,0,528,2050
11441,11441,0,1000,2050
11442,11442,0,1558,2050
11443,11443,0,2157,2049
11444,11444,0,2746,2049
11445,11445,0,3278,2050
11446,11446,0,3709,2049
11447,11447,0,4003,2049
11448,11448,0,4095,2049
11449,11449,0,4095,2049
11450,11450,0,3894,2049
11451,11451,0,3537,2049
11452,11452,0,3057,2049
11453,11453,0,2495,2049
11454,11454,0,1897,2049
11455,11455,0,1310,2049
11456,11456,0,783,2050
11457,11457,0,360,2049
11458,11458,0,75,2049
11459,11459,0,0,2049
11460,11460,0,0,2050
11461,11461,0,216,2049
11462,11462,0,582,2049
11463,11463,0,1068,2049
11464,11464,0,1633,2049
11465,11465,0,2232,2049
11466,11466,0,2818,2050
11467,11467,0,3339,2050
11468,11468,0,3754,2050
11469,11469,0,4029,2049
11470,11470,0,4095,2049
11471,11471,0,4082,2049
11472,11472,0,3857,2050
11473,11473,0,3481,2049
11474,11474,0,2990,2049
11475,11475,0,2420,2049
11476,11476,0,1820,2050
11477,11477,0,1238,2049
11478,11478,0,722,2049
11479,11479,0,315,2049
11480,11480,0,50,2049
11481,11481,0,0,2049
11482,11482,0,18,2049
11483,11483,0,255,2050
11484,11484,0,639,2049
11485,11485,0,1137,2050
11486,11486,0,1709,2049
11487,11487,0,2309,2049
11488,11488,0,2888,2049
11489,11489,0,3398,2049
11490,11490,0,3798,2050
11491,11491,0,4054,2050
11492,11492,0,4095,2049
11493,11493,0,4063,2049
11494,11494,0,3816,2049
11495,11495,0,3424,2049
11496,11496,0,2920,2049
11497,11497,0,2344,2050
11498,11498,0,1744,2049
11499,11499,0,1167,2049
11500,11500,0,664,2050
11501,11501,0,273,2050
11502,11502,0,27,2049
11503,11503,0,0,2049
11504,11504,0,40,2049
11505,11505,0,296,2049
11506,11506,0,697,2049
11507,11507,0,1207,2049
11508,11508,0,1786,2049
11509,11509,0,2386,2050
11510,11510,0,2958,2049
11511,11511,0,3456,2049
11512,11512,0,3838,2049
11513,11513,0,4074,2048
11514,11514,0,4095,2050
11515,11515,0,4040,2049
11516,11516,0,3773,2050
11517,11517,0,3365,2049
11518,11518,0,2850,2048
11519,11519,0,2267,2049
11520,11520,0,1667,2049
11521,11521,0,1099,2050
11522,11522,0,607,2049
11523,11523,0,234,2050
11524,11524,0,8,2049
11525,11525,0,0,2049
11526,11526,0,64,2049
11527,11527,0,339,2049
11528,11528,0,756,2049
11529,11529,0,1277,2050
11530,11530,0,1861,2049
11531,11531,0,2462,2048
11532,11532,0,3027,2050
11533,11533,0,3513,2049
11534,11534,0,3878,2049
11535,11535,0,4092,2049
11536,11536,0,4095,2049
11537,11537,0,4015,2049
11538,11538,0,3728,2049
11539,11539,0,3305,2050
11540,11540,0,2778,2048
11541,11541,0,2191,2049
11542,11542,0,1592,2049
11543,11543,0,1031,2049
11544,11544,0,552,2050
11545,11545,0,196,2049
11546,11546,0,0,2050
11547,11547,0,0,2049
11548,11548,0,91,2049
11549,11549,0,385,2049
11550,11550,0,818,2050
11551,11551,0,1350,2049
11552,11552,0,1938,2049
11553,11553,0,2537,2050
11554,11554,0,3095,2049
11555,11555,0,3566,2049
11556,11556,0,3914,2049
11557,11557,0,4095,2049
11558,11558,0,4095,2049
11559,11559,0,3987,2050
11560,11560,0,3682,2049
11561,11561,0,3242,2049
11562,11562,0,2706,2049
11563,11563,0,2114,2049
11564,11564,0,1517,2050
11565,11565,0,964,2050
11566,11566,0,500,2050
11567,11567,0,161,2049
11568,11568,0,0,2049
11569,11569,0,0,2049
11570,11570,0,119,2049
11571,11571,0,434,2049
11572,11572,0,881,2050
11573,11573,0,1423,2049
11574,11574,0,2015,2050
11575,11575,0,2611,2049
11576,11576,0,3160,2049
11577,11577,0,3619,2050
11578,11578,0,3948,2049
11579,11579,0,4095,2049
11580,11580,0,4095,2049
11581,11581,0,3957,2049
11582,11582,0,3632,2049
11583,11583,0,3179,2049
11584,11584,0,2632,2050
11585,11585,0,2037,2050
11586,11586,0,1444,2049
11587,11587,0,898,2049
11588,11588,0,448,2049
11589,11589,0,128,2049
11590,11590,0,0,2050
11591,11591,0,0,2049
11592,11592,0,151,2050
11593,11593,0,484,2049
11594,11594,0,945,2049
11595,11595,0,1496,2049
11596,11596,0,2092,2049
11597,11597,0,2685,2049
11598,11598,0,3225,2049
11599,11599,0,3669,2049
11600,11600,0,3978,2049
11601,11601,0,4095,2049
11602,11602,0,4095,2049
11603,11603,0,3924,2049
11604,11604,0,3582,2050
11605,11605,0,3114,2050
11606,11606,0,2558,2049
11607,11607,0,1961,2049
11608,11608,0,1370,2049
11609,11609,0,835,2049
11610,11610,0,399,2049
11611,11611,0,99,2049
11612,11612,0,0,2049
11613,11613,0,0,2049
11614,11614,0,185,2050
11615,11615,0,537,2049
11616,11616,0,1011,2049
11617,11617,0,1571,2049
11618,11618,0,2170,2049
11619,11619,0,2758,2049
11620,11620,0,3287,2049
11621,11621,0,3716,2049
11622,11622,0,4008,2049
11623,11623,0,4095,2049
11624,11624,0,4095,2049
11625,11625,0,3888,2049
11626,11626,0,3528,2049
11627,11627,0,3046,2049
11628,11628,0,2483,2049
11629,11629,0,1884,2049
11630,11630,0,1297,2048
11631,11631,0,773,2049
11632,11632,0,353,2049
11633,11633,0,71,2049
11634,11634,0,0,2049
11635,11635,0,3,2049
11636,11636,0,222,2049
11637,11637,0,591,2049
11638,11638,0,1079,2049
11639,11639,0,1647,2049
11640,11640,0,2246,2049
11641,11641,0,2830,2049
11642,11642,0,3349,2049
11643,11643,0,3762,2049
11644,11644,0,4034,2049
11645,11645,0,4095,2049
11646,11646,0,4079,2049
11647,11647,0,3850,2049
11648,11648,0,3472,2049
11649,11649,0,2978,2049
11650,11650,0,2407,2049
11651,11651,0,1807,2049
11652,11652,0,1226,2049
11653,11653,0,712,2049
11654,11654,0,308,2049
11655,11655,0,45,2049
11656,11656,0,0,2049
11657,11657,0,22,2050
11658,11658,0,262,2049
11659,11659,0,647,2049
11660,11660,0,1147,2050
11661,11661,0,1722,2049
11662,11662,0,2322,2049
11663,11663,0,2900,2049
11664,11664,0,3408,2050
11665,11665,0,3804,2050
11666,11666,0,4057,2049
11667,11667,0,4095,2049
11668,11668,0,4060,2050
11669,11669,0,3809,2049
11670,11670,0,3415,2049
11671,11671,0,2909,2050
11672,11672,0,2331,2049
11673,11673,0,1731,2049
11674,11674,0,1156,2050
11675,11675,0,655,2049
11676,11676,0,266,2049
11677,11677,0,24,2050
11678,11678,0,0,2049
11679,11679,0,43,2049
11680,11680,0,304,2049
11681,11681,0,705,2049
11682,11682,0,1218,2049
11683,11683,0,1798,2049
11684,11684,0,2399,2049
11685,11685,0,2970,2049
11686,11686,0,3465,2049
11687,11687,0,3845,2049
11688,11688,0,4077,2049
11689,11689,0,4095,2049
11690,11690,0,4036,2049
11691,11691,0,3766,2049
11692,11692,0,3356,2050
11693,11693,0,2838,2049
11694,11694,0,2255,2049
11695,11695,0,1654,2050
11696,11696,0,1088,2049
11697,11697,0,598,2049
11698,11698,0,227,2048
11699,11699,0,6,2049
11700,11700,0,0,2049
11701,11701,0,68,2049
11702,11702,0,346,2049
11703,11703,0,766,2049
11704,11704,0,1289,2049
11705,11705,0,1874,2049
11706,11706,0,2474,2049
11707,11707,0,3039,2050
11708,11708,0,3522,2049
11709,11709,0,3883,2049
11710,11710,0,4095,2049
11711,11711,0,4095,2049
11712,11712,0,4010,2049
11713,11713,0,3721,2049
11714,11714,0,3294,2049
11715,11715,0,2766,2049
11716,11716,0,2178,2050
11717,11717,0,1580,2049
11718,11718,0,1020,2049
11719,11719,0,542,2049
11720,11720,0,190,2049
11721,11721,0,0,2049
11722,11722,0,0,2049
11723,11723,0,95,2049
11724,11724,0,394,2050
11725,11725,0,828,2049
11726,11726,0,1361,2049
11727,11727,0,1952,2049
11728,11728,0,2549,2049
11729,11729,0,3105,2049
11730,11730,0,3575,2050
11731,11731,0,3920,2049
11732,11732,0,4095,2049
11733,11733,0,4095,2049
11734,11734,0,3982,2049
11735,11735,0,3674,2049
11736,11736,0,3232,2049
11737,11737,0,2694,2049
11738,11738,0,2101,2049
11739,11739,0,1504,2050
11740,11740,0,953,2049
11741,11741,0,491,2050
11742,11742,0,155,2050
11743,11743,0,0,2049
11744,11744,0,0,2049
11745,11745,0,125,2049
11746,11746,0,442,2049
11747,11747,0,891,2049
11748,11748,0,1434,2050
11749,11749,0,2029,2049
11750,11750,0,2623,2048
11751,11751,0,3171,2049
11752,11752,0,3626,2050
11753,11753,0,3953,2049
11754,11754,0,4095,2050
11755,11755,0,4095,2050
11756,11756,0,3952,2049
11757,11757,0,3625,2049
11758,11758,0,3167,2049
11759,11759,0,2619,2050
11760,11760,0,2024,2049
11761,11761,0,1432,2050
11762,11762,0,888,2049
11763,11763,0,440,2049
11764,11764,0,123,2049
11765,11765,0,0,2049
11766,11766,0,0,2049
11767,11767,0,157,2049
11768,11768,0,493,2050
11769,11769,0,956,2049
11770,11770,0,1508,2049
11771,11771,0,2105,2049
11772,11772,0,2697,2048
11773,11773,0,3236,2049
11774,11774,0,3677,2049
11775,11775,0,3984,2049
11776,11776,0,4095,2049
11777,11777,0,4095,2049
11778,11778,0,3918,2049
11779,11779,0,3572,2049
11780,11780,0,3102,2049
11781,11781,0,2545,2049
11782,11782,0,1948,2049
11783,11783,0,1358,2049
11784,11784,0,824,2049
11785,11785,0,391,2050
11786,11786,0,94,2048
11787,11787,0,0,2049
11788,11788,0,0,2049
11789,11789,0,191,2049
11790,11790,0,546,2049
11791,11791,0,1023,2049
11792,11792,0,1583,2049
11793,11793,0,2182,2050
11794,11794,0,2769,2049
11795,11795,0,3298,2049
11796,11796,0,3724,2049
11797,11797,0,4012,2049
11798,11798,0,4095,2049
11799,11799,0,4094,2049
11800,11800,0,3881,2049
11801,11801,0,3518,2050
11802,11802,0,3035,2050
11803,11803,0,2471,2049
11804,11804,0,1871,2049
11805,11805,0,1285,2049
11806,11806,0,763,2049
11807,11807,0,345,2049
11808,11808,0,66,2049
11809,11809,0,0,2049
11810,11810,0,6,2048
11811,11811,0,228,2050
11812,11812,0,600,2049
11813,11813,0,1090,2049
11814,11814,0,1658,2050
11815,11815,0,2259,2049
11816,11816,0,2841,2049
11817,11817,0,3359,2049
11818,11818,0,3768,2049
11819,11819,0,4037,2048
11820,11820,0,4095,2049
11821,11821,0,4076,2050
11822,11822,0,3843,2049
11823,11823,0,3463,2049
11824,11824,0,2967,2050
11825,11825,0,2395,2049
11826,11826,0,1795,2049
11827,11827,0,1214,2049
11828,11828,0,703,2049
11829,11829,0,301,2049
11830,11830,0,42,2049
11831,11831,0,0,2050
11832,11832,0,25,2050
11833,11833,0,268,2049
11834,11834,0,656,2049
11835,11835,0,1160,2049
11836,11836,0,1735,2049
11837,11837,0,2335,2049
11838,11838,0,2912,2049
11839,11839,0,3417,2050
11840,11840,0,3812,2049
11841,11841,0,4060,2050
11842,11842,0,4095,2049
11843,11843,0,4055,2050
11844,11844,0,3802,2049
11845,11845,0,3404,2049
11846,11846,0,2897,2050
11847,11847,0,2318,2049
11848,11848,0,1718,2049
11849,11849,0,1145,2049
11850,11850,0,645,2049
11851,11851,0,260,2049
11852,11852,0,21,2050
11853,11853,0,0,2049
11854,11854,0,47,2049
11855,11855,0,311,2049
11856,11856,0,715,2049
11857,11857,0,1230,2050
11858,11858,0,1811,2049
11859,11859,0,2411,2050
11860,11860,0,2981,2049
11861,11861,0,3476,2050
11862,11862,0,3852,2049
11863,11863,0,4081,2049
11864,11864,0,4095,2049
11865,11865,0,4032,2049
11866,11866,0,3759,2049
11867,11867,0,3345,2049
11868,11868,0,2825,2049
11869,11869,0,2242,2050
11870,11870,0,1642,2049
11871,11871,0,1076,2049
11872,11872,0,588,2049
11873,11873,0,221,2049
11874,11874,0,3,2049
11875,11875,0,0,2050
11876,11876,0,72,2049
11877,11877,0,355,2050
11878,11878,0,776,2049
11879,11879,0,1301,2049
11880,11880,0,1887,2049
11881,11881,0,2486,2049
11882,11882,0,3050,2049
11883,11883,0,3530,2049
11884,11884,0,3890,2049
11885,11885,0,4095,2049
11886,11886,0,4095,2050
11887,11887,0,4006,2049
11888,11888,0,3713,2049
11889,11889,0,3284,2049
11890,11890,0,2754,2049
11891,11891,0,2166,2049
11892,11892,0,1567,2049
11893,11893,0,1008,2049
11894,11894,0,535,2049
11895,11895,0,184,2049
11896,11896,0,0,2049
11897,11897,0,0,2049
11898,11898,0,99,2049
11899,11899,0,401,2049
11900,11900,0,838,2049
11901,11901,0,1373,2050
11902,11902,0,1964,2050
11903,11903,0,2562,2049
11904,11904,0,3116,2049
11905,11905,0,3584,2049
11906,11906,0,3925,2049
11907,11907,0,4095,2049
11908,11908,0,4095,2049
11909,11909,0,3977,2049
11910,11910,0,3665,2050
11911,11911,0,3221,2049
11912,11912,0,2681,2049
11913,11913,0,2088,2049
11914,11914,0,1493,2049
11915,11915,0,942,2049
11916,11916,0,482,2050
11917,11917,0,149,2050
11918,11918,0,0,2049
11919,11919,0,0,2049
11920,11920,0,130,2049
11921,11921,0,450,2050
11922,11922,0,901,2049
11923,11923,0,1447,2049
11924,11924,0,2041,2049
11925,11925,0,2636,2049
11926,11926,0,3182,2048
11927,11927,0,3635,2049
11928,11928,0,3958,2049
11929,11929,0,4095,2049
11930,11930,0,4095,2049
11931,11931,0,3946,2049
11932,11932,0,3616,2049
11933,11933,0,3157,2050
11934,11934,0,2607,2049
11935,11935,0,2011,2050
11936,11936,0,1419,2050
11937,11937,0,878,2049
11938,11938,0,432,2050
11939,11939,0,118,2050
11940,11940,0,0,2049
11941,11941,0,0,2049
11942,11942,0,162,2049
11943,11943,0,502,2049
11944,11944,0,967,2049
11945,11945,0,1521,2049
11946,11946,0,2118,2050
11947,11947,0,2709,2049
11948,11948,0,3245,2049
11949,11949,0,3684,2049
11950,11950,0,3988,2050
11951,11951,0,4095,2050
11952,11952,0,4095,2049
11953,11953,0,3912,2049
11954,11954,0,3563,2049
11955,11955,0,3091,2049
11956,11956,0,2533,2049
11957,11957,0,1935,2049
11958,11958,0,1346,2049
11959,11959,0,814,2049
11960,11960,0,384,2049
11961,11961,0,89,2050
11962,11962,0,0,2049
11963,11963,0,0,2049
11964,11964,0,197,2049
11965,11965,0,554,2049
11966,11966,0,1033,2049
11967,11967,0,1595,2049
11968,11968,0,2195,2050
11969,11969,0,2781,2049
11970,11970,0,3308,2049
11971,11971,0,3730,2050
11972,11972,0,4016,2049
11973,11973,0,4095,2050
11974,11974,0,4091,2050
11975,11975,0,3875,2049
11976,11976,0,3509,2049
11977,11977,0,3024,2049
11978,11978,0,2458,2049
11979,11979,0,1859,2049
11980,11980,0,1273,2049
11981,11981,0,753,2049
11982,11982,0,338,2050
11983,11983,0,62,2049
11984,11984,0,0,2049
11985,11985,0,9,2049
11986,11986,0,235,2049
11987,11987,0,610,2049
11988,11988,0,1101,2049
11989,11989,0,1671,2049
11990,11990,0,2271,2050
11991,11991,0,2853,2049
11992,11992,0,3369,2049
11993,11993,0,3777,2049
11994,11994,0,4042,2049
11995,11995,0,4095,2049
11996,11996,0,4073,2049
11997,11997,0,3837,2049
11998,11998,0,3453,2049
11999,11999,0,2955,2049
12000,12000,0,2382,2050
12001,12001,0,1782,2049
12002,12002,0,1203,2049
12003,12003,0,693,2049
12004,12004,0,294,2050
12005,12005,0,39,2049
12006,12006,0,0,2049
12007,12007,0,29,2049
12008,12008,0,276,2049
12009,12009,0,666,2049
12010,12010,0,1171,2049
12011,12011,0,1747,2049
12012,12012,0,2348,2049
12013,12013,0,2923,2049
12014,12014,0,3427,2049
12015,12015,0,3818,2049
12016,12016,0,4064,2049
12017,12017,0,4095,2050
12018,12018,0,4052,2049
12019,12019,0,3795,2049
12020,12020,0,3396,2048
12021,12021,0,2885,2049
12022,12022,0,2305,2049
12023,12023,0,1706,2049
12024,12024,0,1133,2049
12025,12025,0,635,2050
12026,12026,0,253,2049
12027,12027,0,18,2049
12028,12028,0,0,2049
12029,12029,0,51,2049
12030,12030,0,318,2049
12031,12031,0,725,2049
12032,12032,0,1241,2049
12033,12033,0,1823,2049
12034,12034,0,2424,2050
12035,12035,0,2992,2049
12036,12036,0,3484,2049
12037,12037,0,3859,2050
12038,12038,0,4084,2049
12039,12039,0,4095,2049
12040,12040,0,4028,2049
12041,12041,0,3751,2049
12042,12042,0,3335,2050
12043,12043,0,2814,2049
12044,12044,0,2229,2050
12045,12045,0,1630,2049
12046,12046,0,1064,2049
12047,12047,0,580,2049
12048,12048,0,215,2049
12049,12049,0,0,2049
12050,12050,0,0,2049
12051,12051,0,77,2049
12052,12052,0,362,2049
12053,12053,0,785,2050
12054,12054,0,1312,2049
12055,12055,0,1900,2050
12056,12056,0,2499,2049
12057,12057,0,3061,2049
12058,12058,0,3539,2049
12059,12059,0,3896,2049
12060,12060,0,4095,2049
12061,12061,0,4095,2049
12062,12062,0,4002,2049
12063,12063,0,3705,2049
12064,12064,0,3274,2049
12065,12065,0,2742,2049
12066,12066,0,2153,2049
12067,12067,0,1555,2049
12068,12068,0,997,2049
12069,12069,0,526,2050
12070,12070,0,178,2049
12071,12071,0,0,2050
12072,12072,0,0,2049
12073,12073,0,104,2048
12074,12074,0,409,2049
12075,12075,0,848,2050
12076,12076,0,1386,2050
12077,12077,0,1977,2049
12078,12078,0,2574,2049
12079,12079,0,3128,2049
12080,12080,0,3592,2049
12081,12081,0,3931,2049
12082,12082,0,4095,2050
12083,12083,0,4095,2049
12084,12084,0,3972,2049
12085,12085,0,3657,2049
12086,12086,0,3211,2048
12087,12087,0,2668,2050
12088,12088,0,2076,2049
12089,12089,0,1480,2049
12090,12090,0,931,2049
12091,12091,0,474,2050
12092,12092,0,144,2049
12093,12093,0,0,2049
12094,12094,0,0,2049
12095,12095,0,134,2049
12096,12096,0,459,2049
12097,12097,0,912,2049
12098,12098,0,1459,2049
12099,12099,0,2054,2050
12100,12100,0,2648,2049
12101,12101,0,3193,2049
12102,12102,0,3644,2049
12103,12103,0,3963,2049
12104,12104,0,4095,2050
12105,12105,0,4095,2048
12106,12106,0,3941,2049
12107,12107,0,3608,2050
12108,12108,0,3146,2049
12109,12109,0,2595,2049
12110,12110,0,1999,2049
12111,12111,0,1407,2050
12112,12112,0,867,2049
12113,12113,0,423,2049
12114,12114,0,113,2050
12115,12115,0,0,2050
12116,12116,0,0,2049
12117,12117,0,168,2050
12118,12118,0,510,2050
12119,12119,0,977,2049
12120,12120,0,1533,2049
12121,12121,0,2130,2049
12122,12122,0,2721,2049
12123,12123,0,3256,2049
12124,12124,0,3692,2049
12125,12125,0,3993,2050
12126,12126,0,4095,2049
12127,12127,0,4095,2050
12128,12128,0,3906,2049
12129,12129,0,3554,2049
12130,12130,0,3080,2049
12131,12131,0,2520,2049
12132,12132,0,1923,2049
12133,12133,0,1334,2049
12134,12134,0,804,2049
12135,12135,0,376,2049
12136,12136,0,85,2049
12137,12137,0,0,2049
12138,12138,0,0,2049
12139,12139,0,203,2049
12140,12140,0,563,2049
12141,12141,0,1045,2050
12142,12142,0,1608,2049
12143,12143,0,2207,2049
12144,12144,0,2793,2049
12145,12145,0,3319,2049
12146,12146,0,3739,2049
12147,12147,0,4021,2050
12148,12148,0,4095,2049
12149,12149,0,4089,2049
12150,12150,0,3869,2050
12151,12151,0,3500,2049
12152,12152,0,3012,2049
12153,12153,0,2446,2049
12154,12154,0,1846,2049
12155,12155,0,1262,2049
12156,12156,0,743,2049
12157,12157,0,331,2049
12158,12158,0,58,2049
12159,12159,0,0,2048
12160,12160,0,12,2050
12161,12161,0,242,2049
12162,12162,0,619,2048
12163,12163,0,1113,2050
12164,12164,0,1684,2049
12165,12165,0,2284,2049
12166,12166,0,2865,2050
12167,12167,0,3379,2049
12168,12168,0,3784,2049
12169,12169,0,4045,2049
12170,12170,0,4095,2049
12171,12171,0,4069,2049
12172,12172,0,3830,2049
12173,12173,0,3444,2049
12174,12174,0,2943,2049
12175,12175,0,2369,2049
12176,12176,0,1769,2049
12177,12177,0,1191,2049
12178,12178,0,683,2049
12179,12179,0,287,2049
12180,12180,0,35,2049
12181,12181,0,0,2049
12182,12182,0,33,2049
12183,12183,0,282,2050
12184,12184,0,676,2049
12185,12185,0,1182,2049
12186,12186,0,1760,2049
12187,12187,0,2360,2049
12188,12188,0,2935,2048
12189,12189,0,3437,2049
12190,12190,0,3825,2049
12191,12191,0,4068,2050
12192,12192,0,4095,2049
12193,12193,0,4048,2049
12194,12194,0,3788,2049
12195,12195,0,3385,2048
12196,12196,0,2873,2049
12197,12197,0,2294,2050
12198,12198,0,1693,2049
12199,12199,0,1122,2049
12200,12200,0,626,2049
12201,12201,0,246,2048
12202,12202,0,14,2049
12203,12203,0,0,2049
12204,12204,0,56,2049
12205,12205,0,326,2049
12206,12206,0,735,2049
12207,12207,0,1254,2050
12208,12208,0,1836,2049
12209,12209,0,2436,2049
12210,12210,0,3004,2049
12211,12211,0,3494,2050
12212,12212,0,3865,2049
12213,12213,0,4087,2050
12214,12214,0,4095,2049
12215,12215,0,4023,2049
12216,12216,0,3744,2049
12217,12217,0,3325,2049
12218,12218,0,2802,2049
12219,12219,0,2217,2049
12220,12220,0,1617,2049
12221,12221,0,1053,2049
12222,12222,0,570,2049
12223,12223,0,208,2049
12224,12224,0,0,2049
12225,12225,0,0,2049
12226,12226,0,80,2049
12227,12227,0,370,2049
12228,12228,0,796,2049
12229,12229,0,1325,2049
12230,12230,0,1913,2049
12231,12231,0,2511,2049
12232,12232,0,3072,2049
12233,12233,0,3548,2049
12234,12234,0,3903,2049
12235,12235,0,4095,2049
12236,12236,0,4095,2050
12237,12237,0,3997,2050
12238,12238,0,3698,2049
12239,12239,0,3264,2049
12240,12240,0,2730,2049
12241,12241,0,2141,2049
12242,12242,0,1542,2048
12243,12243,0,986,2049
12244,12244,0,516,2049
12245,12245,0,173,2049
12246,12246,0,0,2049
12247,12247,0,0,2049
12248,12248,0,109,2049
12249,12249,0,418,2049
12250,12250,0,859,2049
12251,12251,0,1398,2049
12252,12252,0,1989,2049
12253,12253,0,2586,2048
12254,12254,0,3139,2049
12255,12255,0,3601,2050
12256,12256,0,3936,2049
12257,12257,0,4095,2049
12258,12258,0,4095,2049
12259,12259,0,3967,2049
12260,12260,0,3649,2049
12261,12261,0,3200,2049
12262,12262,0,2657,2049
12263,12263,0,2062,2050
12264,12264,0,1468,2049
12265,12265,0,920,2049
12266,12266,0,465,2049
12267,12267,0,139,2049
12268,12268,0,0,2049
12269,12269,0,0,2049
12270,12270,0,139,2049
12271,12271,0,467,2049
12272,12272,0,923,2050
12273,12273,0,1472,2049
12274,12274,0,2067,2050
12275,12275,0,2660,2049
12276,12276,0,3203,2049
12277,12277,0,3652,2050
12278,12278,0,3969,2050
12279,12279,0,4095,2049
12280,12280,0,4095,2049
12281,12281,0,3935,2049
12282,12282,0,3598,2049
12283,12283,0,3135,2048
12284,12284,0,2583,2049
12285,12285,0,1986,2049
12286,12286,0,1395,2049
12287,12287,0,857,2049
12288,12288,0,415,2049
12289,12289,0,108,2048
12290,12290,0,0,2049
12291,12291,0,0,2048
12292,12292,0,173,2049
12293,12293,0,519,2049
12294,12294,0,989,2049
12295,12295,0,1546,2050
12296,12296,0,2143,2049
12297,12297,0,2732,2049
12298,12298,0,3267,2049
12299,12299,0,3700,2049
12300,12300,0,3998,2049
12301,12301,0,4095,2050
12302,12302,0,4095,2049
12303,12303,0,3900,2049
12304,12304,0,3546,2049
12305,12305,0,3068,2049
12306,12306,0,2509,2049
12307,12307,0,1909,2049
12308,12308,0,1322,2049
12309,12309,0,793,2048
12310,12310,0,368,2049
12311,12311,0,80,2049
12312,12312,0,0,2049
12313,12313,0,0,2049
12314,12314,0,210,2049
12315,12315,0,572,2049
12316,12316,0,1056,2049
12317,12317,0,1620,2049
12318,12318,0,2220,2049
12319,12319,0,2805,2049
12320,12320,0,3329,2049
12321,12321,0,3747,2049
12322,12322,0,4026,2049
12323,12323,0,4095,2049
12324,12324,0,4086,2049
12325,12325,0,3862,2049
12326,12326,0,3491,2048
12327,12327,0,3001,2049
12328,12328,0,2432,2049
12329,12329,0,1832,2049
12330,12330,0,1250,2049
12331,12331,0,732,2049
12332,12332,0,323,2049
12333,12333,0,54,2049
12334,12334,0,0,2049
12335,12335,0,16,2049
12336,12336,0,248,2048
12337,12337,0,629,2049
12338,12338,0,1124,2049
12339,12339,0,1696,2049
12340,12340,0,2297,2049
12341,12341,0,2877,2049
12342,12342,0,3388,2049
12343,12343,0,3790,2049
12344,12344,0,4049,2049
12345,12345,0,4095,2049
12346,12346,0,4066,2049
12347,12347,0,3823,2049
12348,12348,0,3434,2049
12349,12349,0,2932,2050
12350,12350,0,2357,2049
12351,12351,0,1756,2049
12352,12352,0,1179,2049
12353,12353,0,674,2049
12354,12354,0,280,2050
12355,12355,0,31,2049
12356,12356,0,0,2049
12357,12357,0,37,2049
12358,12358,0,289,2049
12359,12359,0,686,2048
12360,12360,0,1195,2050
12361,12361,0,1773,2050
12362,12362,0,2373,2050
12363,12363,0,2947,2049
12364,12364,0,3447,2049
12365,12365,0,3832,2050
12366,12366,0,4071,2049
12367,12367,0,4095,2049
12368,12368,0,4043,2049
12369,12369,0,3781,2049
12370,12370,0,3375,2050
12371,12371,0,2862,2049
12372,12372,0,2280,2049
12373,12373,0,1680,2049
12374,12374,0,1110,2049
12375,12375,0,616,2049
12376,12376,0,240,2049
12377,12377,0,11,2049
12378,12378,0,0,2050
12379,12379,0,59,2050
12380,12380,0,332,2049
12381,12381,0,746,2049
12382,12382,0,1265,2049
12383,12383,0,1849,2049
12384,12384,0,2449,2050
12385,12385,0,3016,2049
12386,12386,0,3504,2049
12387,12387,0,3872,2049
12388,12388,0,4089,2049
12389,12389,0,4095,2049
12390,12390,0,4020,2049
12391,12391,0,3737,2049
12392,12392,0,3316,2049
12393,12393,0,2790,2049
12394,12394,0,2204,2049
12395,12395,0,1605,2049
12396,12396,0,1041,2049
12397,12397,0,561,2050
12398,12398,0,202,2049
12399,12399,0,0,2049
12400,12400,0,0,2049
12401,12401,0,86,2049
12402,12402,0,378,2049
12403,12403,0,806,2049
12404,12404,0,1337,2050
12405,12405,0,1925,2049
12406,12406,0,2524,2050
12407,12407,0,3083,2049
12408,12408,0,3557,2050
12409,12409,0,3907,2050
12410,12410,0,4095,2049
12411,12411,0,4095,2049
12412,12412,0,3991,2049
12413,12413,0,3690,2049
12414,12414,0,3253,2049
12415,12415,0,2718,2049
12416,12416,0,2127,2050
12417,12417,0,1530,2049
12418,12418,0,975,2049
12419,12419,0,508,2049
12420,12420,0,166,2049
12421,12421,0,0,2050
12422,12422,0,0,2049
12423,12423,0,114,2049
12424,12424,0,426,2049
12425,12425,0,869,2049
12426,12426,0,1410,2049
12427,12427,0,2002,2050
12428,12428,0,2599,2049
12429,12429,0,3150,2049
12430,12430,0,3610,2049
12431,12431,0,3942,2049
12432,12432,0,4095,2049
12433,12433,0,4095,2049
12434,12434,0,3962,2049
12435,12435,0,3640,2050
12436,12436,0,3190,2049
12437,12437,0,2644,2049
12438,12438,0,2050,2049
12439,12439,0,1455,2049
12440,12440,0,909,2049
12441,12441,0,457,2049
12442,12442,0,134,2049
12443,12443,0,0,2050
12444,12444,0,0,2049
12445,12445,0,146,2050
12446,12446,0,476,2050
12447,12447,0,935,2049
12448,12448,0,1483,2049
12449,12449,0,2080,2049
12450,12450,0,2673,2049
12451,12451,0,3214,2049
12452,12452,0,3660,2050
12453,12453,0,3974,2049
12454,12454,0,4095,2049
12455,12455,0,4095,2050
12456,12456,0,3930,2049
12457,12457,0,3589,2049
12458,12458,0,3124,2049
12459,12459,0,2570,2049
12460,12460,0,1973,2049
12461,12461,0,1382,2050
12462,12462,0,846,2049
12463,12463,0,407,2050
12464,12464,0,103,2049
12465,12465,0,0,2049
12466,12466,0,0,2049
12467,12467,0,179,2049
12468,12468,0,528,2049
12469,12469,0,1000,2050
12470,12470,0,1558,2049
12471,12471,0,2157,2049
12472,12472,0,2745,2049
12473,12473,0,3278,2049
12474,12474,0,3708,2049
12475,12475,0,4002,2049
12476,12476,0,4095,2049
12477,12477,0,4095,2049
12478,12478,0,3895,2049
12479,12479,0,3537,2050
12480,12480,0,3058,2049
12481,12481,0,2496,2049
12482,12482,0,1897,2050
12483,12483,0,1310,2050
12484,12484,0,783,2049
12485,12485,0,360,2049
12486,12486,0,75,2049
12487,12487,0,0,2049
12488,12488,0,0,2049
12489,12489,0,216,2049
12490,12490,0,581,2050
12491,12491,0,1068,2048
12492,12492,0,1633,2049
12493,12493,0,2233,2049
12494,12494,0,2818,2049
12495,12495,0,3339,2049
12496,12496,0,3753,2049
12497,12497,0,4030,2050
12498,12498,0,4095,2049
12499,12499,0,4083,2049
12500,12500,0,3856,2049
12501,12501,0,3481,2049
12502,12502,0,2990,2049
12503,12503,0,2421,2049
12504,12504,0,1820,2049
12505,12505,0,1238,2049
12506,12506,0,723,2049
12507,12507,0,316,2049
12508,12508,0,50,2049
12509,12509,0,0,2049
12510,12510,0,18,2049
12511,12511,0,256,2049
12512,12512,0,638,2049
12513,12513,0,1136,2049
12514,12514,0,1709,2048
12515,12515,0,2309,2049
12516,12516,0,2889,2049
12517,12517,0,3399,2050
12518,12518,0,3798,2049
12519,12519,0,4053,2049
12520,12520,0,4095,2049
12521,12521,0,4063,2049
12522,12522,0,3816,2049
12523,12523,0,3424,2049
12524,12524,0,2920,2050
12525,12525,0,2344,2050
12526,12526,0,1743,2049
12527,12527,0,1168,2049
12528,12528,0,663,2049
12529,12529,0,273,2049
12530,12530,0,28,2049
12531,12531,0,0,2049
12532,12532,0,40,2048
12533,12533,0,295,2049
12534,12534,0,696,2050
12535,12535,0,1207,2049
12536,12536,0,1785,2050
12537,12537,0,2385,2049
12538,12538,0,2959,2049
12539,12539,0,3456,2049
12540,12540,0,3838,2049
12541,12541,0,4075,2049
12542,12542,0,4095,2050
12543,12543,0,4039,2049
12544,12544,0,3773,2049
12545,12545,0,3366,2050
12546,12546,0,2849,2049
12547,12547,0,2268,2049
12548,12548,0,1668,2049
12549,12549,0,1099,2049
12550,12550,0,607,2049
12551,12551,0,234,2049
12552,12552,0,8,2049
12553,12553,0,0,2049
12554,12554,0,63,2049
12555,12555,0,340,2049
12556,12556,0,756,2049
12557,12557,0,1277,2049
12558,12558,0,1862,2049
12559,12559,0,2461,2049
12560,12560,0,3027,2049
12561,12561,0,3512,2049
12562,12562,0,3878,2049
12563,12563,0,4092,2049
12564,12564,0,4095,2049
12565,12565,0,4014,2050
12566,12566,0,3729,2049
12567,12567,0,3306,2049
12568,12568,0,2779,2049
12569,12569,0,2191,2049
12570,12570,0,1592,2049
12571,12571,0,1030,2050
12572,12572,0,552,2050
12573,12573,0,196,2049
12574,12574,0,0,2050
12575,12575,0,0,2050
12576,12576,0,90,2050
12577,12577,0,386,2050
12578,12578,0,817,2049
12579,12579,0,1348,2049
12580,12580,0,1939,2049
12581,12581,0,2536,2049
12582,12582,0,3094,2049
12583,12583,0,3566,2049
12584,12584,0,3914,2049
12585,12585,0,4095,2049
12586,12586,0,4095,2049
12587,12587,0,3987,2049
12588,12588,0,3681,2049
12589,12589,0,3242,2049
12590,12590,0,2705,2050
12591,12591,0,2114,2050
12592,12592,0,1518,2049
12593,12593,0,964,2049
12594,12594,0,499,2049
12595,12595,0,161,2049
12596,12596,0,0,2049
12597,12597,0,0,2049
12598,12598,0,120,2050
12599,12599,0,434,2050
12600,12600,0,881,2049
12601,12601,0,1423,2049
12602,12602,0,2016,2049
12603,12603,0,2612,2049
12604,12604,0,3160,2049
12605,12605,0,3617,2049
12606,12606,0,3948,2050
12607,12607,0,4095,2049
12608,12608,0,4095,2049
12609,12609,0,3957,2049
12610,12610,0,3632,2049
12611,12611,0,3179,2049
12612,12612,0,2632,2050
12613,12613,0,2037,2049
12614,12614,0,1443,2049
12615,12615,0,899,2049
12616,12616,0,449,2049
12617,12617,0,129,2049
12618,12618,0,0,2049
12619,12619,0,0,2050
12620,12620,0,151,2050
12621,12621,0,485,2049
12622,12622,0,945,2050
12623,12623,0,1496,2049
12624,12624,0,2092,2050
12625,12625,0,2685,2048
12626,12626,0,3225,2049
12627,12627,0,3669,2049
12628,12628,0,3979,2049
12629,12629,0,4095,2049
12630,12630,0,4095,2050
12631,12631,0,3924,2050
12632,12632,0,3581,2049
12633,12633,0,3113,2049
12634,12634,0,2558,2049
12635,12635,0,1961,2049
12636,12636,0,1370,2049
12637,12637,0,836,2049
12638,12638,0,399,2049
12639,12639,0,99,2050
12640,12640,0,0,2050
12641,12641,0,0,2050
12642,12642,0,185,2050
12643,12643,0,537,2049
12644,12644,0,1011,2049
12645,12645,0,1571,2049
12646,12646,0,2169,2049
12647,12647,0,2758,2049
12648,12648,0,3288,2049
12649,12649,0,3716,2050
12650,12650,0,4008,2050
12651,12651,0,4095,2049
12652,12652,0,4095,2049
12653,12653,0,3888,2050
12654,12654,0,3528,2048
12655,12655,0,3046,2049
12656,12656,0,2483,2049
12657,12657,0,1884,2049
12658,12658,0,1298,2049
12659,12659,0,773,2049
12660,12660,0,353,2050
12661,12661,0,71,2050
12662,12662,0,0,2049
12663,12663,0,3,2049
12664,12664,0,222,2049
12665,12665,0,591,2049
12666,12666,0,1079,2049
12667,12667,0,1646,2049
12668,12668,0,2246,2049
12669,12669,0,2829,2049
12670,12670,0,3349,2049
12671,12671,0,3762,2050
12672,12672,0,4033,2049
12673,12673,0,4095,2049
12674,12674,0,4079,2049
12675,12675,0,3850,2049
12676,12676,0,3472,2049
12677,12677,0,2978,2049
12678,12678,0,2407,2050
12679,12679,0,1807,2049
12680,12680,0,1227,2049
12681,12681,0,713,2049
12682,12682,0,309,2049
12683,12683,0,47,2049
12684,12684,0,0,2049
12685,12685,0,22,2049
12686,12686,0,262,2049
12687,12687,0,647,2049
12688,12688,0,1148,2049
12689,12689,0,1722,2049
12690,12690,0,2322,2049
12691,12691,0,2900,2049
12692,12692,0,3408,2049
12693,12693,0,3805,2049
12694,12694,0,4056,2049
12695,12695,0,4095,2049
12696,12696,0,4059,2050
12697,12697,0,3809,2049
12698,12698,0,3415,2049
12699,12699,0,2908,2049
12700,12700,0,2331,2049
12701,12701,0,1731,2049
12702,12702,0,1156,2049
12703,12703,0,654,2049
12704,12704,0,266,2049
12705,12705,0,25,2049
12706,12706,0,0,2050
12707,12707,0,44,2049
12708,12708,0,303,2049
12709,12709,0,706,2049
12710,12710,0,1219,2049
12711,12711,0,1798,2049
12712,12712,0,2398,2049
12713,12713,0,2970,2049
12714,12714,0,3466,2049
12715,12715,0,3846,2049
12716,12716,0,4077,2050
12717,12717,0,4095,2050
12718,12718,0,4036,2049
12719,12719,0,3767,2049
12720,12720,0,3355,2049
12721,12721,0,2838,2049
12722,12722,0,2255,2050
12723,12723,0,1655,2050
12724,12724,0,1087,2049
12725,12725,0,598,2049
12726,12726,0,227,2049
12727,12727,0,6,2049
12728,12728,0,0,2049
12729,12729,0,68,2049
12730,12730,0,347,2048
12731,12731,0,766,2049
12732,12732,0,1289,2049
12733,12733,0,1875,2049
12734,12734,0,2474,2049
12735,12735,0,3038,2050
12736,12736,0,3521,2049
12737,12737,0,3884,2049
12738,12738,0,4095,2049
12739,12739,0,4095,2049
12740,12740,0,4010,2049
12741,12741,0,3721,2049
12742,12742,0,3294,2049
12743,12743,0,2766,2050
12744,12744,0,2178,2049
12745,12745,0,1579,2049
12746,12746,0,1019,2049
12747,12747,0,543,2049
12748,12748,0,190,2049
12749,12749,0,0,2049
12750,12750,0,0,2049
12751,12751,0,95,2049
12752,12752,0,394,2049
12753,12753,0,828,2049
12754,12754,0,1362,2049
12755,12755,0,1952,2049
12756,12756,0,2550,2049
12757,12757,0,3106,2049
12758,12758,0,3575,2049
12759,12759,0,3920,2049
12760,12760,0,4095,2050
12761,12761,0,4095,2049
12762,12762,0,3983,2049
12763,12763,0,3674,2049
12764,12764,0,3232,2049
12765,12765,0,2693,2049
12766,12766,0,2101,2049
12767,12767,0,1505,2049
12768,12768,0,953,2049
12769,12769,0,491,2050
12770,12770,0,155,2049
12771,12771,0,0,2049
12772,12772,0,0,2049
12773,12773,0,124,2049
12774,12774,0,442,2049
12775,12775,0,891,2049
12776,12776,0,1435,2049
12777,12777,0,2028,2049
12778,12778,0,2623,2049
12779,12779,0,3172,2049
12780,12780,0,3627,2049
12781,12781,0,3953,2049
12782,12782,0,4095,2048
12783,12783,0,4095,2049
12784,12784,0,3952,2049
12785,12785,0,3623,2050
12786,12786,0,3168,2049
12787,12787,0,2620,2049
12788,12788,0,2024,2050
12789,12789,0,1431,2049
12790,12790,0,888,2049
12791,12791,0,441,2049
12792,12792,0,124,2049
12793,12793,0,0,2049
12794,12794,0,0,2050
12795,12795,0,156,2049
12796,12796,0,493,2049
12797,12797,0,956,2049
12798,12798,0,1509,2049
12799,12799,0,2106,2049
12800,12800,0,2696,2049
12801,12801,0,3236,2049
12802,12802,0,3676,2049
12803,12803,0,3983,2049
12804,12804,0,4095,2050
12805,12805,0,4095,2049
12806,12806,0,3918,2050
12807,12807,0,3572,2050
12808,12808,0,3102,2049
12809,12809,0,2546,2049
12810,12810,0,1947,2049
12811,12811,0,1358,2049
12812,12812,0,824,2049
12813,12813,0,391,2049
12814,12814,0,93,2049
12815,12815,0,0,2049
12816,12816,0,0,2050
12817,12817,0,191,2049
12818,12818,0,546,2049
12819,12819,0,1023,2050
12820,12820,0,1584,2049
12821,12821,0,2182,2049
12822,12822,0,2770,2049
12823,12823,0,3298,2049
12824,12824,0,3724,2050
12825,12825,0,4012,2050
12826,12826,0,4095,2050
12827,12827,0,4094,2049
12828,12828,0,3881,2050
12829,12829,0,3518,2049
12830,12830,0,3035,2049
12831,12831,0,2470,2049
12832,12832,0,1870,2049
12833,12833,0,1286,2049
12834,12834,0,763,2049
12835,12835,0,345,2049
12836,12836,0,68,2049
12837,12837,0,0,2048
12838,12838,0,7,2049
12839,12839,0,229,2049
12840,12840,0,601,2049
12841,12841,0,1090,2049
12842,12842,0,1659,2050
12843,12843,0,2260,2049
12844,12844,0,2842,2050
12845,12845,0,3359,2049
12846,12846,0,3768,2049
12847,12847,0,4038,2049
12848,12848,0,4095,2050
12849,12849,0,4076,2049
12850,12850,0,3843,2049
12851,12851,0,3463,2049
12852,12852,0,2966,2050
12853,12853,0,2394,2049
12854,12854,0,1794,2049
12855,12855,0,1215,2049
12856,12856,0,702,2049
12857,12857,0,301,2049
12858,12858,0,42,2049
12859,12859,0,0,2049
12860,12860,0,25,2049
12861,12861,0,269,2049
12862,12862,0,657,2050
12863,12863,0,1159,2049
12864,12864,0,1735,2049
12865,12865,0,2335,2050
12866,12866,0,2912,2049
12867,12867,0,3418,2049
12868,12868,0,3811,2049
12869,12869,0,4059,2049
12870,12870,0,4095,2049
12871,12871,0,4055,2049
12872,12872,0,3802,2049
12873,12873,0,3405,2049
12874,12874,0,2897,2050
12875,12875,0,2319,2048
12876,12876,0,1718,2049
12877,12877,0,1144,2049
12878,12878,0,645,2049
12879,12879,0,260,2049
12880,12880,0,21,2049
12881,12881,0,0,2049
12882,12882,0,47,2049
12883,12883,0,311,2049
12884,12884,0,716,2049
12885,12885,0,1230,2050
12886,12886,0,1811,2049
12887,12887,0,2411,2050
12888,12888,0,2981,2049
12889,12889,0,3475,2049
12890,12890,0,3853,2049
12891,12891,0,4081,2049
12892,12892,0,4095,2049
12893,12893,0,4032,2049
12894,12894,0,3759,2049
12895,12895,0,3345,2049
12896,12896,0,2826,2050
12897,12897,0,2242,2050
12898,12898,0,1642,2048
12899,12899,0,1076,2049
12900,12900,0,588,2050
12901,12901,0,220,2050
12902,12902,0,2,2049
12903,12903,0,0,2048
12904,12904,0,72,2049
12905,12905,0,355,2050
12906,12906,0,776,2049
12907,12907,0,1301,2049
12908,12908,0,1887,2049
12909,12909,0,2487,2049
12910,12910,0,3050,2049
12911,12911,0,3530,2049
12912,12912,0,3890,2049
12913,12913,0,4095,2049
12914,12914,0,4095,2049
12915,12915,0,4005,2049
12916,12916,0,3713,2049
12917,12917,0,3284,2049
12918,12918,0,2754,2049
12919,12919,0,2165,2049
12920,12920,0,1567,2050
12921,12921,0,1008,2048
12922,12922,0,534,2049
12923,12923,0,183,2049
12924,12924,0,0,2049
12925,12925,0,0,2049
12926,12926,0,99,2049
12927,12927,0,402,2049
12928,12928,0,838,2048
12929,12929,0,1374,2049
12930,12930,0,1964,2049
12931,12931,0,2561,2049
12932,12932,0,3116,2049
12933,12933,0,3584,2049
12934,12934,0,3925,2049
12935,12935,0,4095,2050
12936,12936,0,4095,2049
12937,12937,0,3977,2049
12938,12938,0,3665,2048
12939,12939,0,3222,2049
12940,12940,0,2682,2049
12941,12941,0,2089,2049
12942,12942,0,1492,2049
12943,12943,0,942,2049
12944,12944,0,482,2049
12945,12945,0,150,2049
12946,12946,0,0,2050
12947,12947,0,0,2049
12948,12948,0,130,2049
12949,12949,0,450,2049
12950,12950,0,902,2049
12951,12951,0,1447,2049
12952,12952,0,2041,2050
12953,12953,0,2636,2050
12954,12954,0,3182,2050
12955,12955,0,3634,2049
12956,12956,0,3958,2050
12957,12957,0,4095,2050
12958,12958,0,4095,2049
12959,12959,0,3945,2050
12960,12960,0,3615,2049
12961,12961,0,3156,2049
12962,12962,0,2607,2050
12963,12963,0,2011,2049
12964,12964,0,1419,2049
12965,12965,0,878,2049
12966,12966,0,432,2049
12967,12967,0,118,2049
12968,12968,0,0,2049
12969,12969,0,0,2049
12970,12970,0,162,2049
12971,12971,0,502,2049
12972,12972,0,968,2049
12973,12973,0,1521,2049
12974,12974,0,2119,2049
12975,12975,0,2709,2049
12976,12976,0,3246,2049
12977,12977,0,3684,2049
12978,12978,0,3989,2049
12979,12979,0,4095,2050
12980,12980,0,4095,2049
12981,12981,0,3912,2049
12982,12982,0,3563,2049
12983,12983,0,3090,2049
12984,12984,0,2532,2049
12985,12985,0,1935,2049
12986,12986,0,1346,2049
12987,12987,0,814,2049
12988,12988,0,383,2049
12989,12989,0,89,2049
12990,12990,0,0,2049
12991,12991,0,0,2049
12992,12992,0,198,2050
12993,12993,0,555,2049
12994,12994,0,1034,2049
12995,12995,0,1596,2050
12996,12996,0,2194,2049
12997,12997,0,2782,2049
12998,12998,0,3308,2050
12999,12999,0,3731,2049
13000,13000,0,4017,2049
13001,13001,0,4095,2049
13002,13002,0,4091,2049
13003,13003,0,3875,2049
13004,13004,0,3509,2049
13005,13005,0,3023,2049
13006,13006,0,2458,2050
13007,13007,0,1858,2048
13008,13008,0,1274,2049
13009,13009,0,752,2049
13010,13010,0,338,2049
13011,13011,0,62,2049
13012,13012,0,0,2050
13013,13013,0,9,2049
13014,13014,0,235,2049
13015,13015,0,609,2049
13016,13016,0,1103,2049
13017,13017,0,1671,2050
13018,13018,0,2271,2049
13019,13019,0,2853,2049
13020,13020,0,3369,2049
13021,13021,0,3776,2049
13022,13022,0,4041,2050
13023,13023,0,4095,2049
13024,13024,0,4073,2049
13025,13025,0,3835,2049
13026,13026,0,3454,2050
13027,13027,0,2954,2049
13028,13028,0,2382,2050
13029,13029,0,1782,2049
13030,13030,0,1203,2049
13031,13031,0,693,2049
13032,13032,0,295,2049
13033,13033,0,39,2049
13034,13034,0,0,2049
13035,13035,0,29,2049
13036,13036,0,276,2049
13037,13037,0,666,2049
13038,13038,0,1171,2050
13039,13039,0,1747,2049
13040,13040,0,2348,2049
13041,13041,0,2924,2049
13042,13042,0,3428,2049
13043,13043,0,3819,2049
13044,13044,0,4063,2049
13045,13045,0,4095,2049
13046,13046,0,4052,2049
13047,13047,0,3795,2049
13048,13048,0,3395,2049
13049,13049,0,2885,2049
13050,13050,0,2305,2049
13051,13051,0,1705,2049
13052,13052,0,1133,2050
13053,13053,0,635,2049
13054,13054,0,253,2049
13055,13055,0,17,2049
13056,13056,0,0,2049
13057,13057,0,51,2049
13058,13058,0,318,2049
13059,13059,0,725,2050
13060,13060,0,1241,2049
13061,13061,0,1823,2049
13062,13062,0,2423,2050
13063,13063,0,2993,2049
13064,13064,0,3484,2049
13065,13065,0,3859,2049
13066,13066,0,4084,2049
13067,13067,0,4095,2049
13068,13068,0,4027,2049
13069,13069,0,3751,2049
13070,13070,0,3335,2050
13071,13071,0,2814,2049
13072,13072,0,2230,2049
13073,13073,0,1630,2049
13074,13074,0,1064,2049
13075,13075,0,579,2049
13076,13076,0,214,2049
13077,13077,0,0,2050
13078,13078,0,0,2049
13079,13079,0,77,2049
13080,13080,0,363,2049
13081,13081,0,787,2049
13082,13082,0,1313,2049
13083,13083,0,1901,2049
13084,13084,0,2500,2049
13085,13085,0,3061,2049
13086,13086,0,3540,2049
13087,13087,0,3896,2049
13088,13088,0,4095,2049
13089,13089,0,4095,2049
13090,13090,0,4001,2049
13091,13091,0,3705,2049
13092,13092,0,3273,2049
13093,13093,0,2741,2049
13094,13094,0,2153,2049
13095,13095,0,1554,2049
13096,13096,0,997,2049
13097,13097,0,525,2049
13098,13098,0,178,2049
13099,13099,0,0,2049
13100,13100,0,0,2049
13101,13101,0,105,2049
13102,13102,0,409,2049
13103,13103,0,849,2049
13104,13104,0,1386,2050
13105,13105,0,1978,2049
13106,13106,0,2574,2049
13107,13107,0,3128,2049
13108,13108,0,3592,2049
13109,13109,0,3931,2049
13110,13110,0,4095,2049
13111,13111,0,4095,2049
13112,13112,0,3972,2049
13113,13113,0,3657,2050
13114,13114,0,3211,2049
13115,13115,0,2669,2050
13116,13116,0,2076,2049
13117,13117,0,1480,2049
13118,13118,0,931,2049
13119,13119,0,473,2049
13120,13120,0,144,2049
13121,13121,0,0,2049
13122,13122,0,0,2050
13123,13123,0,135,2049
13124,13124,0,459,2049
13125,13125,0,912,2049
13126,13126,0,1460,2049
13127,13127,0,2054,2049
13128,13128,0,2648,2049
13129,13129,0,3193,2050
13130,13130,0,3643,2049
13131,13131,0,3964,2049
13132,13132,0,4095,2049
13133,13133,0,4095,2049
13134,13134,0,3940,2049
13135,13135,0,3607,2049
13136,13136,0,3146,2049
13137,13137,0,2595,2049
13138,13138,0,1998,2049
13139,13139,0,1406,2048
13140,13140,0,867,2049
13141,13141,0,423,2050
13142,13142,0,112,2049
13143,13143,0,0,2049
13144,13144,0,0,2049
13145,13145,0,168,2050
13146,13146,0,510,2049
13147,13147,0,978,2050
13148,13148,0,1534,2049
13149,13149,0,2131,2049
13150,13150,0,2721,2048
13151,13151,0,3256,2049
13152,13152,0,3692,2049
13153,13153,0,3993,2049
13154,13154,0,4095,2049
13155,13155,0,4095,2049
13156,13156,0,3906,2050
13157,13157,0,3554,2049
13158,13158,0,3080,2050
13159,13159,0,2520,2049
13160,13160,0,1922,2050
13161,13161,0,1333,2049
13162,13162,0,804,2049
13163,13163,0,375,2049
13164,13164,0,85,2049
13165,13165,0,0,2049
13166,13166,0,0,2049
13167,13167,0,203,2049
13168,13168,0,564,2049
13169,13169,0,1045,2049
13170,13170,0,1608,2049
13171,13171,0,2208,2049
13172,13172,0,2794,2049
13173,13173,0,3319,2048
13174,13174,0,3739,2050
13175,13175,0,4020,2049
13176,13176,0,4095,2049
13177,13177,0,4088,2049
13178,13178,0,3869,2049
13179,13179,0,3500,2049
13180,13180,0,3012,2049
13181,13181,0,2445,2049
13182,13182,0,1845,2049
13183,13183,0,1262,2050
13184,13184,0,743,2049
13185,13185,0,330,2049
13186,13186,0,58,2049
13187,13187,0,0,2049
13188,13188,0,12,2049
13189,13189,0,242,2049
13190,13190,0,619,2049
13191,13191,0,1113,2050
13192,13192,0,1684,2050
13193,13193,0,2285,2049
13194,13194,0,2866,2049
13195,13195,0,3379,2049
13196,13196,0,3783,2050
13197,13197,0,4046,2048
13198,13198,0,4095,2049
13199,13199,0,4069,2049
13200,13200,0,3830,2049
13201,13201,0,3444,2049
13202,13202,0,2943,2049
13203,13203,0,2369,2050
13204,13204,0,1768,2049
13205,13205,0,1191,2049
13206,13206,0,683,2049
13207,13207,0,287,2049
13208,13208,0,35,2049
13209,13209,0,0,2050
13210,13210,0,32,2049
13211,13211,0,283,2049
13212,13212,0,677,2049
13213,13213,0,1183,2049
13214,13214,0,1761,2049
13215,13215,0,2360,2050
13216,13216,0,2936,2049
13217,13217,0,3437,2049
13218,13218,0,3825,2048
13219,13219,0,4067,2049
13220,13220,0,4095,2049
13221,13221,0,4048,2049
13222,13222,0,3787,2049
13223,13223,0,3385,2049
13224,13224,0,2873,2049
13225,13225,0,2293,2049
13226,13226,0,1693,2049
13227,13227,0,1122,2049
13228,13228,0,626,2049
13229,13229,0,247,2049
13230,13230,0,15,2049
13231,13231,0,0,2049
13232,13232,0,55,2049
13233,13233,0,326,2049
13234,13234,0,736,2048
13235,13235,0,1253,2049
13236,13236,0,1837,2050
13237,13237,0,2436,2049
13238,13238,0,3004,2049
13239,13239,0,3494,2050
13240,13240,0,3865,2049
13241,13241,0,4086,2049
13242,13242,0,4095,2049
13243,13243,0,4023,2050
13244,13244,0,3744,2049
13245,13245,0,3325,2049
13246,13246,0,2803,2050
13247,13247,0,2216,2050
13248,13248,0,1617,2049
13249,13249,0,1053,2050
13250,13250,0,570,2049
13251,13251,0,208,2049
13252,13252,0,0,2050
13253,13253,0,0,2049
13254,13254,0,81,2049
13255,13255,0,370,2050
13256,13256,0,797,2049
13257,13257,0,1325,2049
13258,13258,0,1913,2049
13259,13259,0,2512,2049
13260,13260,0,3072,2049
13261,13261,0,3549,2049
13262,13262,0,3902,2049
13263,13263,0,4095,2049
13264,13264,0,4095,2049
13265,13265,0,3996,2050
13266,13266,0,3697,2050
13267,13267,0,3264,2049
13268,13268,0,2730,2049
13269,13269,0,2140,2049
13270,13270,0,1542,2049
13271,13271,0,986,2049
13272,13272,0,516,2049
13273,13273,0,172,2049
13274,13274,0,0,2049
13275,13275,0,0,2049
13276,13276,0,109,2049
13277,13277,0,418,2050
13278,13278,0,859,2049
13279,13279,0,1397,2049
13280,13280,0,1991,2049
13281,13281,0,2586,2049
13282,13282,0,3139,2049
13283,13283,0,3601,2049
13284,13284,0,3936,2049
13285,13285,0,4095,2049
13286,13286,0,4095,2049
13287,13287,0,3967,2049
13288,13288,0,3649,2049
13289,13289,0,3200,2049
13290,13290,0,2656,2049
13291,13291,0,2063,2049
13292,13292,0,1468,2049
13293,13293,0,919,2049
13294,13294,0,465,2049
13295,13295,0,139,2049
13296,13296,0,0,2049
13297,13297,0,0,2050
13298,13298,0,140,2048
13299,13299,0,467,2049
13300,13300,0,923,2048
13301,13301,0,1472,2049
13302,13302,0,2067,2050
13303,13303,0,2660,2049
13304,13304,0,3204,2049
13305,13305,0,3652,2050
13306,13306,0,3969,2049
13307,13307,0,4095,2050
13308,13308,0,4095,2048
13309,13309,0,3935,2049
13310,13310,0,3598,2049
13311,13311,0,3135,2049
13312,13312,0,2582,2049
13313,13313,0,1986,2049
13314,13314,0,1395,2050
13315,13315,0,857,2050
13316,13316,0,415,2050
13317,13317,0,108,2049
13318,13318,0,0,2049
13319,13319,0,0,2049
13320,13320,0,173,2049
13321,13321,0,518,2049
13322,13322,0,989,2050
13323,13323,0,1547,2049
13324,13324,0,2144,2049
13325,13325,0,2734,2049
13326,13326,0,3267,2049
13327,13327,0,3700,2049
13328,13328,0,3998,2049
13329,13329,0,4095,2050
13330,13330,0,4095,2049
13331,13331,0,3901,2049
13332,13332,0,3546,2049
13333,13333,0,3068,2048
13334,13334,0,2508,2049
13335,13335,0,1910,2049
13336,13336,0,1321,2049
13337,13337,0,793,2049
13338,13338,0,368,2049
13339,13339,0,79,2049
13340,13340,0,0,2049
13341,13341,0,0,2049
13342,13342,0,210,2049
13343,13343,0,573,2050
13344,13344,0,1057,2049
13345,13345,0,1621,2049
13346,13346,0,2220,2050
13347,13347,0,2806,2049
13348,13348,0,3328,2049
13349,13349,0,3746,2048
13350,13350,0,4025,2049
13351,13351,0,4095,2049
13352,13352,0,4085,2049
13353,13353,0,3862,2049
13354,13354,0,3491,2049
13355,13355,0,3001,2049
13356,13356,0,2432,2049
13357,13357,0,1832,2049
13358,13358,0,1250,2049
13359,13359,0,732,2050
13360,13360,0,322,2049
13361,13361,0,54,2049
13362,13362,0,0,2049
13363,13363,0,15,2049
13364,13364,0,248,2050
13365,13365,0,628,2049
13366,13366,0,1125,2049
13367,13367,0,1697,2049
13368,13368,0,2297,2050
13369,13369,0,2877,2049
13370,13370,0,3388,2049
13371,13371,0,3790,2049
13372,13372,0,4049,2049
13373,13373,0,4095,2050
13374,13374,0,4067,2049
13375,13375,0,3823,2048
13376,13376,0,3434,2049
13377,13377,0,2931,2049
13378,13378,0,2356,2049
13379,13379,0,1756,2049
13380,13380,0,1180,2049
13381,13381,0,674,2049
13382,13382,0,280,2049
13383,13383,0,31,2049
13384,13384,0,0,2050
13385,13385,0,36,2049
13386,13386,0,290,2049
13387,13387,0,686,2049
13388,13388,0,1194,2049
13389,13389,0,1772,2050
13390,13390,0,2373,2050
13391,13391,0,2947,2049
13392,13392,0,3446,2049
13393,13393,0,3832,2049
13394,13394,0,4070,2049
13395,13395,0,4095,2049
13396,13396,0,4044,2049
13397,13397,0,3781,2049
13398,13398,0,3376,2049
13399,13399,0,2862,2049
13400,13400,0,2281,2049
13401,13401,0,1680,2049
13402,13402,0,1110,2049
13403,13403,0,616,2049
13404,13404,0,240,2049
13405,13405,0,12,2049
13406,13406,0,0,2050
13407,13407,0,59,2049
13408,13408,0,332,2049
13409,13409,0,745,2049
13410,13410,0,1265,2050
13411,13411,0,1848,2049
13412,13412,0,2449,2049
13413,13413,0,3016,2050
13414,13414,0,3503,2050
13415,13415,0,3871,2049
13416,13416,0,4089,2049
13417,13417,0,4095,2049
13418,13418,0,4019,2049
13419,13419,0,3736,2049
13420,13420,0,3315,2048
13421,13421,0,2790,2049
13422,13422,0,2204,2049
13423,13423,0,1605,2049
13424,13424,0,1041,2049
13425,13425,0,561,2049
13426,13426,0,202,2050
13427,13427,0,0,2050
13428,13428,0,0,2049
13429,13429,0,85,2049
13430,13430,0,378,2050
13431,13431,0,807,2049
13432,13432,0,1337,2049
13433,13433,0,1926,2050
13434,13434,0,2524,2050
13435,13435,0,3083,2049
13436,13436,0,3558,2050
13437,13437,0,3908,2048
13438,13438,0,4095,2049
13439,13439,0,4095,2050
13440,13440,0,3992,2049
13441,13441,0,3690,2049
13442,13442,0,3253,2049
13443,13443,0,2718,2049
13444,13444,0,2127,2049
13445,13445,0,1529,2049
13446,13446,0,975,2050
13447,13447,0,508,2049
13448,13448,0,166,2049
13449,13449,0,0,2049
13450,13450,0,0,2049
13451,13451,0,114,2049
13452,13452,0,425,2049
13453,13453,0,870,2050
13454,13454,0,1409,2050
13455,13455,0,2002,2050
13456,13456,0,2599,2050
13457,13457,0,3150,2050
13458,13458,0,3610,2050
13459,13459,0,3942,2049
13460,13460,0,4095,2049
13461,13461,0,4095,2049
13462,13462,0,3962,2049
13463,13463,0,3640,2050
13464,13464,0,3190,2050
13465,13465,0,2644,2050
13466,13466,0,2050,2049
13467,13467,0,1456,2049
13468,13468,0,909,2050
13469,13469,0,456,2049
13470,13470,0,134,2049
13471,13471,0,0,2049
13472,13472,0,0,2049
13473,13473,0,145,2049
13474,13474,0,476,2050
13475,13475,0,934,2049
13476,13476,0,1484,2049
13477,13477,0,2080,2049
13478,13478,0,2673,2049
13479,13479,0,3214,2050
13480,13480,0,3660,2049
13481,13481,0,3974,2049
13482,13482,0,4095,2049
13483,13483,0,4095,2049
13484,13484,0,3929,2050
13485,13485,0,3589,2049
13486,13486,0,3124,2049
13487,13487,0,2570,2050
13488,13488,0,1973,2049
13489,13489,0,1382,2049
13490,13490,0,845,2049
13491,13491,0,407,2049
13492,13492,0,103,2049
13493,13493,0,0,2049
13494,13494,0,0,2049
13495,13495,0,179,2050
13496,13496,0,528,2049
13497,13497,0,1000,2049
13498,13498,0,1558,2049
13499,13499,0,2157,2049
13500,13500,0,2745,2049
13501,13501,0,3277,2049
13502,13502,0,3708,2049
13503,13503,0,4003,2049
13504,13504,0,4095,2049
13505,13505,0,4095,2049
13506,13506,0,3894,2049
13507,13507,0,3536,2050
13508,13508,0,3057,2049
13509,13509,0,2496,2049
13510,13510,0,1896,2049
13511,13511,0,1310,2049
13512,13512,0,783,2049
13513,13513,0,360,2049
13514,13514,0,75,2049
13515,13515,0,0,2049
13516,13516,0,0,2049
13517,13517,0,216,2049
13518,13518,0,582,2049
13519,13519,0,1068,2049
13520,13520,0,1633,2049
13521,13521,0,2233,2049
13522,13522,0,2818,2049
13523,13523,0,3338,2050
13524,13524,0,3754,2049
13525,13525,0,4029,2049
13526,13526,0,4095,2050
13527,13527,0,4083,2049
13528,13528,0,3856,2049
13529,13529,0,3481,2049
13530,13530,0,2990,2049
13531,13531,0,2420,2049
13532,13532,0,1820,2049
13533,13533,0,1239,2049
13534,13534,0,724,2049
13535,13535,0,316,2050
13536,13536,0,51,2050
13537,13537,0,0,2049
13538,13538,0,19,2049
13539,13539,0,254,2049
13540,13540,0,638,2050
13541,13541,0,1137,2049
13542,13542,0,1709,2049
13543,13543,0,2310,2049
13544,13544,0,2889,2049
13545,13545,0,3398,2049
13546,13546,0,3798,2048
13547,13547,0,4053,2049
13548,13548,0,4095,2049
13549,13549,0,4062,2049
13550,13550,0,3816,2049
13551,13551,0,3425,2050
13552,13552,0,2920,2049
13553,13553,0,2344,2049
13554,13554,0,1744,2049
13555,13555,0,1168,2049
13556,13556,0,664,2049
13557,13557,0,274,2050
13558,13558,0,28,2049
13559,13559,0,0,2049
13560,13560,0,40,2049
13561,13561,0,296,2049
13562,13562,0,696,2049
13563,13563,0,1206,2049
13564,13564,0,1785,2049
13565,13565,0,2386,2049
13566,13566,0,2959,2049
13567,13567,0,3456,2049
13568,13568,0,3839,2048
13569,13569,0,4074,2049
13570,13570,0,4095,2050
13571,13571,0,4041,2049
13572,13572,0,3774,2049
13573,13573,0,3366,2049
13574,13574,0,2850,2049
13575,13575,0,2268,2049
13576,13576,0,1668,2050
13577,13577,0,1099,2049
13578,13578,0,607,2049
13579,13579,0,234,2049
13580,13580,0,8,2048
13581,13581,0,0,2049
13582,13582,0,64,2049
13583,13583,0,340,2049
13584,13584,0,755,2049
13585,13585,0,1277,2049
13586,13586,0,1862,2049
13587,13587,0,2461,2049
13588,13588,0,3027,2050
13589,13589,0,3512,2049
13590,13590,0,3878,2049
13591,13591,0,4092,2050
13592,13592,0,4095,2049
13593,13593,0,4015,2050
13594,13594,0,3729,2049
13595,13595,0,3305,2049
13596,13596,0,2778,2049
13597,13597,0,2191,2049
13598,13598,0,1593,2049
13599,13599,0,1030,2050
13600,13600,0,552,2049
13601,13601,0,196,2050
13602,13602,0,0,2049
13603,13603,0,0,2049
13604,13604,0,90,2049
13605,13605,0,386,2049
13606,13606,0,817,2049
13607,13607,0,1349,2050
13608,13608,0,1938,2049
13609,13609,0,2536,2049
13610,13610,0,3094,2050
13611,13611,0,3566,2050
13612,13612,0,3913,2050
13613,13613,0,4095,2049
13614,13614,0,4095,2049
13615,13615,0,3986,2049
13616,13616,0,3682,2050
13617,13617,0,3242,2050
13618,13618,0,2705,2049
13619,13619,0,2114,2049
13620,13620,0,1517,2049
13621,13621,0,964,2049
13622,13622,0,499,2049
13623,13623,0,161,2049
13624,13624,0,0,2049
13625,13625,0,0,2049
13626,13626,0,119,2049
13627,13627,0,434,2050
13628,13628,0,881,2049
13629,13629,0,1422,2049
13630,13630,0,2016,2049
13631,13631,0,2612,2049
13632,13632,0,3160,2049
13633,13633,0,3618,2049
13634,13634,0,3948,2049
13635,13635,0,4095,2049
13636,13636,0,4095,2049
13637,13637,0,3957,2050
13638,13638,0,3632,2049
13639,13639,0,3179,2049
13640,13640,0,2632,2050
13641,13641,0,2038,2049
13642,13642,0,1443,2049
13643,13643,0,899,2049
13644,13644,0,448,2049
13645,13645,0,129,2049
13646,13646,0,0,2049
13647,13647,0,0,2050
13648,13648,0,151,2049
13649,13649,0,485,2049
13650,13650,0,945,2049
13651,13651,0,1496,2049
13652,13652,0,2093,2049
13653,13653,0,2684,2049
13654,13654,0,3225,2049
13655,13655,0,3668,2049
13656,13656,0,3979,2049
13657,13657,0,4095,2049
13658,13658,0,4095,2049
13659,13659,0,3923,2049
13660,13660,0,3581,2049
13661,13661,0,3113,2049
13662,13662,0,2558,2050
13663,13663,0,1961,2049
13664,13664,0,1370,2050
13665,13665,0,835,2049
13666,13666,0,400,2049
13667,13667,0,99,2049
13668,13668,0,0,2048
13669,13669,0,0,2049
13670,13670,0,186,2050
13671,13671,0,537,2050
13672,13672,0,1011,2049
13673,13673,0,1571,2050
13674,13674,0,2169,2049
13675,13675,0,2757,2049
13676,13676,0,3288,2050
13677,13677,0,3716,2049
13678,13678,0,4007,2049
13679,13679,0,4095,2049
13680,13680,0,4095,2049
13681,13681,0,3888,2049
13682,13682,0,3527,2049
13683,13683,0,3046,2049
13684,13684,0,2482,2049
13685,13685,0,1883,2049
13686,13686,0,1298,2049
13687,13687,0,773,2049
13688,13688,0,353,2050
13689,13689,0,71,2049
13690,13690,0,0,2049
13691,13691,0,3,2049
13692,13692,0,223,2049
13693,13693,0,591,2049
13694,13694,0,1079,2050
13695,13695,0,1646,2049
13696,13696,0,2246,2049
13697,13697,0,2829,2049
13698,13698,0,3348,2049
13699,13699,0,3762,2049
13700,13700,0,4034,2049
13701,13701,0,4095,2049
13702,13702,0,4079,2049
13703,13703,0,3850,2049
13704,13704,0,3472,2049
13705,13705,0,2978,2049
13706,13706,0,2407,2049
13707,13707,0,1807,2049
13708,13708,0,1226,2049
13709,13709,0,713,2049
13710,13710,0,308,2050
13711,13711,0,47,2050
13712,13712,0,0,2049
13713,13713,0,22,2049
13714,13714,0,262,2050
13715,13715,0,647,2049
13716,13716,0,1148,2049
13717,13717,0,1722,2049
13718,13718,0,2322,2049
13719,13719,0,2900,2049
13720,13720,0,3408,2049
13721,13721,0,3804,2049
13722,13722,0,4056,2049
13723,13723,0,4095,2049
13724,13724,0,4059,2050
13725,13725,0,3809,2049
13726,13726,0,3415,2050
13727,13727,0,2908,2049
13728,13728,0,2331,2049
13729,13729,0,1731,2050
13730,13730,0,1155,2049
13731,13731,0,654,2049
13732,13732,0,267,2049
13733,13733,0,25,2049
13734,13734,0,0,2049
13735,13735,0,44,2049
13736,13736,0,303,2049
13737,13737,0,706,2049
13738,13738,0,1218,2049
13739,13739,0,1798,2049
13740,13740,0,2399,2049
13741,13741,0,2969,2049
13742,13742,0,3466,2050
13743,13743,0,3845,2049
13744,13744,0,4077,2049
13745,13745,0,4095,2050
13746,13746,0,4036,2049
13747,13747,0,3767,2049
13748,13748,0,3356,2049
13749,13749,0,2838,2049
13750,13750,0,2255,2050
13751,13751,0,1655,2049
13752,13752,0,1087,2049
13753,13753,0,598,2049
13754,13754,0,227,2049
13755,13755,0,6,2049
13756,13756,0,0,2049
13757,13757,0,68,2049
13758,13758,0,347,2049
13759,13759,0,766,2049
13760,13760,0,1290,2049
13761,13761,0,1875,2049
13762,13762,0,2474,2049
13763,13763,0,3039,2049
13764,13764,0,3521,2049
13765,13765,0,3884,2050
13766,13766,0,4095,2049
13767,13767,0,4095,2049
13768,13768,0,4010,2049
13769,13769,0,3721,2050
13770,13770,0,3295,2049
13771,13771,0,2766,2049
13772,13772,0,2178,2050
13773,13773,0,1580,2049
13774,13774,0,1019,2049
13775,13775,0,544,2049
13776,13776,0,191,2049
13777,13777,0,0,2049
13778,13778,0,0,2050
13779,13779,0,95,2049
13780,13780,0,394,2049
13781,13781,0,827,2049
13782,13782,0,1361,2049
13783,13783,0,1952,2050
13784,13784,0,2549,2049
13785,13785,0,3106,2049
13786,13786,0,3575,2049
13787,13787,0,3919,2050
13788,13788,0,4095,2048
13789,13789,0,4095,2049
13790,13790,0,3982,2049
13791,13791,0,3673,2049
13792,13792,0,3232,2049
13793,13793,0,2693,2049
13794,13794,0,2101,2049
13795,13795,0,1505,2049
13796,13796,0,953,2049
13797,13797,0,490,2049
13798,13798,0,155,2049
13799,13799,0,0,2050
13800,13800,0,0,2049
13801,13801,0,124,2049
13802,13802,0,443,2049
13803,13803,0,891,2049
13804,13804,0,1435,2049
13805,13805,0,2029,2049
13806,13806,0,2623,2050
13807,13807,0,3171,2049
13808,13808,0,3627,2050
13809,13809,0,3953,2049
13810,13810,0,4095,2048
13811,13811,0,4095,2049
13812,13812,0,3951,2049
13813,13813,0,3624,2049
13814,13814,0,3168,2050
13815,13815,0,2619,2049
13816,13816,0,2025,2049
13817,13817,0,1431,2049
13818,13818,0,888,2049
13819,13819,0,440,2049
13820,13820,0,123,2049
13821,13821,0,0,2050
13822,13822,0,0,2049
13823,13823,0,156,2049
13824,13824,0,493,2049
13825,13825,0,955,2049
13826,13826,0,1508,2049
13827,13827,0,2106,2050
13828,13828,0,2696,2049
13829,13829,0,3235,2049
13830,13830,0,3676,2049
13831,13831,0,3983,2049
13832,13832,0,4095,2050
13833,13833,0,4095,2049
13834,13834,0,3918,2049
13835,13835,0,3572,2049
13836,13836,0,3102,2049
13837,13837,0,2546,2049
13838,13838,0,1948,2049
13839,13839,0,1358,2049
13840,13840,0,825,2049
13841,13841,0,390,2049
13842,13842,0,94,2049
13843,13843,0,0,2049
13844,13844,0,0,2049
13845,13845,0,191,2049
13846,13846,0,546,2049
13847,13847,0,1023,2049
13848,13848,0,1584,2049
13849,13849,0,2182,2049
13850,13850,0,2769,2049
13851,13851,0,3298,2049
13852,13852,0,3723,2049
13853,13853,0,4013,2049
13854,13854,0,4095,2049
13855,13855,0,4094,2049
13856,13856,0,3881,2049
13857,13857,0,3518,2049
13858,13858,0,3035,2049
13859,13859,0,2471,2050
13860,13860,0,1871,2050
13861,13861,0,1285,2050
13862,13862,0,762,2049
13863,13863,0,346,2050
13864,13864,0,67,2049
13865,13865,0,0,2049
13866,13866,0,6,2049
13867,13867,0,229,2049
13868,13868,0,600,2050
13869,13869,0,1090,2049
13870,13870,0,1659,2050
13871,13871,0,2258,2049
13872,13872,0,2842,2050
13873,13873,0,3360,2049
13874,13874,0,3769,2050
13875,13875,0,4038,2049
13876,13876,0,4095,2050
13877,13877,0,4076,2049
13878,13878,0,3843,2049
13879,13879,0,3462,2050
13880,13880,0,2966,2049
13881,13881,0,2395,2050
13882,13882,0,1794,2049
13883,13883,0,1214,2049
13884,13884,0,703,2050
13885,13885,0,301,2050
13886,13886,0,43,2049
13887,13887,0,0,2049
13888,13888,0,25,2050
13889,13889,0,268,2049
13890,13890,0,657,2050
13891,13891,0,1160,2049
13892,13892,0,1734,2049
13893,13893,0,2334,2049
13894,13894,0,2912,2049
13895,13895,0,3417,2049
13896,13896,0,3811,2049
13897,13897,0,4060,2049
13898,13898,0,4095,2049
13899,13899,0,4055,2050
13900,13900,0,3802,2049
13901,13901,0,3404,2049
13902,13902,0,2896,2049
13903,13903,0,2318,2049
13904,13904,0,1718,2049
13905,13905,0,1144,2049
13906,13906,0,645,2049
13907,13907,0,261,2049
13908,13908,0,21,2050
13909,13909,0,0,2049
13910,13910,0,48,2049
13911,13911,0,310,2049
13912,13912,0,715,2050
13913,13913,0,1229,2049
13914,13914,0,1811,2049
13915,13915,0,2410,2049
13916,13916,0,2981,2050
13917,13917,0,3475,2049
13918,13918,0,3852,2050
13919,13919,0,4080,2049
13920,13920,0,4095,2049
13921,13921,0,4032,2049
13922,13922,0,3758,2050
13923,13923,0,3345,2049
13924,13924,0,2825,2049
13925,13925,0,2242,2049
13926,13926,0,1642,2049
13927,13927,0,1076,2049
13928,13928,0,589,2049
13929,13929,0,220,2050
13930,13930,0,3,2050
13931,13931,0,0,2049
13932,13932,0,72,2049
13933,13933,0,355,2049
13934,13934,0,776,2049
13935,13935,0,1301,2050
13936,13936,0,1888,2049
13937,13937,0,2486,2049
13938,13938,0,3049,2049
13939,13939,0,3531,2049
13940,13940,0,3890,2050
13941,13941,0,4095,2049
13942,13942,0,4095,2049
13943,13943,0,4006,2049
13944,13944,0,3713,2049
13945,13945,0,3284,2050
13946,13946,0,2754,2049
13947,13947,0,2166,2049
13948,13948,0,1567,2049
13949,13949,0,1008,2049
13950,13950,0,534,2049
13951,13951,0,184,2049
13952,13952,0,0,2049
13953,13953,0,0,2049
13954,13954,0,99,2050
13955,13955,0,401,2049
13956,13956,0,839,2049
13957,13957,0,1374,2049
13958,13958,0,1964,2049
13959,13959,0,2562,2049
13960,13960,0,3117,2049
13961,13961,0,3584,2049
13962,13962,0,3925,2049
13963,13963,0,4095,2049
13964,13964,0,4095,2050
13965,13965,0,3977,2049
13966,13966,0,3666,2049
13967,13967,0,3221,2049
13968,13968,0,2681,2049
13969,13969,0,2088,2050
13970,13970,0,1493,2049
13971,13971,0,942,2049
13972,13972,0,482,2049
13973,13973,0,150,2049
13974,13974,0,0,2049
13975,13975,0,0,2049
13976,13976,0,130,2049
13977,13977,0,450,2049
13978,13978,0,903,2049
13979,13979,0,1447,2049
13980,13980,0,2041,2049
13981,13981,0,2636,2049
13982,13982,0,3182,2049
13983,13983,0,3634,2050
13984,13984,0,3957,2049
13985,13985,0,4095,2049
13986,13986,0,4095,2049
13987,13987,0,3946,2049
13988,13988,0,3615,2048
13989,13989,0,3156,2049
13990,13990,0,2608,2049
13991,13991,0,2011,2049
13992,13992,0,1418,2050
13993,13993,0,877,2049
13994,13994,0,431,2049
13995,13995,0,118,2048
13996,13996,0,0,2049
13997,13997,0,0,2049
13998,13998,0,163,2049
13999,13999,0,502,2049
14000,14000,0,967,2049
14001,14001,0,1521,2049
14002,14002,0,2118,2050
14003,14003,0,2709,2049
14004,14004,0,3246,2049
14005,14005,0,3684,2049
14006,14006,0,3988,2049
14007,14007,0,4095,2049
14008,14008,0,4095,2048
14009,14009,0,3911,2050
14010,14010,0,3563,2049
14011,14011,0,3091,2049
14012,14012,0,2533,2049
14013,14013,0,1935,2049
14014,14014,0,1346,2049
14015,14015,0,814,2049
14016,14016,0,383,2049
14017,14017,0,89,2049
14018,14018,0,0,2049
14019,14019,0,0,2049
14020,14020,0,198,2049
14021,14021,0,555,2049
14022,14022,0,1033,2050
14023,14023,0,1596,2049
14024,14024,0,2195,2049
14025,14025,0,2782,2049
14026,14026,0,3308,2049
14027,14027,0,3731,2049
14028,14028,0,4016,2049
14029,14029,0,4095,2048
14030,14030,0,4091,2049
14031,14031,0,3875,2049
14032,14032,0,3510,2049
14033,14033,0,3023,2049
14034,14034,0,2458,2050
14035,14035,0,1858,2049
14036,14036,0,1273,2049
14037,14037,0,753,2049
14038,14038,0,337,2049
14039,14039,0,62,2048
14040,14040,0,0,2049
14041,14041,0,9,2050
14042,14042,0,235,2048
14043,14043,0,610,2049
14044,14044,0,1102,2049
14045,14045,0,1671,2049
14046,14046,0,2272,2050
14047,14047,0,2853,2049
14048,14048,0,3369,2049
14049,14049,0,3776,2050
14050,14050,0,4041,2050
14051,14051,0,4095,2049
14052,14052,0,4072,2049
14053,14053,0,3837,2049
14054,14054,0,3453,2050
14055,14055,0,2955,2049
14056,14056,0,2382,2049
14057,14057,0,1782,2050
14058,14058,0,1202,2049
14059,14059,0,693,2049
14060,14060,0,294,2050
14061,14061,0,39,2049
14062,14062,0,0,2049
14063,14063,0,29,2049
14064,14064,0,275,2049
14065,14065,0,667,2049
14066,14066,0,1171,2050
14067,14067,0,1748,2049
14068,14068,0,2348,2049
14069,14069,0,2924,2049
14070,14070,0,3428,2050
14071,14071,0,3819,2049
14072,14072,0,4064,2050
14073,14073,0,4095,2049
14074,14074,0,4051,2049
14075,14075,0,3795,2049
14076,14076,0,3395,2049
14077,14077,0,2885,2049
14078,14078,0,2306,2048
14079,14079,0,1705,2049
14080,14080,0,1133,2049
14081,14081,0,635,2049
14082,14082,0,253,2049
14083,14083,0,18,2049
14084,14084,0,0,2049
14085,14085,0,51,2050
14086,14086,0,318,2049
14087,14087,0,726,2050
14088,14088,0,1242,2049
14089,14089,0,1824,2050
14090,14090,0,2424,2049
14091,14091,0,2992,2049
14092,14092,0,3485,2049
14093,14093,0,3859,2049
14094,14094,0,4083,2049
14095,14095,0,4095,2050
14096,14096,0,4028,2049
14097,14097,0,3751,2049
14098,14098,0,3335,2049
14099,14099,0,2814,2049
14100,14100,0,2230,2049
14101,14101,0,1630,2049
14102,14102,0,1064,2049
14103,14103,0,579,2049
14104,14104,0,214,2049
14105,14105,0,0,2049
14106,14106,0,0,2050
14107,14107,0,77,2050
14108,14108,0,362,2049
14109,14109,0,786,2049
14110,14110,0,1313,2049
14111,14111,0,1900,2050
14112,14112,0,2500,2049
14113,14113,0,3061,2049
14114,14114,0,3540,2049
14115,14115,0,3896,2049
14116,14116,0,4095,2050
14117,14117,0,4095,2049
14118,14118,0,4001,2049
14119,14119,0,3705,2049
14120,14120,0,3273,2050
14121,14121,0,2741,2049
14122,14122,0,2152,2049
14123,14123,0,1554,2049
14124,14124,0,996,2049
14125,14125,0,524,2050
14126,14126,0,178,2050
14127,14127,0,0,2050
14128,14128,0,0,2049
14129,14129,0,104,2049
14130,14130,0,410,2049
14131,14131,0,849,2049
14132,14132,0,1386,2050
14133,14133,0,1977,2049
14134,14134,0,2574,2049
14135,14135,0,3128,2049
14136,14136,0,3592,2049
14137,14137,0,3931,2050
14138,14138,0,4095,2049
14139,14139,0,4095,2049
14140,14140,0,3972,2049
14141,14141,0,3656,2050
14142,14142,0,3210,2049
14143,14143,0,2668,2049
14144,14144,0,2076,2049
14145,14145,0,1480,2049
14146,14146,0,931,2049
14147,14147,0,474,2049
14148,14148,0,144,2049
14149,14149,0,0,2049
14150,14150,0,0,2049
14151,14151,0,135,2048
14152,14152,0,460,2050
14153,14153,0,913,2049
14154,14154,0,1459,2049
14155,14155,0,2054,2050
14156,14156,0,2648,2049
14157,14157,0,3193,2049
14158,14158,0,3643,2049
14159,14159,0,3964,2049
14160,14160,0,4095,2049
14161,14161,0,4095,2049
14162,14162,0,3940,2049
14163,14163,0,3606,2050
14164,14164,0,3145,2049
14165,14165,0,2595,2049
14166,14166,0,1998,2049
14167,14167,0,1407,2049
14168,14168,0,867,2049
14169,14169,0,424,2049
14170,14170,0,112,2049
14171,14171,0,0,2050
14172,14172,0,0,2049
14173,14173,0,167,2050
14174,14174,0,511,2049
14175,14175,0,978,2050
14176,14176,0,1534,2049
14177,14177,0,2131,2049
14178,14178,0,2721,2050
14179,14179,0,3257,2050
14180,14180,0,3692,2049
14181,14181,0,3994,2048
14182,14182,0,4095,2049
14183,14183,0,4095,2049
14184,14184,0,3905,2050
14185,14185,0,3554,2048
14186,14186,0,3079,2050
14187,14187,0,2520,2049
14188,14188,0,1921,2049
14189,14189,0,1333,2049
14190,14190,0,804,2049
14191,14191,0,376,2049
14192,14192,0,85,2050
14193,14193,0,0,2049
14194,14194,0,0,2049
14195,14195,0,204,2049
14196,14196,0,564,2050
14197,14197,0,1045,2050
14198,14198,0,1608,2049
14199,14199,0,2208,2049
14200,14200,0,2794,2049
14201,14201,0,3319,2049
14202,14202,0,3739,2050
14203,14203,0,4021,2049
14204,14204,0,4095,2049
14205,14205,0,4088,2049
14206,14206,0,3868,2050
14207,14207,0,3499,2049
14208,14208,0,3012,2049
14209,14209,0,2444,2049
14210,14210,0,1845,2049
14211,14211,0,1262,2049
14212,14212,0,742,2050
14213,14213,0,330,2049
14214,14214,0,58,2049
14215,14215,0,0,2049
14216,14216,0,12,2049
14217,14217,0,242,2049
14218,14218,0,619,2049
14219,14219,0,1113,2049
14220,14220,0,1684,2050
14221,14221,0,2284,2048
14222,14222,0,2865,2049
14223,14223,0,3379,2049
14224,14224,0,3783,2049
14225,14225,0,4045,2049
14226,14226,0,4095,2049
14227,14227,0,4069,2050
14228,14228,0,3830,2049
14229,14229,0,3443,2049
14230,14230,0,2943,2049
14231,14231,0,2370,2049
14232,14232,0,1768,2049
14233,14233,0,1191,2049
14234,14234,0,683,2049
14235,14235,0,287,2049
14236,14236,0,34,2049
14237,14237,0,0,2049
14238,14238,0,33,2049
14239,14239,0,283,2049
14240,14240,0,677,2049
14241,14241,0,1183,2049
14242,14242,0,1760,2049
14243,14243,0,2361,2049
14244,14244,0,2936,2049
14245,14245,0,3438,2049
14246,14246,0,3825,2049
14247,14247,0,4067,2049
14248,14248,0,4095,2049
14249,14249,0,4047,2049
14250,14250,0,3787,2049
14251,14251,0,3385,2049
14252,14252,0,2873,2049
14253,14253,0,2293,2049
14254,14254,0,1693,2049
14255,14255,0,1121,2049
14256,14256,0,625,2049
14257,14257,0,246,2049
14258,14258,0,14,2050
14259,14259,0,0,2050
14260,14260,0,55,2049
14261,14261,0,324,2049
14262,14262,0,736,2049
14263,14263,0,1254,2049
14264,14264,0,1836,2050
14265,14265,0,2436,2049
14266,14266,0,3004,2049
14267,14267,0,3495,2049
14268,14268,0,3865,2049
14269,14269,0,4087,2050
14270,14270,0,4095,2049
14271,14271,0,4023,2049
14272,14272,0,3744,2049
14273,14273,0,3325,2049
14274,14274,0,2801,2049
14275,14275,0,2216,2048
14276,14276,0,1617,2049
14277,14277,0,1053,2049
14278,14278,0,570,2050
14279,14279,0,208,2050
14280,14280,0,0,2050
14281,14281,0,0,2049
14282,14282,0,81,2050
14283,14283,0,370,2050
14284,14284,0,796,2050
14285,14285,0,1326,2050
14286,14286,0,1913,2049
14287,14287,0,2512,2049
14288,14288,0,3072,2049
14289,14289,0,3548,2050
14290,14290,0,3902,2049
14291,14291,0,4095,2049
14292,14292,0,4095,2049
14293,14293,0,3996,2049
14294,14294,0,3697,2050
14295,14295,0,3263,2050
14296,14296,0,2729,2049
14297,14297,0,2139,2049
14298,14298,0,1542,2049
14299,14299,0,985,2049
14300,14300,0,516,2049
14301,14301,0,172,2050
14302,14302,0,0,2049
14303,14303,0,0,2050
14304,14304,0,109,2048
14305,14305,0,418,2049
14306,14306,0,859,2050
14307,14307,0,1398,2049
14308,14308,0,1990,2049
14309,14309,0,2586,2049
14310,14310,0,3139,2049
14311,14311,0,3601,2049
14312,14312,0,3937,2049
14313,14313,0,4095,2049
14314,14314,0,4095,2049
14315,14315,0,3967,2049
14316,14316,0,3649,2049
14317,14317,0,3199,2049
14318,14318,0,2656,2049
14319,14319,0,2063,2049
14320,14320,0,1468,2049
14321,14321,0,920,2049
14322,14322,0,465,2049
14323,14323,0,139,2049
14324,14324,0,0,2049
14325,14325,0,0,2049
14326,14326,0,140,2049
14327,14327,0,468,2049
14328,14328,0,923,2050
14329,14329,0,1472,2049
14330,14330,0,2067,2048
14331,14331,0,2660,2050
14332,14332,0,3203,2049
14333,14333,0,3651,2049
14334,14334,0,3969,2049
14335,14335,0,4095,2049
14336,14336,0,4095,2050
14337,14337,0,3935,2049
14338,14338,0,3598,2049
14339,14339,0,3135,2049
14340,14340,0,2581,2049
14341,14341,0,1986,2049
14342,14342,0,1395,2049
14343,14343,0,856,2049
14344,14344,0,416,2049
14345,14345,0,108,2049
14346,14346,0,0,2049
14347,14347,0,0,2049
14348,14348,0,173,2049
14349,14349,0,519,2049
14350,14350,0,989,2049
14351,14351,0,1546,2049
14352,14352,0,2144,2049
14353,14353,0,2733,2049
14354,14354,0,3266,2049
14355,14355,0,3700,2049
14356,14356,0,3998,2049
14357,14357,0,4095,2049
14358,14358,0,4095,2049
14359,14359,0,3899,2049
14360,14360,0,3546,2049
14361,14361,0,3068,2049
14362,14362,0,2508,2050
14363,14363,0,1909,2049
14364,14364,0,1322,2050
14365,14365,0,793,2049
14366,14366,0,368,2049
14367,14367,0,80,2049
14368,14368,0,0,2049
14369,14369,0,0,2049
14370,14370,0,210,2049
14371,14371,0,573,2050
14372,14372,0,1057,2049
14373,14373,0,1621,2049
14374,14374,0,2221,2050
14375,14375,0,2806,2050
14376,14376,0,3328,2049
14377,14377,0,3746,2050
14378,14378,0,4025,2049
14379,14379,0,4095,2050
14380,14380,0,4086,2049
14381,14381,0,3862,2050
14382,14382,0,3491,2049
14383,14383,0,3001,2049
14384,14384,0,2432,2049
14385,14385,0,1832,2048
14386,14386,0,1250,2049
14387,14387,0,732,2050
14388,14388,0,323,2049
14389,14389,0,54,2050
14390,14390,0,0,2049
14391,14391,0,15,2049
14392,14392,0,248,2049
14393,14393,0,628,2049
14394,14394,0,1125,2049
14395,14395,0,1697,2050
14396,14396,0,2298,2049
14397,14397,0,2877,2049
14398,14398,0,3389,2049
14399,14399,0,3791,2050
14400,14400,0,4049,2049
14401,14401,0,4095,2049
14402,14402,0,4066,2050
14403,14403,0,3822,2050
14404,14404,0,3434,2049
14405,14405,0,2931,2049
14406,14406,0,2357,2049
14407,14407,0,1756,2049
14408,14408,0,1179,2049
14409,14409,0,674,2049
14410,14410,0,281,2049
14411,14411,0,32,2049
14412,14412,0,0,2049
14413,14413,0,36,2049
14414,14414,0,289,2049
14415,14415,0,686,2049
14416,14416,0,1195,2049
14417,14417,0,1772,2049
14418,14418,0,2373,2049
14419,14419,0,2947,2049
14420,14420,0,3447,2049
14421,14421,0,3832,2049
14422,14422,0,4071,2049
14423,14423,0,4095,2049
14424,14424,0,4043,2049
14425,14425,0,3781,2049
14426,14426,0,3376,2049
14427,14427,0,2861,2049
14428,14428,0,2280,2049
14429,14429,0,1680,2049
14430,14430,0,1110,2050
14431,14431,0,616,2049
14432,14432,0,240,2050
14433,14433,0,11,2049
14434,14434,0,0,2049
14435,14435,0,59,2049
14436,14436,0,332,2050
14437,14437,0,745,2049
14438,14438,0,1266,2049
14439,14439,0,1849,2049
14440,14440,0,2449,2049
14441,14441,0,3016,2049
14442,14442,0,3503,2048
14443,14443,0,3871,2049
14444,14444,0,4090,2049
14445,14445,0,4095,2049
14446,14446,0,4019,2049
14447,14447,0,3736,2049
14448,14448,0,3315,2049
14449,14449,0,2790,2049
14450,14450,0,2204,2049
14451,14451,0,1604,2049
14452,14452,0,1041,2049
14453,14453,0,561,2049
14454,14454,0,202,2049
14455,14455,0,0,2049
14456,14456,0,0,2050
14457,14457,0,85,2049
14458,14458,0,378,2050
14459,14459,0,807,2050
14460,14460,0,1338,2049
14461,14461,0,1925,2049
14462,14462,0,2524,2049
14463,14463,0,3084,2049
14464,14464,0,3557,2049
14465,14465,0,3908,2049
14466,14466,0,4095,2049
14467,14467,0,4095,2049
14468,14468,0,3992,2050
14469,14469,0,3690,2049
14470,14470,0,3253,2050
14471,14471,0,2717,2050
14472,14472,0,2127,2049
14473,14473,0,1529,2049
14474,14474,0,975,2049
14475,14475,0,508,2049
14476,14476,0,167,2049
14477,14477,0,0,2049
14478,14478,0,0,2050
14479,14479,0,115,2049
14480,14480,0,426,2050
14481,14481,0,869,2049
14482,14482,0,1410,2049
14483,14483,0,2004,2049
14484,14484,0,2599,2049
14485,14485,0,3149,2049
14486,14486,0,3609,2050
14487,14487,0,3943,2049
14488,14488,0,4095,2050
14489,14489,0,4095,2050
14490,14490,0,3962,2049
14491,14491,0,3640,2049
14492,14492,0,3188,2049
14493,14493,0,2644,2049
14494,14494,0,2050,2049
14495,14495,0,1455,2049
14496,14496,0,909,2049
14497,14497,0,457,2049
14498,14498,0,133,2049
14499,14499,0,0,2049
14500,14500,0,0,2049
14501,14501,0,145,2049
14502,14502,0,476,2049
14503,14503,0,934,2049
14504,14504,0,1484,2049
14505,14505,0,2080,2049
14506,14506,0,2673,2050
14507,14507,0,3214,2049
14508,14508,0,3660,2049
14509,14509,0,3973,2049
14510,14510,0,4095,2049
14511,14511,0,4095,2049
14512,14512,0,3929,2050
14513,14513,0,3589,2049
14514,14514,0,3124,2050
14515,14515,0,2570,2050
14516,14516,0,1974,2049
14517,14517,0,1382,2050
14518,14518,0,845,2049
14519,14519,0,407,2049
14520,14520,0,103,2048
14521,14521,0,0,2049
14522,14522,0,0,2049
14523,14523,0,180,2048
14524,14524,0,527,2049
14525,14525,0,1001,2049
14526,14526,0,1559,2050
14527,14527,0,2157,2049
14528,14528,0,2745,2049
14529,14529,0,3278,2050
14530,14530,0,3708,2049
14531,14531,0,4003,2049
14532,14532,0,4095,2049
14533,14533,0,4095,2049
14534,14534,0,3894,2049
14535,14535,0,3537,2049
14536,14536,0,3057,2049
14537,14537,0,2496,2049
14538,14538,0,1896,2049
14539,14539,0,1310,2050
14540,14540,0,783,2050
14541,14541,0,360,2049
14542,14542,0,74,2050
14543,14543,0,0,2049
14544,14544,0,0,2049
14545,14545,0,217,2049
14546,14546,0,582,2050
14547,14547,0,1067,2049
14548,14548,0,1633,2049
14549,14549,0,2233,2050
14550,14550,0,2818,2050
14551,14551,0,3339,2049
14552,14552,0,3754,2050
14553,14553,0,4029,2049
14554,14554,0,4095,2050
14555,14555,0,4082,2050
14556,14556,0,3856,2050
14557,14557,0,3482,2049
14558,14558,0,2989,2049
14559,14559,0,2420,2049
14560,14560,0,1820,2049
14561,14561,0,1238,2049
14562,14562,0,723,2048
14563,14563,0,316,2049
14564,14564,0,50,2049
14565,14565,0,0,2049
14566,14566,0,19,2049
14567,14567,0,255,2049
14568,14568,0,638,2049
14569,14569,0,1137,2049
14570,14570,0,1709,2049
14571,14571,0,2310,2049
14572,14572,0,2889,2049
14573,14573,0,3399,2049
14574,14574,0,3798,2049
14575,14575,0,4053,2049
14576,14576,0,4095,2049
14577,14577,0,4063,2049
14578,14578,0,3816,2049
14579,14579,0,3425,2049
14580,14580,0,2920,2049
14581,14581,0,2344,2049
14582,14582,0,1743,2049
14583,14583,0,1168,2049
14584,14584,0,663,2049
14585,14585,0,274,2049
14586,14586,0,28,2050
14587,14587,0,0,2049
14588,14588,0,40,2049
14589,14589,0,297,2049
14590,14590,0,696,2049
14591,14591,0,1206,2049
14592,14592,0,1785,2050
14593,14593,0,2386,2049
14594,14594,0,2958,2049
14595,14595,0,3456,2049
14596,14596,0,3839,2050
14597,14597,0,4074,2049
14598,14598,0,4095,2049
14599,14599,0,4040,2048
14600,14600,0,3773,2049
14601,14601,0,3366,2049
14602,14602,0,2850,2050
14603,14603,0,2268,2049
14604,14604,0,1667,2049
14605,14605,0,1098,2049
14606,14606,0,607,2049
14607,14607,0,234,2049
14608,14608,0,8,2049
14609,14609,0,0,2050
14610,14610,0,63,2049
14611,14611,0,340,2049
14612,14612,0,756,2048
14613,14613,0,1277,2049
14614,14614,0,1862,2049
14615,14615,0,2461,2049
14616,14616,0,3028,2049
14617,14617,0,3513,2049
14618,14618,0,3878,2049
14619,14619,0,4092,2049
14620,14620,0,4095,2049
14621,14621,0,4014,2049
14622,14622,0,3728,2050
14623,14623,0,3305,2050
14624,14624,0,2778,2049
14625,14625,0,2190,2049
14626,14626,0,1593,2049
14627,14627,0,1030,2050
14628,14628,0,552,2049
14629,14629,0,196,2049
14630,14630,0,0,2049
14631,14631,0,0,2049
14632,14632,0,91,2050
14633,14633,0,386,2049
14634,14634,0,817,2049
14635,14635,0,1350,2049
14636,14636,0,1939,2050
14637,14637,0,2537,2050
14638,14638,0,3094,2049
14639,14639,0,3566,2050
14640,14640,0,3914,2049
14641,14641,0,4095,2049
14642,14642,0,4095,2050
14643,14643,0,3987,2048
14644,14644,0,3681,2050
14645,14645,0,3243,2049
14646,14646,0,2705,2050
14647,14647,0,2114,2049
14648,14648,0,1517,2049
14649,14649,0,964,2049
14650,14650,0,499,2050
14651,14651,0,161,2050
14652,14652,0,0,2049
14653,14653,0,0,2049
14654,14654,0,120,2049
14655,14655,0,434,2049
14656,14656,0,881,2050
14657,14657,0,1422,2049
14658,14658,0,2016,2050
14659,14659,0,2611,2049
14660,14660,0,3160,2049
14661,14661,0,3618,2049
14662,14662,0,3948,2049
14663,14663,0,4095,2049
14664,14664,0,4095,2049
14665,14665,0,3956,2049
14666,14666,0,3632,2049
14667,14667,0,3178,2049
14668,14668,0,2633,2049
14669,14669,0,2037,2049
14670,14670,0,1443,2049
14671,14671,0,898,2049
14672,14672,0,449,2050
14673,14673,0,128,2049
14674,14674,0,0,2049
14675,14675,0,0,2050
14676,14676,0,151,2049
14677,14677,0,484,2049
14678,14678,0,946,2049
14679,14679,0,1496,2049
14680,14680,0,2092,2049
14681,14681,0,2685,2049
14682,14682,0,3225,2049
14683,14683,0,3669,2049
14684,14684,0,3978,2049
14685,14685,0,4095,2049
14686,14686,0,4095,2050
14687,14687,0,3924,2049
14688,14688,0,3580,2048
14689,14689,0,3113,2049
14690,14690,0,2558,2049
14691,14691,0,1960,2049
14692,14692,0,1371,2049
14693,14693,0,835,2049
14694,14694,0,398,2049
14695,14695,0,98,2049
14696,14696,0,0,2049
14697,14697,0,0,2050
14698,14698,0,186,2050
14699,14699,0,537,2050
14700,14700,0,1012,2049
14701,14701,0,1571,2049
14702,14702,0,2169,2049
14703,14703,0,2757,2049
14704,14704,0,3287,2049
14705,14705,0,3716,2049
14706,14706,0,4007,2049
14707,14707,0,4095,2049
14708,14708,0,4095,2049
14709,14709,0,3888,2049
14710,14710,0,3527,2050
14711,14711,0,3047,2049
14712,14712,0,2482,2049
14713,14713,0,1883,2049
14714,14714,0,1298,2049
14715,14715,0,774,2050
14716,14716,0,353,2049
14717,14717,0,71,2049
14718,14718,0,0,2050
14719,14719,0,3,2049
14720,14720,0,222,2049
14721,14721,0,591,2049
14722,14722,0,1078,2049
14723,14723,0,1646,2049
14724,14724,0,2246,2049
14725,14725,0,2830,2049
14726,14726,0,3349,2050
14727,14727,0,3762,2049
14728,14728,0,4034,2049
14729,14729,0,4095,2049
14730,14730,0,4079,2049
14731,14731,0,3849,2049
14732,14732,0,3472,2049
14733,14733,0,2978,2050
14734,14734,0,2408,2050
14735,14735,0,1807,2050
14736,14736,0,1226,2049
14737,14737,0,713,2050
14738,14738,0,309,2049
14739,14739,0,46,2050
14740,14740,0,0,2050
14741,14741,0,21,2049
14742,14742,0,262,2049
14743,14743,0,647,2050
14744,14744,0,1148,2049
14745,14745,0,1722,2050
14746,14746,0,2323,2049
14747,14747,0,2901,2050
14748,14748,0,3408,2049
14749,14749,0,3805,2049
14750,14750,0,4057,2050
14751,14751,0,4095,2049
14752,14752,0,4058,2049
14753,14753,0,3809,2050
14754,14754,0,3415,2050
14755,14755,0,2908,2049
14756,14756,0,2331,2049
14757,14757,0,1731,2049
14758,14758,0,1156,2049
14759,14759,0,654,2050
14760,14760,0,266,2050
14761,14761,0,24,2050
14762,14762,0,0,2049
14763,14763,0,44,2049
14764,14764,0,303,2050
14765,14765,0,706,2049
14766,14766,0,1218,2049
14767,14767,0,1798,2049
14768,14768,0,2399,2049
14769,14769,0,2970,2049
14770,14770,0,3466,2049
14771,14771,0,3846,2049
14772,14772,0,4077,2049
14773,14773,0,4095,2049
14774,14774,0,4036,2049
14775,14775,0,3766,2050
14776,14776,0,3355,2049
14777,14777,0,2838,2049
14778,14778,0,2255,2049
14779,14779,0,1655,2049
14780,14780,0,1088,2049
14781,14781,0,598,2049
14782,14782,0,227,2050
14783,14783,0,6,2050
14784,14784,0,0,2049
14785,14785,0,68,2049
14786,14786,0,347,2049
14787,14787,0,765,2049
14788,14788,0,1289,2049
14789,14789,0,1874,2050
14790,14790,0,2474,2049
14791,14791,0,3039,2049
14792,14792,0,3521,2049
14793,14793,0,3884,2049
14794,14794,0,4095,2049
14795,14795,0,4095,2049
14796,14796,0,4010,2049
14797,14797,0,3722,2049
14798,14798,0,3295,2049
14799,14799,0,2766,2049
14800,14800,0,2178,2049
14801,14801,0,1579,2049
14802,14802,0,1019,2049
14803,14803,0,543,2049
14804,14804,0,190,2049
14805,14805,0,0,2049
14806,14806,0,0,2049
14807,14807,0,95,2050
14808,14808,0,394,2049
14809,14809,0,829,2049
14810,14810,0,1362,2049
14811,14811,0,1952,2049
14812,14812,0,2549,2050
14813,14813,0,3105,2049
14814,14814,0,3575,2049
14815,14815,0,3920,2049
14816,14816,0,4095,2049
14817,14817,0,4095,2049
14818,14818,0,3982,2049
14819,14819,0,3673,2049
14820,14820,0,3232,2049
14821,14821,0,2693,2049
14822,14822,0,2101,2049
14823,14823,0,1505,2049
14824,14824,0,953,2049
14825,14825,0,490,2049
14826,14826,0,155,2049
14827,14827,0,0,2049
14828,14828,0,0,2049
14829,14829,0,125,2049
14830,14830,0,443,2049
14831,14831,0,891,2049
14832,14832,0,1436,2048
14833,14833,0,2029,2049
14834,14834,0,2624,2049
14835,14835,0,3172,2049
14836,14836,0,3627,2049
14837,14837,0,3953,2049
14838,14838,0,4095,2049
14839,14839,0,4095,2049
14840,14840,0,3952,2049
14841,14841,0,3624,2049
14842,14842,0,3168,2049
14843,14843,0,2619,2049
14844,14844,0,2024,2049
14845,14845,0,1431,2049
14846,14846,0,888,2050
14847,14847,0,440,2049
14848,14848,0,123,2049
14849,14849,0,0,2050
14850,14850,0,0,2049
14851,14851,0,157,2049
14852,14852,0,494,2050
14853,14853,0,956,2049
14854,14854,0,1509,2049
14855,14855,0,2105,2049
14856,14856,0,2698,2050
14857,14857,0,3235,2049
14858,14858,0,3677,2049
14859,14859,0,3983,2050
14860,14860,0,4095,2049
14861,14861,0,4095,2049
14862,14862,0,3917,2049
14863,14863,0,3573,2050
14864,14864,0,3102,2050
14865,14865,0,2545,2050
14866,14866,0,1948,2049
14867,14867,0,1358,2049
14868,14868,0,824,2049
14869,14869,0,391,2049
14870,14870,0,93,2049
14871,14871,0,0,2050
14872,14872,0,0,2049
14873,14873,0,192,2049
14874,14874,0,545,2049
14875,14875,0,1022,2049
14876,14876,0,1584,2049
14877,14877,0,2182,2049
14878,14878,0,2770,2049
14879,14879,0,3298,2049
14880,14880,0,3724,2049
14881,14881,0,4012,2049
14882,14882,0,4095,2049
14883,14883,0,4094,2049
14884,14884,0,3881,2049
14885,14885,0,3519,2049
14886,14886,0,3035,2049
14887,14887,0,2471,2049
14888,14888,0,1870,2049
14889,14889,0,1285,2049
14890,14890,0,762,2049
14891,14891,0,346,2049
14892,14892,0,67,2050
14893,14893,0,0,2050
14894,14894,0,6,2049
14895,14895,0,229,2049
14896,14896,0,600,2049
14897,14897,0,1090,2049
14898,14898,0,1659,2050
14899,14899,0,2259,2049
14900,14900,0,2842,2049
14901,14901,0,3360,2049
14902,14902,0,3769,2048
14903,14903,0,4038,2050
14904,14904,0,4095,2049
14905,14905,0,4077,2050
14906,14906,0,3843,2049
14907,14907,0,3463,2049
14908,14908,0,2966,2050
14909,14909,0,2395,2049
14910,14910,0,1794,2049
14911,14911,0,1214,2049
14912,14912,0,703,2049
14913,14913,0,301,2050
14914,14914,0,42,2049
14915,14915,0,0,2050
14916,14916,0,25,2049
14917,14917,0,268,2049
14918,14918,0,657,2050
14919,14919,0,1160,2049
14920,14920,0,1735,2049
14921,14921,0,2335,2049
14922,14922,0,2912,2049
14923,14923,0,3418,2049
14924,14924,0,3812,2049
14925,14925,0,4061,2049
14926,14926,0,4095,2050
14927,14927,0,4055,2049
14928,14928,0,3802,2049
14929,14929,0,3405,2049
14930,14930,0,2896,2049
14931,14931,0,2318,2049
14932,14932,0,1717,2049
14933,14933,0,1145,2049
14934,14934,0,645,2049
14935,14935,0,260,2049
14936,14936,0,20,2050
14937,14937,0,0,2050
14938,14938,0,48,2049
14939,14939,0,310,2049
14940,14940,0,715,2050
14941,14941,0,1230,2048
14942,14942,0,1811,2049
14943,14943,0,2412,2050
14944,14944,0,2982,2049
14945,14945,0,3475,2049
14946,14946,0,3852,2049
14947,14947,0,4080,2049
14948,14948,0,4095,2049
14949,14949,0,4032,2049
14950,14950,0,3759,2049
14951,14951,0,3346,2049
14952,14952,0,2826,2049
14953,14953,0,2241,2049
14954,14954,0,1642,2049
14955,14955,0,1075,2049
14956,14956,0,588,2049
14957,14957,0,221,2049
14958,14958,0,2,2049
14959,14959,0,0,2049
14960,14960,0,73,2049
14961,14961,0,355,2049
14962,14962,0,776,2049
14963,14963,0,1302,2050
14964,14964,0,1888,2049
14965,14965,0,2486,2049
14966,14966,0,3050,2050
14967,14967,0,3530,2049
14968,14968,0,3890,2049
14969,14969,0,4095,2049
14970,14970,0,4095,2049
14971,14971,0,4006,2049
14972,14972,0,3714,2049
14973,14973,0,3284,2049
14974,14974,0,2754,2049
14975,14975,0,2166,2050
14976,14976,0,1567,2050
14977,14977,0,1008,2049
14978,14978,0,534,2049
14979,14979,0,184,2049
14980,14980,0,0,2049
14981,14981,0,0,2049
14982,14982,0,99,2049
14983,14983,0,402,2049
14984,14984,0,838,2049
14985,14985,0,1374,2049
14986,14986,0,1964,2049
14987,14987,0,2562,2050
14988,14988,0,3117,2049
14989,14989,0,3584,2049
14990,14990,0,3925,2049
14991,14991,0,4095,2049
14992,14992,0,4095,2049
14993,14993,0,3977,2049
14994,14994,0,3665,2050
14995,14995,0,3221,2049
14996,14996,0,2681,2049
14997,14997,0,2088,2049
14998,14998,0,1492,2049
14999,14999,0,941,2048
15000,15000,0,482,2050
15001,15001,0,149,2049
15002,15002,0,0,2050
15003,15003,0,0,2049
15004,15004,0,129,2049
15005,15005,0,450,2050
15006,15006,0,902,2049
15007,15007,0,1447,2049
15008,15008,0,2041,2049
15009,15009,0,2636,2049
15010,15010,0,3183,2049
15011,15011,0,3636,2049
15012,15012,0,3958,2049
15013,15013,0,4095,2049
15014,15014,0,4095,2049
15015,15015,0,3946,2049
15016,15016,0,3615,2049
15017,15017,0,3157,2048
15018,15018,0,2607,2049
15019,15019,0,2012,2049
15020,15020,0,1418,2049
15021,15021,0,877,2049
15022,15022,0,431,2049
15023,15023,0,118,2049
15024,15024,0,0,2049
15025,15025,0,0,2049
15026,15026,0,162,2049
15027,15027,0,502,2049
15028,15028,0,967,2050
15029,15029,0,1522,2050
15030,15030,0,2118,2049
15031,15031,0,2709,2049
15032,15032,0,3246,2050
15033,15033,0,3684,2049
15034,15034,0,3989,2049
15035,15035,0,4095,2049
15036,15036,0,4095,2049
15037,15037,0,3911,2049
15038,15038,0,3563,2049
15039,15039,0,3090,2049
15040,15040,0,2533,2049
15041,15041,0,1935,2048
15042,15042,0,1346,2049
15043,15043,0,814,2050
15044,15044,0,384,2049
15045,15045,0,89,2049
15046,15046,0,0,2049
15047,15047,0,0,2049
15048,15048,0,198,2049
15049,15049,0,554,2050
15050,15050,0,1033,2050
15051,15051,0,1595,2049
15052,15052,0,2195,2049
15053,15053,0,2782,2050
15054,15054,0,3308,2049
15055,15055,0,3732,2049
15056,15056,0,4016,2049
15057,15057,0,4095,2049
15058,15058,0,4091,2049
15059,15059,0,3875,2049
15060,15060,0,3509,2050
15061,15061,0,3024,2050
15062,15062,0,2458,2049
15063,15063,0,1858,2049
15064,15064,0,1274,2049
15065,15065,0,753,2049
15066,15066,0,338,2049
15067,15067,0,62,2049
15068,15068,0,0,2050
15069,15069,0,9,2048
15070,15070,0,235,2049
15071,15071,0,609,2048
15072,15072,0,1101,2049
15073,15073,0,1671,2049
15074,15074,0,2272,2049
15075,15075,0,2853,2049
15076,15076,0,3369,2049
15077,15077,0,3776,2049
15078,15078,0,4042,2050
15079,15079,0,4095,2049
15080,15080,0,4073,2048
15081,15081,0,3836,2050
15082,15082,0,3453,2049
15083,15083,0,2955,2049
15084,15084,0,2382,2050
15085,15085,0,1781,2050
15086,15086,0,1202,2049
15087,15087,0,694,2050
15088,15088,0,295,2049
15089,15089,0,38,2050
15090,15090,0,0,2050
15091,15091,0,29,2049
15092,15092,0,275,2049
15093,15093,0,667,2049
15094,15094,0,1172,2050
15095,15095,0,1747,2049
15096,15096,0,2347,2049
15097,15097,0,2924,2049
15098,15098,0,3428,2049
15099,15099,0,3819,2049
15100,15100,0,4064,2049
15101,15101,0,4095,2049
15102,15102,0,4051,2049
15103,15103,0,3795,2049
15104,15104,0,3395,2049
15105,15105,0,2884,2049
15106,15106,0,2305,2049
15107,15107,0,1705,2049
15108,15108,0,1133,2049
15109,15109,0,635,2050
15110,15110,0,253,2049
15111,15111,0,18,2049
15112,15112,0,0,2049
15113,15113,0,51,2049
15114,15114,0,318,2049
15115,15115,0,725,2049
15116,15116,0,1241,2049
15117,15117,0,1823,2049
15118,15118,0,2424,2050
15119,15119,0,2993,2049
15120,15120,0,3485,2049
15121,15121,0,3859,2049
15122,15122,0,4083,2049
15123,15123,0,4095,2049
15124,15124,0,4028,2050
15125,15125,0,3751,2049
15126,15126,0,3336,2049
15127,15127,0,2814,2049
15128,15128,0,2229,2049
15129,15129,0,1630,2049
15130,15130,0,1064,2049
15131,15131,0,579,2049
15132,15132,0,214,2049
15133,15133,0,0,2049
15134,15134,0,0,2049
15135,15135,0,76,2049
15136,15136,0,362,2050
15137,15137,0,786,2049
15138,15138,0,1313,2049
15139,15139,0,1900,2049
15140,15140,0,2500,2049
15141,15141,0,3061,2050
15142,15142,0,3540,2049
15143,15143,0,3896,2049
15144,15144,0,4095,2049
15145,15145,0,4095,2049
15146,15146,0,4001,2049
15147,15147,0,3705,2049
15148,15148,0,3273,2048
15149,15149,0,2742,2049
15150,15150,0,2152,2049
15151,15151,0,1555,2049
15152,15152,0,996,2049
15153,15153,0,525,2048
15154,15154,0,178,2049
15155,15155,0,0,2049
15156,15156,0,0,2049
15157,15157,0,104,2049
15158,15158,0,409,2049
15159,15159,0,849,2050
15160,15160,0,1386,2049
15161,15161,0,1977,2049
15162,15162,0,2574,2049
15163,15163,0,3128,2049
15164,15164,0,3593,2049
15165,15165,0,3930,2049
15166,15166,0,4095,2049
15167,15167,0,4095,2049
15168,15168,0,3972,2050
15169,15169,0,3657,2049
15170,15170,0,3211,2050
15171,15171,0,2669,2050
15172,15172,0,2076,2050
15173,15173,0,1480,2049
15174,15174,0,932,2050
15175,15175,0,473,2049
15176,15176,0,144,2049
15177,15177,0,0,2049
15178,15178,0,0,2049
15179,15179,0,135,2049
15180,15180,0,459,2050
15181,15181,0,913,2049
15182,15182,0,1459,2049
15183,15183,0,2054,2049
15184,15184,0,2648,2049
15185,15185,0,3193,2049
15186,15186,0,3643,2049
15187,15187,0,3963,2049
15188,15188,0,4095,2049
15189,15189,0,4095,2049
15190,15190,0,3941,2049
15191,15191,0,3606,2049
15192,15192,0,3146,2048
15193,15193,0,2595,2049
15194,15194,0,1999,2049
15195,15195,0,1406,2049
15196,15196,0,866,2050
15197,15197,0,423,2049
15198,15198,0,113,2050
15199,15199,0,0,2050
15200,15200,0,0,2049
15201,15201,0,168,2050
15202,15202,0,510,2049
15203,15203,0,978,2049
15204,15204,0,1533,2049
15205,15205,0,2131,2049
15206,15206,0,2721,2049
15207,15207,0,3256,2050
15208,15208,0,3692,2049
15209,15209,0,3993,2049
15210,15210,0,4095,2049
15211,15211,0,4095,2050
15212,15212,0,3906,2050
15213,15213,0,3554,2050
15214,15214,0,3079,2049
15215,15215,0,2520,2048
15216,15216,0,1922,2049
15217,15217,0,1334,2049
15218,15218,0,804,2049
15219,15219,0,376,2049
15220,15220,0,85,2049
15221,15221,0,0,2049
15222,15222,0,0,2050
15223,15223,0,204,2049
15224,15224,0,563,2049
15225,15225,0,1045,2050
15226,15226,0,1608,2049
15227,15227,0,2208,2049
15228,15228,0,2794,2049
15229,15229,0,3318,2049
15230,15230,0,3739,2049
15231,15231,0,4022,2049
15232,15232,0,4095,2050
15233,15233,0,4089,2049
15234,15234,0,3868,2049
15235,15235,0,3500,2049
15236,15236,0,3012,2049
15237,15237,0,2445,2049
15238,15238,0,1845,2050
15239,15239,0,1261,2049
15240,15240,0,743,2050
15241,15241,0,330,2049
15242,15242,0,58,2049
15243,15243,0,0,2050
15244,15244,0,12,2049
15245,15245,0,242,2050
15246,15246,0,620,2049
15247,15247,0,1113,2050
15248,15248,0,1684,2049
15249,15249,0,2285,2049
15250,15250,0,2865,2049
15251,15251,0,3379,2049
15252,15252,0,3783,2049
15253,15253,0,4046,2049
15254,15254,0,4095,2049
15255,15255,0,4069,2049
15256,15256,0,3830,2049
15257,15257,0,3444,2050
15258,15258,0,2942,2049
15259,15259,0,2369,2049
15260,15260,0,1768,2049
15261,15261,0,1191,2049
15262,15262,0,684,2049
15263,15263,0,287,2049
15264,15264,0,34,2049
15265,15265,0,0,2050
15266,15266,0,32,2049
15267,15267,0,283,2049
15268,15268,0,676,2049
15269,15269,0,1183,2049
15270,15270,0,1760,2050
15271,15271,0,2361,2049
15272,15272,0,2935,2049
15273,15273,0,3437,2049
15274,15274,0,3825,2049
15275,15275,0,4067,2049
15276,15276,0,4095,2049
15277,15277,0,4047,2049
15278,15278,0,3788,2049
15279,15279,0,3386,2050
15280,15280,0,2872,2049
15281,15281,0,2293,2050
15282,15282,0,1693,2049
15283,15283,0,1121,2049
15284,15284,0,625,2049
15285,15285,0,247,2049
15286,15286,0,15,2050
15287,15287,0,0,2050
15288,15288,0,56,2049
15289,15289,0,326,2049
15290,15290,0,735,2049
15291,15291,0,1253,2049
15292,15292,0,1836,2050
15293,15293,0,2436,2049
15294,15294,0,3004,2049
15295,15295,0,3494,2049
15296,15296,0,3865,2049
15297,15297,0,4086,2050
15298,15298,0,4095,2049
15299,15299,0,4023,2050
15300,15300,0,3743,2049
15301,15301,0,3326,2050
15302,15302,0,2802,2049
15303,15303,0,2217,2049
15304,15304,0,1617,2049
15305,15305,0,1053,2049
15306,15306,0,570,2049
15307,15307,0,208,2049
15308,15308,0,0,2049
15309,15309,0,0,2050
15310,15310,0,81,2049
15311,15311,0,371,2048
15312,15312,0,797,2049
15313,15313,0,1325,2048
15314,15314,0,1913,2050
15315,15315,0,2512,2049
15316,15316,0,3073,2049
15317,15317,0,3548,2049
15318,15318,0,3902,2049
15319,15319,0,4095,2049
15320,15320,0,4095,2049
15321,15321,0,3997,2048
15322,15322,0,3697,2049
15323,15323,0,3263,2049
15324,15324,0,2730,2049
15325,15325,0,2140,2049
15326,15326,0,1542,2049
15327,15327,0,985,2049
15328,15328,0,517,2049
15329,15329,0,172,2049
15330,15330,0,0,2049
15331,15331,0,0,2049
15332,15332,0,110,2050
15333,15333,0,418,2049
15334,15334,0,859,2049
15335,15335,0,1397,2049
15336,15336,0,1990,2050
15337,15337,0,2587,2049
15338,15338,0,3139,2049
15339,15339,0,3602,2049
15340,15340,0,3936,2049
15341,15341,0,4095,2049
15342,15342,0,4095,2049
15343,15343,0,3967,2049
15344,15344,0,3649,2049
15345,15345,0,3200,2049
15346,15346,0,2657,2049
15347,15347,0,2063,2049
15348,15348,0,1468,2049
15349,15349,0,920,2049
15350,15350,0,465,2049
15351,15351,0,139,2050
15352,15352,0,0,2049
15353,15353,0,0,2049
15354,15354,0,140,2049
15355,15355,0,467,2049
15356,15356,0,924,2050
15357,15357,0,1472,2049
15358,15358,0,2067,2049
15359,15359,0,2660,2049
15360,15360,0,3203,2050
15361,15361,0,3652,2049
15362,15362,0,3969,2049
15363,15363,0,4095,2049
15364,15364,0,4095,2050
15365,15365,0,3934,2049
15366,15366,0,3599,2049
15367,15367,0,3135,2049
15368,15368,0,2582,2049
15369,15369,0,1986,2049
15370,15370,0,1394,2048
15371,15371,0,856,2049
15372,15372,0,415,2049
15373,15373,0,108,2049
15374,15374,0,0,2049
15375,15375,0,0,2049
15376,15376,0,173,2049
15377,15377,0,520,2048
15378,15378,0,989,2049
15379,15379,0,1546,2049
15380,15380,0,2144,2049
15381,15381,0,2734,2049
15382,15382,0,3267,2049
15383,15383,0,3700,2049
15384,15384,0,3998,2049
15385,15385,0,4095,2049
15386,15386,0,4095,2050
15387,15387,0,3900,2049
15388,15388,0,3545,2049
15389,15389,0,3068,2049
15390,15390,0,2508,2049
15391,15391,0,1909,2049
15392,15392,0,1321,2049
15393,15393,0,793,2049
15394,15394,0,368,2050
15395,15395,0,79,2049
15396,15396,0,0,2049
15397,15397,0,0,2049
15398,15398,0,210,2048
15399,15399,0,572,2049
15400,15400,0,1057,2049
15401,15401,0,1621,2049
15402,15402,0,2221,2050
15403,15403,0,2805,2049
15404,15404,0,3329,2050
15405,15405,0,3747,2049
15406,15406,0,4024,2049
15407,15407,0,4095,2049
15408,15408,0,4085,2049
15409,15409,0,3862,2049
15410,15410,0,3490,2050
15411,15411,0,3001,2050
15412,15412,0,2432,2049
15413,15413,0,1832,2049
15414,15414,0,1250,2049
15415,15415,0,732,2049
15416,15416,0,323,2049
15417,15417,0,54,2049
15418,15418,0,0,2049
15419,15419,0,16,2049
15420,15420,0,249,2049
15421,15421,0,629,2050
15422,15422,0,1125,2049
15423,15423,0,1696,2049
15424,15424,0,2297,2050
15425,15425,0,2877,2049
15426,15426,0,3388,2050
15427,15427,0,3790,2049
15428,15428,0,4049,2049
15429,15429,0,4095,2049
15430,15430,0,4066,2049
15431,15431,0,3823,2049
15432,15432,0,3435,2050
15433,15433,0,2932,2049
15434,15434,0,2356,2050
15435,15435,0,1755,2050
15436,15436,0,1179,2049
15437,15437,0,674,2049
15438,15438,0,280,2049
15439,15439,0,31,2050
15440,15440,0,0,2049
15441,15441,0,36,2050
15442,15442,0,289,2050
15443,15443,0,686,2049
15444,15444,0,1195,2050
15445,15445,0,1773,2050
15446,15446,0,2373,2050
15447,15447,0,2947,2049
15448,15448,0,3447,2049
15449,15449,0,3832,2049
15450,15450,0,4070,2049
15451,15451,0,4095,2049
15452,15452,0,4044,2049
15453,15453,0,3781,2050
15454,15454,0,3376,2049
15455,15455,0,2862,2049
15456,15456,0,2280,2049
15457,15457,0,1681,2049
15458,15458,0,1109,2049
15459,15459,0,616,2049
15460,15460,0,241,2049
15461,15461,0,11,2049
15462,15462,0,0,2049
15463,15463,0,60,2049
15464,15464,0,332,2049
15465,15465,0,745,2049
15466,15466,0,1265,2049
15467,15467,0,1850,2049
15468,15468,0,2449,2049
15469,15469,0,3016,2049
15470,15470,0,3504,2049
15471,15471,0,3871,2050
15472,15472,0,4089,2049
15473,15473,0,4095,2049
15474,15474,0,4019,2049
15475,15475,0,3737,2049
15476,15476,0,3315,2049
15477,15477,0,2790,2050
15478,15478,0,2204,2049
15479,15479,0,1604,2049
15480,15480,0,1042,2050
15481,15481,0,561,2049
15482,15482,0,202,2049
15483,15483,0,0,2049
15484,15484,0,0,2049
15485,15485,0,85,2049
15486,15486,0,378,2049
15487,15487,0,807,2049
15488,15488,0,1337,2049
15489,15489,0,1925,2049
15490,15490,0,2525,2050
15491,15491,0,3084,2049
15492,15492,0,3558,2049
15493,15493,0,3908,2049
15494,15494,0,4095,2049
15495,15495,0,4095,2048
15496,15496,0,3991,2049
15497,15497,0,3690,2049
15498,15498,0,3252,2049
15499,15499,0,2718,2049
15500,15500,0,2127,2049
15501,15501,0,1529,2049
15502,15502,0,975,2048
15503,15503,0,508,2049
15504,15504,0,166,2049
15505,15505,0,0,2049
15506,15506,0,0,2049
15507,15507,0,113,2049
15508,15508,0,424,2049
15509,15509,0,870,2049
15510,15510,0,1411,2050
15511,15511,0,2004,2049
15512,15512,0,2599,2049
15513,15513,0,3149,2049
15514,15514,0,3610,2049
15515,15515,0,3942,2049
15516,15516,0,4095,2049
15517,15517,0,4095,2049
15518,15518,0,3962,2049
15519,15519,0,3640,2049
15520,15520,0,3189,2049
15521,15521,0,2644,2049
15522,15522,0,2050,2050
15523,15523,0,1455,2049
15524,15524,0,910,2049
15525,15525,0,457,2049
15526,15526,0,133,2049
15527,15527,0,0,2049
15528,15528,0,0,2049
15529,15529,0,146,2050
15530,15530,0,476,2049
15531,15531,0,934,2050
15532,15532,0,1484,2049
15533,15533,0,2080,2050
15534,15534,0,2672,2049
15535,15535,0,3214,2050
15536,15536,0,3661,2049
15537,15537,0,3973,2049
15538,15538,0,4095,2049
15539,15539,0,4095,2049
15540,15540,0,3929,2049
15541,15541,0,3589,2049
15542,15542,0,3124,2049
15543,15543,0,2570,2049
15544,15544,0,1973,2049
15545,15545,0,1382,2049
15546,15546,0,845,2049
15547,15547,0,407,2049
15548,15548,0,103,2049
15549,15549,0,0,2049
15550,15550,0,0,2049
15551,15551,0,180,2049
15552,15552,0,528,2050
15553,15553,0,1000,2049
15554,15554,0,1558,2050
15555,15555,0,2156,2049
15556,15556,0,2745,2050
15557,15557,0,3278,2049
15558,15558,0,3708,2049
15559,15559,0,4003,2049
15560,15560,0,4095,2049
15561,15561,0,4095,2049
15562,15562,0,3894,2049
15563,15563,0,3536,2050
15564,15564,0,3058,2049
15565,15565,0,2495,2050
15566,15566,0,1896,2049
15567,15567,0,1309,2049
15568,15568,0,783,2050
15569,15569,0,360,2049
15570,15570,0,76,2049
15571,15571,0,0,2049
15572,15572,0,0,2049
15573,15573,0,216,2049
15574,15574,0,581,2049
15575,15575,0,1068,2049
15576,15576,0,1633,2049
15577,15577,0,2233,2049
15578,15578,0,2818,2049
15579,15579,0,3338,2049
15580,15580,0,3754,2049
15581,15581,0,4029,2049
15582,15582,0,4095,2049
15583,15583,0,4082,2048
15584,15584,0,3856,2049
15585,15585,0,3481,2049
15586,15586,0,2988,2049
15587,15587,0,2420,2049
15588,15588,0,1820,2049
15589,15589,0,1238,2049
15590,15590,0,722,2049
15591,15591,0,316,2049
15592,15592,0,50,2049
15593,15593,0,0,2050
15594,15594,0,19,2049
15595,15595,0,255,2049
15596,15596,0,638,2049
15597,15597,0,1137,2049
15598,15598,0,1709,2049
15599,15599,0,2309,2049
15600,15600,0,2889,2049
15601,15601,0,3398,2049
15602,15602,0,3797,2049
15603,15603,0,4053,2049
15604,15604,0,4095,2050
15605,15605,0,4062,2049
15606,15606,0,3815,2049
15607,15607,0,3424,2049
15608,15608,0,2920,2049
15609,15609,0,2344,2049
15610,15610,0,1744,2049
15611,15611,0,1168,2050
15612,15612,0,664,2049
15613,15613,0,273,2050
15614,15614,0,28,2050
15615,15615,0,0,2049
15616,15616,0,40,2049
15617,15617,0,297,2050
15618,15618,0,696,2049
15619,15619,0,1207,2049
15620,15620,0,1785,2049
15621,15621,0,2385,2049
15622,15622,0,2958,2050
15623,15623,0,3457,2050
15624,15624,0,3839,2049
15625,15625,0,4074,2049
15626,15626,0,4095,2049
15627,15627,0,4040,2049
15628,15628,0,3773,2050
15629,15629,0,3365,2049
15630,15630,0,2850,2049
15631,15631,0,2267,2049
15632,15632,0,1668,2049
15633,15633,0,1099,2049
15634,15634,0,607,2050
15635,15635,0,233,2049
15636,15636,0,9,2050
15637,15637,0,0,2049
15638,15638,0,64,2049
15639,15639,0,340,2049
15640,15640,0,756,2049
15641,15641,0,1277,2049
15642,15642,0,1862,2049
15643,15643,0,2461,2049
15644,15644,0,3028,2049
15645,15645,0,3512,2049
15646,15646,0,3878,2049
15647,15647,0,4092,2050
15648,15648,0,4095,2049
15649,15649,0,4015,2050
15650,15650,0,3729,2049
15651,15651,0,3305,2049
15652,15652,0,2777,2050
15653,15653,0,2191,2049
15654,15654,0,1592,2050
15655,15655,0,1030,2049
15656,15656,0,552,2049
15657,15657,0,196,2050
15658,15658,0,0,2049
15659,15659,0,0,2048
15660,15660,0,90,2050
15661,15661,0,386,2048
15662,15662,0,817,2050
15663,15663,0,1350,2049
15664,15664,0,1939,2049
15665,15665,0,2537,2049
15666,15666,0,3095,2049
15667,15667,0,3567,2050
15668,15668,0,3914,2049
15669,15669,0,4095,2049
15670,15670,0,4095,2049
15671,15671,0,3986,2049
15672,15672,0,3682,2050
15673,15673,0,3242,2049
15674,15674,0,2705,2048
15675,15675,0,2114,2049
15676,15676,0,1518,2049
15677,15677,0,964,2049
15678,15678,0,499,2049
15679,15679,0,161,2049
15680,15680,0,0,2049
15681,15681,0,0,2050
15682,15682,0,119,2049
15683,15683,0,434,2049
15684,15684,0,880,2049
15685,15685,0,1423,2048
15686,15686,0,2016,2049
15687,15687,0,2611,2049
15688,15688,0,3160,2049
15689,15689,0,3618,2050
15690,15690,0,3948,2049
15691,15691,0,4095,2049
15692,15692,0,4095,2049
15693,15693,0,3957,2049
15694,15694,0,3632,2049
15695,15695,0,3179,2049
15696,15696,0,2632,2050
15697,15697,0,2037,2050
15698,15698,0,1443,2049
15699,15699,0,899,2049
15700,15700,0,447,2049
15701,15701,0,128,2049
15702,15702,0,0,2049
15703,15703,0,0,2049
15704,15704,0,151,2050
15705,15705,0,485,2050
15706,15706,0,944,2049
15707,15707,0,1496,2049
15708,15708,0,2093,2048
15709,15709,0,2685,2049
15710,15710,0,3225,2049
15711,15711,0,3668,2049
15712,15712,0,3979,2049
15713,15713,0,4095,2049
15714,15714,0,4095,2049
15715,15715,0,3923,2049
15716,15716,0,3581,2049
15717,15717,0,3114,2049
15718,15718,0,2558,2049
15719,15719,0,1961,2050
15720,15720,0,1370,2049
15721,15721,0,835,2049
15722,15722,0,399,2049
15723,15723,0,98,2049
15724,15724,0,0,2049
15725,15725,0,0,2049
15726,15726,0,185,2050
15727,15727,0,537,2050
15728,15728,0,1011,2050
15729,15729,0,1571,2049
15730,15730,0,2169,2049
15731,15731,0,2758,2049
15732,15732,0,3288,2049
15733,15733,0,3716,2050
15734,15734,0,4007,2049
15735,15735,0,4095,2049
15736,15736,0,4095,2049
15737,15737,0,3888,2050
15738,15738,0,3527,2050
15739,15739,0,3046,2049
15740,15740,0,2483,2050
15741,15741,0,1884,2049
15742,15742,0,1298,2049
15743,15743,0,773,2050
15744,15744,0,353,2049
15745,15745,0,71,2050
15746,15746,0,0,2049
15747,15747,0,3,2050
15748,15748,0,222,2050
15749,15749,0,592,2049
15750,15750,0,1079,2050
15751,15751,0,1646,2049
15752,15752,0,2246,2049
15753,15753,0,2829,2049
15754,15754,0,3350,2049
15755,15755,0,3762,2049
15756,15756,0,4033,2049
15757,15757,0,4095,2049
15758,15758,0,4079,2049
15759,15759,0,3849,2049
15760,15760,0,3472,2049
15761,15761,0,2978,2050
15762,15762,0,2408,2049
15763,15763,0,1808,2050
15764,15764,0,1226,2050
15765,15765,0,712,2049
15766,15766,0,309,2049
15767,15767,0,46,2049
15768,15768,0,0,2049
15769,15769,0,22,2049
15770,15770,0,261,2049
15771,15771,0,647,2049
15772,15772,0,1148,2049
15773,15773,0,1721,2049
15774,15774,0,2322,2049
15775,15775,0,2901,2049
15776,15776,0,3408,2050
15777,15777,0,3805,2049
15778,15778,0,4056,2049
15779,15779,0,4095,2049
15780,15780,0,4060,2049
15781,15781,0,3809,2049
15782,15782,0,3415,2049
15783,15783,0,2908,2049
15784,15784,0,2331,2050
15785,15785,0,1731,2050
15786,15786,0,1156,2049
15787,15787,0,654,2049
15788,15788,0,267,2049
15789,15789,0,25,2049
15790,15790,0,0,2049
15791,15791,0,44,2050
15792,15792,0,303,2049
15793,15793,0,706,2049
15794,15794,0,1217,2050
15795,15795,0,1798,2049
15796,15796,0,2399,2050
15797,15797,0,2970,2049
15798,15798,0,3466,2049
15799,15799,0,3846,2049
15800,15800,0,4077,2049
15801,15801,0,4095,2049
15802,15802,0,4036,2049
15803,15803,0,3767,2049
15804,15804,0,3356,2049
15805,15805,0,2838,2049
15806,15806,0,2255,2049
15807,15807,0,1655,2049
15808,15808,0,1088,2049
15809,15809,0,598,2050
15810,15810,0,227,2049
15811,15811,0,5,2049
15812,15812,0,0,2050
15813,15813,0,67,2049
15814,15814,0,347,2049
15815,15815,0,765,2049
15816,15816,0,1289,2049
15817,15817,0,1874,2049
15818,15818,0,2474,2049
15819,15819,0,3038,2049
15820,15820,0,3522,2049
15821,15821,0,3884,2049
15822,15822,0,4095,2049
15823,15823,0,4095,2049
15824,15824,0,4010,2049
15825,15825,0,3721,2049
15826,15826,0,3295,2050
15827,15827,0,2766,2050
15828,15828,0,2178,2049
15829,15829,0,1580,2049
15830,15830,0,1020,2049
15831,15831,0,543,2049
15832,15832,0,190,2049
15833,15833,0,0,2049
15834,15834,0,0,2049
15835,15835,0,95,2049
15836,15836,0,394,2049
15837,15837,0,828,2050
15838,15838,0,1362,2048
15839,15839,0,1951,2049
15840,15840,0,2549,2049
15841,15841,0,3105,2049
15842,15842,0,3575,2049
15843,15843,0,3920,2049
15844,15844,0,4095,2049
15845,15845,0,4095,2049
15846,15846,0,3982,2049
15847,15847,0,3674,2049
15848,15848,0,3232,2049
15849,15849,0,2693,2049
15850,15850,0,2101,2049
15851,15851,0,1505,2049
15852,15852,0,953,2050
15853,15853,0,491,2049
15854,15854,0,155,2049
15855,15855,0,0,2049
15856,15856,0,0,2049
15857,15857,0,124,2049
15858,15858,0,442,2049
15859,15859,0,891,2049
15860,15860,0,1434,2049
15861,15861,0,2029,2050
15862,15862,0,2623,2049
15863,15863,0,3171,2049
15864,15864,0,3627,2049
15865,15865,0,3953,2049
15866,15866,0,4095,2049
15867,15867,0,4095,2049
15868,15868,0,3951,2049
15869,15869,0,3623,2049
15870,15870,0,3168,2049
15871,15871,0,2619,2049
15872,15872,0,2025,2049
15873,15873,0,1431,2049
15874,15874,0,888,2049
15875,15875,0,440,2049
15876,15876,0,123,2049
15877,15877,0,0,2050
15878,15878,0,0,2049
15879,15879,0,156,2049
15880,15880,0,493,2049
15881,15881,0,956,2050
15882,15882,0,1508,2049
15883,15883,0,2106,2049
15884,15884,0,2696,2050
15885,15885,0,3235,2050
15886,15886,0,3676,2049
15887,15887,0,3984,2049
15888,15888,0,4095,2049
15889,15889,0,4095,2050
15890,15890,0,3917,2049
15891,15891,0,3572,2049
15892,15892,0,3102,2048
15893,15893,0,2545,2049
15894,15894,0,1948,2049
15895,15895,0,1358,2050
15896,15896,0,824,2049
15897,15897,0,391,2049
15898,15898,0,93,2049
15899,15899,0,0,2049
15900,15900,0,0,2049
15901,15901,0,191,2049
15902,15902,0,546,2049
15903,15903,0,1022,2049
15904,15904,0,1584,2049
15905,15905,0,2182,2050
15906,15906,0,2770,2048
15907,15907,0,3298,2050
15908,15908,0,3724,2049
15909,15909,0,4012,2049
15910,15910,0,4095,2050
15911,15911,0,4094,2049
15912,15912,0,3881,2049
15913,15913,0,3518,2050
15914,15914,0,3034,2049
15915,15915,0,2470,2048
15916,15916,0,1871,2050
15917,15917,0,1286,2049
15918,15918,0,763,2049
15919,15919,0,345,2049
15920,15920,0,67,2049
15921,15921,0,0,2049
15922,15922,0,6,2050
15923,15923,0,229,2049
15924,15924,0,599,2050
15925,15925,0,1090,2049
15926,15926,0,1658,2049
15927,15927,0,2259,2049
15928,15928,0,2842,2049
15929,15929,0,3360,2050
15930,15930,0,3768,2050
15931,15931,0,4037,2049
15932,15932,0,4095,2049
15933,15933,0,4076,2050
15934,15934,0,3843,2049
15935,15935,0,3463,2049
15936,15936,0,2966,2050
15937,15937,0,2395,2049
15938,15938,0,1795,2049
15939,15939,0,1215,2049
15940,15940,0,702,2049
15941,15941,0,301,2050
15942,15942,0,43,2050
15943,15943,0,0,2049
15944,15944,0,25,2049
15945,15945,0,268,2048
15946,15946,0,657,2049
15947,15947,0,1160,2050
15948,15948,0,1734,2049
15949,15949,0,2335,2049
15950,15950,0,2912,2050
15951,15951,0,3418,2048
15952,15952,0,3811,2049
15953,15953,0,4060,2049
15954,15954,0,4095,2049
15955,15955,0,4055,2049
15956,15956,0,3802,2050
15957,15957,0,3405,2049
15958,15958,0,2897,2049
15959,15959,0,2318,2049
15960,15960,0,1719,2050
15961,15961,0,1145,2050
15962,15962,0,645,2049
15963,15963,0,260,2049
15964,15964,0,21,2049
15965,15965,0,0,2049
15966,15966,0,48,2049
15967,15967,0,311,2049
15968,15968,0,715,2049
15969,15969,0,1229,2049
15970,15970,0,1810,2049
15971,15971,0,2411,2049
15972,15972,0,2981,2050
15973,15973,0,3475,2049
15974,15974,0,3852,2050
15975,15975,0,4080,2049
15976,15976,0,4095,2050
15977,15977,0,4032,2049
15978,15978,0,3759,2049
15979,15979,0,3345,2049
15980,15980,0,2826,2049
15981,15981,0,2242,2049
15982,15982,0,1643,2049
15983,15983,0,1076,2049
15984,15984,0,588,2049
15985,15985,0,220,2049
15986,15986,0,2,2049
15987,15987,0,0,2049
15988,15988,0,72,2049
15989,15989,0,355,2050
15990,15990,0,777,2049
15991,15991,0,1301,2050
15992,15992,0,1887,2049
15993,15993,0,2487,2049
15994,15994,0,3050,2049
15995,15995,0,3530,2049
15996,15996,0,3890,2049
15997,15997,0,4095,2050
15998,15998,0,4095,2050
15999,15999,0,4006,2050
16000,16000,0,3713,2049
16001,16001,0,3284,2049
16002,16002,0,2754,2050
16003,16003,0,2166,2049
16004,16004,0,1567,2050
16005,16005,0,1008,2049
16006,16006,0,534,2049
16007,16007,0,184,2049
16008,16008,0,0,2049
16009,16009,0,0,2049
16010,16010,0,100,2050
16011,16011,0,402,2048
16012,16012,0,838,2049
16013,16013,0,1373,2049
16014,16014,0,1964,2049
16015,16015,0,2562,2049
16016,16016,0,3117,2049
16017,16017,0,3584,2048
16018,16018,0,3925,2049
16019,16019,0,4095,2049
16020,16020,0,4095,2049
16021,16021,0,3977,2049
16022,16022,0,3665,2050
16023,16023,0,3221,2049
16024,16024,0,2682,2049
16025,16025,0,2088,2048
16026,16026,0,1493,2050
16027,16027,0,942,2049
16028,16028,0,481,2049
16029,16029,0,149,2049
16030,16030,0,0,2048
16031,16031,0,0,2048
16032,16032,0,129,2049
16033,16033,0,450,2049
16034,16034,0,901,2049
16035,16035,0,1447,2049
16036,16036,0,2041,2049
16037,16037,0,2636,2049
16038,16038,0,3182,2049
16039,16039,0,3635,2049
16040,16040,0,3958,2049
16041,16041,0,4095,2050
16042,16042,0,4095,2049
16043,16043,0,3946,2049
16044,16044,0,3615,2049
16045,16045,0,3157,2049
16046,16046,0,2608,2049
16047,16047,0,2012,2049
16048,16048,0,1418,2050
16049,16049,0,878,2049
16050,16050,0,432,2049
16051,16051,0,118,2049
16052,16052,0,0,2049
16053,16053,0,0,2049
16054,16054,0,162,2049
16055,16055,0,501,2049
16056,16056,0,966,2050
16057,16057,0,1521,2049
16058,16058,0,2118,2049
16059,16059,0,2709,2049
16060,16060,0,3246,2050
16061,16061,0,3684,2049
16062,16062,0,3988,2050
16063,16063,0,4095,2049
16064,16064,0,4095,2049
16065,16065,0,3911,2050
16066,16066,0,3564,2049
16067,16067,0,3091,2049
16068,16068,0,2533,2049
16069,16069,0,1935,2049
16070,16070,0,1346,2049
16071,16071,0,814,2049
16072,16072,0,383,2048
16073,16073,0,89,2049
16074,16074,0,0,2049
16075,16075,0,0,2049
16076,16076,0,197,2049
16077,16077,0,555,2050
16078,16078,0,1033,2048
16079,16079,0,1595,2049
16080,16080,0,2195,2049
16081,16081,0,2782,2049
16082,16082,0,3308,2049
16083,16083,0,3732,2050
16084,16084,0,4017,2049
16085,16085,0,4095,2050
16086,16086,0,4091,2050
16087,16087,0,3875,2049
16088,16088,0,3510,2049
16089,16089,0,3024,2050
16090,16090,0,2458,2049
16091,16091,0,1859,2049
16092,16092,0,1273,2049
16093,16093,0,752,2049
16094,16094,0,338,2049
16095,16095,0,62,2050
16096,16096,0,0,2050
16097,16097,0,9,2050
16098,16098,0,235,2049
16099,16099,0,610,2049
16100,16100,0,1102,2050
16101,16101,0,1671,2049
16102,16102,0,2271,2049
16103,16103,0,2852,2049
16104,16104,0,3369,2049
16105,16105,0,3776,2049
16106,16106,0,4042,2050
16107,16107,0,4095,2050
16108,16108,0,4073,2049
16109,16109,0,3836,2049
16110,16110,0,3453,2049
16111,16111,0,2955,2050
16112,16112,0,2382,2049
16113,16113,0,1781,2050
16114,16114,0,1203,2049
16115,16115,0,694,2049
16116,16116,0,295,2049
16117,16117,0,39,2049
16118,16118,0,0,2050
16119,16119,0,29,2049
16120,16120,0,275,2049
16121,16121,0,667,2050
16122,16122,0,1171,2050
16123,16123,0,1747,2049
16124,16124,0,2347,2049
16125,16125,0,2923,2049
16126,16126,0,3428,2049
16127,16127,0,3819,2049
16128,16128,0,4064,2050
16129,16129,0,4095,2049
16130,16130,0,4052,2049
16131,16131,0,3795,2049
16132,16132,0,3395,2049
16133,16133,0,2885,2049
16134,16134,0,2306,2049
16135,16135,0,1705,2049
16136,16136,0,1133,2050
16137,16137,0,635,2049
16138,16138,0,254,2048
16139,16139,0,17,2049
16140,16140,0,0,2049
16141,16141,0,51,2049
16142,16142,0,317,2049
16143,16143,0,725,2050
16144,16144,0,1242,2049
16145,16145,0,1823,2049
16146,16146,0,2423,2049
16147,16147,0,2993,2049
16148,16148,0,3484,2049
16149,16149,0,3858,2049
16150,16150,0,4083,2049
16151,16151,0,4095,2049
16152,16152,0,4027,2049
16153,16153,0,3752,2049
16154,16154,0,3335,2050
16155,16155,0,2814,2049
16156,16156,0,2229,2049
16157,16157,0,1630,2049
16158,16158,0,1064,2050
16159,16159,0,579,2049
16160,16160,0,215,2049
16161,16161,0,0,2049
16162,16162,0,0,2049
16163,16163,0,76,2050
16164,16164,0,362,2049
16165,16165,0,786,2049
16166,16166,0,1313,2049
16167,16167,0,1899,2049
16168,16168,0,2499,2050
16169,16169,0,3061,2049
16170,16170,0,3540,2049
16171,16171,0,3896,2049
16172,16172,0,4095,2049
16173,16173,0,4095,2049
16174,16174,0,4001,2049
16175,16175,0,3705,2049
16176,16176,0,3273,2049
16177,16177,0,2742,2049
16178,16178,0,2153,2049
16179,16179,0,1555,2049
16180,16180,0,996,2050
16181,16181,0,526,2049
16182,16182,0,178,2049
16183,16183,0,0,2049
16184,16184,0,0,2050
16185,16185,0,104,2049
16186,16186,0,410,2049
16187,16187,0,849,2050
16188,16188,0,1385,2049
16189,16189,0,1977,2050
16190,16190,0,2574,2049
16191,16191,0,3127,2050
16192,16192,0,3592,2050
16193,16193,0,3931,2049
16194,16194,0,4095,2049
16195,16195,0,4095,2050
16196,16196,0,3972,2050
16197,16197,0,3657,2049
16198,16198,0,3211,2049
16199,16199,0,2669,2050
16200,16200,0,2076,2049
16201,16201,0,1481,2049
16202,16202,0,931,2049
16203,16203,0,473,2049
16204,16204,0,144,2049
16205,16205,0,0,2050
16206,16206,0,0,2049
16207,16207,0,135,2050
16208,16208,0,458,2049
16209,16209,0,912,2049
16210,16210,0,1459,2049
16211,16211,0,2054,2050
16212,16212,0,2648,2049
16213,16213,0,3192,2049
16214,16214,0,3644,2049
16215,16215,0,3963,2049
16216,16216,0,4095,2049
16217,16217,0,4095,2049
16218,16218,0,3941,2049
16219,16219,0,3607,2049
16220,16220,0,3146,2050
16221,16221,0,2595,2049
16222,16222,0,1998,2049
16223,16223,0,1407,2050
16224,16224,0,866,2049
16225,16225,0,424,2050
16226,16226,0,114,2049
16227,16227,0,0,2049
16228,16228,0,0,2049
16229,16229,0,168,2049
16230,16230,0,510,2049
16231,16231,0,977,2049
16232,16232,0,1533,2049
16233,16233,0,2130,2049
16234,16234,0,2721,2049
16235,16235,0,3257,2050
16236,16236,0,3692,2049
16237,16237,0,3993,2050
16238,16238,0,4095,2049
16239,16239,0,4095,2049
16240,16240,0,3906,2049
16241,16241,0,3555,2049
16242,16242,0,3080,2049
16243,16243,0,2520,2049
16244,16244,0,1922,2049
16245,16245,0,1334,2050
16246,16246,0,804,2049
16247,16247,0,376,2049
16248,16248,0,84,2049
16249,16249,0,0,2049
16250,16250,0,0,2049
16251,16251,0,204,2050
16252,16252,0,563,2050
16253,16253,0,1045,2049
16254,16254,0,1608,2049
16255,16255,0,2207,2049
16256,16256,0,2793,2049
16257,16257,0,3318,2049
16258,16258,0,3739,2048
16259,16259,0,4021,2050
16260,16260,0,4095,2049
16261,16261,0,4088,2049
16262,16262,0,3869,2049
16263,16263,0,3500,2049
16264,16264,0,3012,2049
16265,16265,0,2445,2049
16266,16266,0,1845,2049
16267,16267,0,1262,2049
16268,16268,0,743,2049
16269,16269,0,330,2049
16270,16270,0,58,2049
16271,16271,0,0,2048
16272,16272,0,13,2048
16273,16273,0,242,2049
16274,16274,0,619,2049
16275,16275,0,1112,2049
16276,16276,0,1683,2049
16277,16277,0,2285,2049
16278,16278,0,2865,2049
16279,16279,0,3379,2049
16280,16280,0,3783,2050
16281,16281,0,4045,2049
16282,16282,0,4095,2049
16283,16283,0,4070,2049
16284,16284,0,3829,2049
16285,16285,0,3444,2049
16286,16286,0,2944,2049
16287,16287,0,2369,2050
16288,16288,0,1769,2049
16289,16289,0,1191,2050
16290,16290,0,683,2049
16291,16291,0,287,2049
16292,16292,0,35,2049
16293,16293,0,0,2050
16294,16294,0,33,2049
16295,16295,0,282,2049
16296,16296,0,676,2049
16297,16297,0,1183,2049
16298,16298,0,1760,2049
16299,16299,0,2360,2049
16300,16300,0,2935,2049
16301,16301,0,3438,2049
16302,16302,0,3825,2050
16303,16303,0,4067,2049
16304,16304,0,4095,2050
16305,16305,0,4047,2049
16306,16306,0,3788,2049
16307,16307,0,3386,2049
16308,16308,0,2873,2049
16309,16309,0,2293,2049
16310,16310,0,1692,2049
16311,16311,0,1121,2048
16312,16312,0,626,2049
16313,16313,0,246,2049
16314,16314,0,14,2049
16315,16315,0,0,2049
16316,16316,0,56,2049
16317,16317,0,326,2049
16318,16318,0,736,2049
16319,16319,0,1254,2050
16320,16320,0,1836,2049
16321,16321,0,2436,2049
16322,16322,0,3004,2049
16323,16323,0,3494,2049
16324,16324,0,3865,2049
16325,16325,0,4086,2050
16326,16326,0,4095,2049
16327,16327,0,4024,2049
16328,16328,0,3743,2049
16329,16329,0,3325,2049
16330,16330,0,2802,2049
16331,16331,0,2217,2050
16332,16332,0,1617,2049
16333,16333,0,1053,2050
16334,16334,0,570,2049
16335,16335,0,208,2049
16336,16336,0,0,2049
16337,16337,0,0,2049
16338,16338,0,81,2050
16339,16339,0,370,2049
16340,16340,0,796,2049
16341,16341,0,1325,2049
16342,16342,0,1913,2049
16343,16343,0,2512,2049
16344,16344,0,3072,2049
16345,16345,0,3548,2049
16346,16346,0,3902,2049
16347,16347,0,4095,2049
16348,16348,0,4095,2049
16349,16349,0,3997,2049
16350,16350,0,3698,2049
16351,16351,0,3263,2049
16352,16352,0,2730,2049
16353,16353,0,2140,2049
16354,16354,0,1542,2049
16355,16355,0,986,2049
16356,16356,0,517,2050
16357,16357,0,172,2049
16358,16358,0,0,2049
16359,16359,0,0,2049
16360,16360,0,109,2050
16361,16361,0,417,2049
16362,16362,0,859,2049
16363,16363,0,1398,2049
16364,16364,0,1990,2049
16365,16365,0,2586,2049
16366,16366,0,3139,2049
16367,16367,0,3601,2049
16368,16368,0,3936,2049
16369,16369,0,4095,2049
16370,16370,0,4095,2049
16371,16371,0,3967,2049
16372,16372,0,3648,2049
16373,16373,0,3201,2049
16374,16374,0,2657,2048
16375,16375,0,2063,2049
16376,16376,0,1468,2049
16377,16377,0,920,2050
16378,16378,0,465,2049
16379,16379,0,139,2050
16380,16380,0,0,2049
16381,16381,0,0,2049
16382,16382,0,140,2049
16383,16383,0,467,2050
